879 50 483 980 183 526 68 408 496 1048
231 12 891 1043 38 1029 1127 266 491 827
550 825 492 395 248 1093 718 1074 307 564
287 177 1129 63 997 994 646 988 554 360
445 163 158 229 499 435 894 70 412 663
641 725 977 396 34 39 25 624 1135 1120
1073 770 253 430 1161 695 355 594 274 364
368 308 381 202 586 979 923 264 936 1070
517 488 1051 922 989 1000 273 987 649 529
451 339 411 213 721 955 759 653 97 568
447 360 994 197 646 1107 554 878 159 1006
789 898 283 346 634 707 930 133 96 966
38 1 231 891 956 1127 827 1043 1029 278
165 815 1094 188 782 216 1145 652 664 864
91 1128 732 1022 184 113 29 1147 408 413
374 545 558 754 720 1114 1028 953 1017 1151
415 1125 1142 745 524 318 125 774 1082 947
124 662 935 48 291 41 614 665 738 369
452 643 806 108 311 282 656 73 820 1101
238 480 366 364 813 594 274 384 1161 722
245 851 489 840 153 938 93 682 233 416
286 52 746 945 684 778 1014 219 625 27
796 353 661 137 83 611 1017 239 986 1028
1041 143 417 1137 520 866 744 956 1021 1123
1075 288 334 903 496 1004 1002 807 330 937
977 453 5 725 964 641 34 396 428 60
632 129 1164 281 883 762 1097 867 790 110
778 69 940 821 746 951 772 1062 583 286
636 966 481 77 96 874 708 552 336 1131
651 184 228 880 804 113 836 1048 91 732
819 824 246 1039 33 591 105 200 326 289
795 929 314 425 826 62 753 45 1104 468
475 433 449 670 142 560 932 1134 154 701
591 289 1092 326 30 819 760 824 601 600
725 428 977 5 472 649 1135 529 25 641
1084 55 736 582 81 315 100 537 638 439
114 1090 325 378 698 719 94 617 1155 504
511 1043 523 249 891 231 714 266 1112 1071
12 956 520 1 278 827 231 711 1127 1137
1135 624 649 376 768 5 641 725 157 396
886 889 998 86 668 799 1119 805 328 115
665 291 614 678 662 17 935 124 1086 240
569 431 506 101 622 495 629 1079 897 209
116 168 731 910 1053 226 71 1150 539 590
74 763 211 932 560 925 670 475 391 701
370 425 795 1117 62 31 254 329 929 1104
683 178 261 132 1146 126 995 562 1108 92
660 568 743 653 494 793 213 451 955 917
369 124 320 17 1086 614 1023 662 382 291
53 212 162 839 970 963 107 438 1136 95
526 0 1048 879 183 408 980 113 483 880
364 293 477 480 253 355 1073 358 19 770
21 945 286 684 746 1132 1014 625 521 996
162 49 970 212 839 893 107 335 438 394
169 1118 1046 400 1068 352 518 748 941 337
35 582 1084 315 736 537 81 439 100 1081
610 552 1106 874 481 785 189 966 96 28
589 1147 1111 732 244 228 347 379 91 651
450 247 332 908 1096 809 1040 621 316 300
233 1034 93 342 682 567 498 245 20 186
493 964 285 453 478 25 781 1025 967 977
888 845 1036 941 767 359 192 689 862 1046
425 1104 795 31 347 45 314 379 1111 929
177 988 3 1056 287 197 994 1107 447 1129
703 999 900 403 350 1030 390 443 655 765
486 729 647 679 505 942 663 298 705 1160
172 835 843 80 544 1138 648 333 783 578
487 926 371 856 419 156 515 859 680 380
980 906 183 937 879 483 669 277 0 496
27 940 778 1062 772 821 157 951 987 746
942 894 679 412 729 445 158 4 499 65
1053 539 731 802 168 230 43 189 116 785
1071 174 297 249 713 1112 473 363 546 860
656 1101 722 820 108 452 366 444 311 18
44 932 560 763 670 475 211 32 925 701
1067 991 920 726 972 383 1095 576 130 90
905 828 733 829 638 580 198 100 928 904
636 708 28 1131 481 966 501 874 984 552
875 1139 241 608 727 593 868 536 606 422
756 605 710 1035 712 343 615 749 657 896
843 333 1138 66 172 180 1149 835 544 578
100 736 1084 638 733 35 828 55 76 582
217 166 818 329 254 1117 259 939 370 1091
661 1028 353 1017 22 545 720 796 15 558
349 573 1031 497 597 784 538 263 155 457
943 351 811 398 984 179 501 222 855 1131
115 889 685 328 623 40 871 668 886 724
182 757 543 742 885 957 367 859 203 156
435 1136 229 963 839 163 225 686 392 212
1063 329 131 939 379 818 962 217 1111 98
383 972 920 576 1067 837 127 75 709 832
14 732 1128 1147 29 184 1022 651 113 57
723 562 222 126 132 398 943 178 85 46
682 233 498 59 954 1034 851 20 489 533
698 504 362 227 114 667 921 719 36 325
392 438 225 107 839 686 963 212 1136 49
336 966 472 481 28 874 428 636 552 634
985 759 974 1072 109 721 411 853 224 339
541 131 409 1063 968 626 764 944 89 962
877 650 298 792 418 705 470 1160 505 769
81 638 736 733 1084 828 35 76 55 905
495 431 1079 42 209 569 506 673 622 420
340 471 251 786 700 469 701 690 475 560
210 1115 128 895 574 513 613 924 295 644
175 854 387 410 881 887 159 671 1107 769
246 873 819 1102 601 289 190 30 296 591
812 160 559 112 484 639 814 223 391 239
438 335 95 127 53 49 162 212 970 392
311 452 863 18 1101 643 73 842 722 656
721 1072 985 411 224 97 339 759 9 974
883 302 1164 817 632 847 490 547 482 26
579 1089 446 1059 913 730 1099 871 882 869
160 223 106 239 484 812 814 137 796 525
184 408 29 183 1048 526 880 50 1128 14
36 698 325 719 94 1090 378 504 362 227
86 685 623 871 889 724 328 1099 356 1024
43 910 168 226 731 1150 1053 590 71 539
1047 797 266 936 923 891 714 523 586 681
793 794 122 653 1060 568 919 339 9 47
1032 151 860 1113 236 901 363 713 176 696
188 1068 815 960 169 1078 787 848 607 748
242 808 519 141 628 195 206 659 299 1024
794 1060 919 118 389 793 852 653 411 339
456 878 554 516 997 150 646 654 1129 170
17 48 662 369 614 291 935 41 1086 320
524 584 1142 645 415 565 16 304 1125 424
132 562 178 92 46 723 683 222 261 398
335 709 837 576 832 972 107 970 90 1003
305 1115 613 146 312 103 574 138 969 354
26 281 632 762 1164 463 790 1097 883 1148
1095 316 726 1040 991 1096 75 332 198 196
98 1063 89 541 626 962 968 379 939 409
126 178 562 46 92 683 723 261 1146 222
933 707 346 658 876 898 1055 458 693 11
407 1070 533 744 954 979 459 202 264 498
1020 187 1012 317 467 777 345 915 1121 341
805 774 799 318 668 745 998 886 1119 40
796 611 239 22 223 986 706 661 353 112
312 146 305 613 1105 128 574 986 661 1115
1162 1154 1061 982 704 592 973 1007 616 1057
385 1085 149 322 440 510 927 323 301 307
808 299 195 1038 628 121 171 206 218 242
154 433 449 344 32 1134 531 1080 670 475
1137 23 866 520 1021 956 1041 1123 711 38
534 470 635 792 975 485 1052 194 500 630
1080 215 715 147 870 344 563 1134 1005 432
305 1105 128 138 986 312 1098 577 1115 354
432 1080 531 990 344 884 145 154 758 215
740 337 675 518 689 1157 400 359 388 1046
440 385 927 140 1085 301 321 322 616 510
997 170 1129 1037 287 599 123 878 3 456
1113 119 696 1032 176 1045 996 901 521 236
564 454 1122 1074 803 1093 741 1088 331 395
489 992 851 800 459 717 498 954 20 682
142 344 531 449 433 1080 990 147 1134 32
263 267 575 457 597 1031 918 349 422 214
371 859 957 487 67 742 856 419 926 757
376 1062 768 624 940 530 39 294 69 330
499 445 663 4 163 942 70 679 1114 729
881 1107 387 197 854 447 104 10 994 63
106 112 812 223 484 559 814 239 639 525
282 823 257 806 643 846 830 444 18 849
970 53 49 893 212 394 335 832 107 709
4 229 445 435 158 88 412 894 499 70
766 220 243 393 180 1149 764 333 1138 968
1094 13 895 815 664 782 652 1116 1143 216
82 259 217 1091 254 949 1117 818 441 370
791 771 234 1110 319 310 691 272 959 292
731 43 1053 116 71 910 539 226 802 1150
1068 54 352 120 748 1118 607 400 960 787
150 1037 997 599 1129 548 287 123 456 1042
527 1038 262 735 299 361 141 375 195 971
66 835 544 80 843 648 1138 333 783 993
204 609 1153 406 1087 773 200 861 326 1019
72 297 1071 713 236 363 860 473 249 546
104 410 854 887 387 671 881 769 159 418
901 1045 521 236 1132 713 151 1113 119 684
3 63 287 988 1129 994 646 447 10 197
46 132 126 683 261 562 1146 92 995 723
855 811 776 85 351 943 767 984 398 892
333 766 1149 243 1138 164 80 220 843 393
739 598 1065 633 631 759 97 974 555 985
757 87 742 957 543 859 885 156 367 371
408 980 113 68 50 0 413 526 1022 879
113 29 651 408 880 1048 804 526 14 91
404 921 1064 227 421 504 719 94 698 331
841 567 372 342 556 1034 581 59 618 427
317 135 436 1020 345 1121 467 976 777 525
815 120 13 1068 1078 864 848 373 787 960
230 785 802 1106 539 610 71 56 1053 552
601 414 289 734 873 105 591 1009 1102 246
434 1144 590 1027 983 1150 834 226 1156 910
1036 237 888 61 846 941 845 1046 767 257
588 604 528 324 522 865 1023 702 320 834
313 635 1052 500 534 975 144 751 485 470
299 628 141 206 808 1038 279 914 214 121
198 476 580 561 829 619 388 1157 551 905
1107 447 10 159 994 360 881 646 387 177
580 196 829 476 905 561 76 1157 619 130
728 931 276 1055 269 693 688 876 658 306
1087 1039 824 773 173 609 326 204 30 1019
429 571 858 1010 460 993 783 674 648 535
979 308 264 7 717 368 459 800 381 134
300 367 885 621 809 543 908 247 87 55
173 406 609 831 773 1153 1087 1019 861 200
1158 455 1163 667 1015 362 691 816 319 234
628 872 195 503 918 214 575 808 141 299
642 1007 583 704 951 464 592 821 1061 1057
503 902 872 235 597 575 267 426 206 1031
1079 673 420 495 280 101 833 431 659 998
103 895 1115 1094 513 924 574 1143 268 295
763 925 560 391 44 701 74 639 700 475
49 839 53 963 162 1136 438 95 107 970
955 451 9 512 339 784 47 660 568 743
918 279 575 914 628 206 195 872 267 299
145 563 870 1080 240 1005 715 572 147 1134
782 864 664 1078 815 13 165 188 1143 960
818 82 329 939 166 89 962 1063 1117 254
375 507 1024 356 262 724 1099 141 685 808
1014 464 625 642 746 286 207 21 583 1007
243 393 164 766 1149 764 180 944 409 1138
1069 853 974 252 631 1065 759 256 538 739
723 398 92 943 85 562 126 811 179 351
239 112 160 137 796 106 22 814 611 484
1072 109 985 721 97 555 633 338 598 411
686 392 95 412 88 1136 435 963 438 229
1150 910 116 590 43 434 168 191 731 1144
504 921 94 362 185 698 667 719 404 114
651 244 29 836 347 1103 804 1147 57 184
435 163 88 4 1136 445 412 686 963 894
189 802 785 539 1106 71 610 1053 731 56
1 891 1043 12 266 37 38 1029 491 797
674 1049 460 737 1010 429 474 993 535 201
93 59 682 1034 498 342 954 20 851 245
771 319 167 791 691 1110 310 816 1015 959
426 902 256 208 538 597 252 631 503 1031
713 901 297 176 174 1045 119 1032 72 860
846 192 1036 257 823 888 941 61 1046 845
19 366 480 722 384 813 364 842 274 594
223 137 796 112 611 22 160 976 353 986
563 678 215 572 665 738 1005 935 145 870
608 727 78 536 875 1139 422 593 914 279
519 121 659 808 833 141 206 628 724 1024
220 1149 766 180 164 1138 393 333 603 944
228 347 651 1103 1104 836 57 589 29 1147
840 20 938 851 416 489 233 465 93 59
819 105 30 873 289 591 601 824 33 1102
58 908 450 809 332 621 1096 300 1040 203
718 492 307 323 2 510 550 322 825 395
1112 523 511 714 1071 822 37 72 681 1152
405 890 1088 502 741 750 1122 637 454 803
340 700 102 701 471 560 475 763 32 211
538 1069 221 426 256 853 235 631 1031 597
355 770 1073 6 695 1011 430 309 1161 51
259 1117 1091 370 166 949 82 45 441 217
270 947 1119 1082 998 912 886 318 774 745
631 426 1065 235 252 1069 538 221 902 739
823 846 161 237 282 192 849 830 806 1036
303 1019 882 730 971 773 831 406 640 446
1091 254 949 1117 166 441 82 370 1141 45
357 566 275 810 755 978 273 637 1000 750
1146 683 995 46 1108 178 401 132 1044 126
375 527 735 218 171 507 971 1038 1024 882
155 457 267 422 575 349 1031 536 918 597
717 979 459 800 202 992 308 153 7 407
946 950 1159 800 717 423 264 459 979 992
797 891 117 231 1 1047 1043 12 37 511
155 575 597 263 918 1031 503 349 457 208
295 958 644 1116 210 895 103 969 1094 652
728 1008 306 276 688 199 348 397 1076 570
1119 255 998 947 886 1082 774 40 318 136
981 1066 934 1006 897 629 360 622 10 554
310 775 1026 1110 1018 771 167 1140 234 791
1000 755 922 275 357 488 260 8 517 566
813 594 1161 384 430 842 19 6 1073 238
357 755 260 273 566 1000 810 922 978 488
688 728 269 199 306 397 1008 1076 931 348
413 669 1022 553 980 68 183 906 1128 540
827 711 1127 1123 38 956 12 1029 1021 520
214 914 361 918 195 628 299 206 1038 575
833 420 659 673 519 209 242 1079 86 889
129 762 26 463 632 290 790 1148 1164 1097
806 161 643 823 18 257 444 820 830 452
789 634 11 930 898 850 336 96 346 529
365 482 557 490 509 547 1009 734 909 414
478 493 60 967 687 964 1025 1083 474 781
746 21 52 778 945 27 219 583 1014 642
1129 3 997 177 150 646 554 63 994 878
24 1004 903 334 330 1075 294 807 801 1002
601 591 190 33 246 105 819 414 30 873
463 749 710 762 756 281 712 896 1124 79
614 41 665 1086 17 124 662 678 382 48
857 959 779 816 691 791 585 1015 319 234
477 51 358 364 341 1011 355 1016 253 480
1004 530 330 288 768 587 903 1120 801 376
644 268 969 958 103 210 1115 354 895 1116
1102 549 873 911 105 1009 734 909 1050 414
713 174 72 236 1071 901 860 363 1032 473
99 877 705 650 505 647 1151 792 1160 486
195 1038 141 628 171 808 914 361 279 206
203 621 367 809 885 908 247 543 58 35
321 927 440 616 973 149 385 982 8 517
110 817 883 847 1164 482 490 618 632 284
258 971 882 1019 735 730 640 831 1109 773
424 565 916 645 462 584 125 990 758 531
128 146 1115 312 1105 138 613 354 1098 103
1008 688 269 397 276 348 728 1076 570 199
323 718 248 510 322 492 1085 140 2 978
7 202 368 979 381 264 586 717 459 134
695 907 1011 355 1016 770 253 915 6 1073
1110 272 775 771 167 1026 234 791 1018 319
863 108 842 452 1101 722 18 384 73 366
613 138 305 128 574 146 1115 1105 513 103
1052 194 975 635 534 500 485 144 630 470
826 31 929 468 795 753 62 1104 347 425
537 582 439 55 1081 380 35 1084 419 736
1040 130 1095 1096 726 332 450 991 580 198
187 436 135 1121 525 345 976 467 1020 814
774 745 136 1125 805 16 270 1119 799 255
691 234 816 771 791 1015 959 167 1163 292
1023 369 865 48 324 124 382 697 1086 692
301 616 973 927 982 440 149 1154 517 1051
1085 510 140 323 385 307 149 718 440 248
307 510 718 322 248 1085 140 492 385 810
604 865 1023 193 320 588 369 627 528 692
719 36 114 1090 698 378 94 617 227 921
1092 609 760 1153 33 1039 824 173 600 200
917 1054 494 948 743 1013 784 497 660 512
623 668 871 86 799 115 889 685 1099 40
89 818 1063 217 939 379 82 131 962 1111
903 1004 288 294 334 24 530 1075 801 157
803 421 454 1064 741 1122 152 404 1088 564
450 1096 58 1040 247 316 908 130 809 1095
180 1138 80 1149 843 766 243 66 172 164
903 24 288 1075 330 1004 496 294 483 1002
107 127 438 709 970 162 837 53 832 576
472 96 428 966 34 930 481 850 634 874
675 518 148 740 689 400 1046 1118 941 888
555 1033 437 633 654 598 224 516 1072 181
411 9 721 451 109 213 97 759 985 974
251 102 471 700 701 786 560 475 469 763
358 777 477 467 1012 1020 293 915 345 135
1034 567 59 186 233 841 93 372 682 556
605 399 657 615 838 79 798 1035 756 712
154 1080 142 449 531 147 1134 145 433 990
1121 467 777 976 187 317 706 135 436 844
707 898 133 11 789 933 283 658 876 634
244 1104 228 62 1103 589 1111 57 651 836
570 1008 306 461 269 397 688 1001 728 276
84 1031 573 597 155 538 263 497 267 457
900 390 703 655 64 423 1159 999 950 403
984 811 85 501 179 943 1131 398 855 708
748 400 676 448 960 518 169 377 54 1068
1017 22 83 661 1028 720 796 545 137 611
969 1098 644 577 305 128 146 295 844 1115
253 695 1011 770 309 1073 1016 6 907 293
1099 507 1024 724 218 871 375 685 623 262
275 260 566 755 273 810 1000 978 922 637
477 341 293 777 915 467 1012 1016 51 1020
689 862 675 928 61 888 845 148 941 337
10 994 646 447 554 197 878 1107 1006 3
914 279 1038 299 171 195 527 214 727 141
504 667 94 227 698 455 921 114 719 36
860 473 546 1032 1130 174 72 297 119 1071
480 51 19 293 1073 430 238 6 253 1161
557 284 509 482 909 1009 490 386 734 414
722 238 19 1101 842 384 480 863 813 73
885 203 300 543 621 809 87 908 182 582
381 7 586 308 923 202 936 979 1047 264
320 48 1023 124 865 1086 382 17 697 614
45 1117 254 425 795 259 31 82 62 166
156 487 67 859 856 957 926 419 515 742
556 841 581 186 618 567 847 342 817 557
848 1145 787 652 815 188 13 120 607 1116
15 1114 754 953 558 545 1151 663 720 705
218 507 262 1024 356 735 527 724 171 882
157 768 624 530 39 1062 294 1135 940 396
448 960 748 1078 676 352 864 400 216 120
1090 617 1155 36 325 595 114 719 508 698
1111 589 89 1063 329 62 1104 131 425 57
1081 439 419 537 926 67 315 487 371 582
586 368 923 7 308 936 202 1047 117 979
697 1086 692 614 627 369 291 48 320 672
920 972 90 1067 576 75 837 991 709 127
813 842 274 594 863 238 366 1161 19 430
149 140 440 1085 927 322 301 510 321 323
909 427 509 1009 557 734 365 549 911 296
854 881 104 159 175 1107 410 197 887 447
1157 551 394 740 893 148 561 476 619 676
919 852 1060 1042 122 548 794 599 118 109
350 655 900 423 703 1159 64 950 999 946
925 639 211 559 763 812 44 701 560 484
225 95 686 438 963 1136 839 88 412 107
220 764 164 968 243 766 409 541 944 1149
893 551 388 619 970 1003 561 1157 832 162
1093 825 550 1074 2 564 152 492 1122 454
1120 641 5 587 768 624 530 725 977 39
1076 688 306 1140 276 1008 269 728 348 1018
943 222 85 723 92 811 179 351 984 855
343 798 838 657 605 868 615 79 1035 1139
352 518 676 748 337 54 448 1118 169 148
1108 1044 995 961 1146 442 261 694 683 46
869 765 913 443 1059 1030 1089 403 111 799
1030 999 443 64 765 703 900 402 350 869
185 1064 921 421 331 227 719 803 504 94
250 890 1088 502 741 1122 750 454 152 637
204 831 173 640 1019 773 258 609 303 1087
533 134 954 1070 498 459 992 264 717 979
113 183 184 980 526 50 1048 1022 1128 0
944 541 603 98 393 131 764 220 965 968
887 175 671 104 854 769 387 418 558 881
721 339 109 9 985 97 451 1072 759 974
894 686 70 225 163 229 942 4 435 392
277 1022 669 1128 183 980 408 68 14 553
734 190 601 1009 289 909 873 1102 105 296
16 1142 524 1125 125 745 584 318 912 1082
938 465 840 1050 245 911 20 427 549 386
744 1041 23 1070 134 143 1137 407 381 520
769 650 671 99 877 887 298 792 705 1151
380 926 67 1081 487 439 371 156 856 859
280 673 833 209 659 1079 519 495 889 40
331 1064 803 404 741 454 185 1122 152 921
536 457 263 608 606 593 602 875 155 899
1159 655 950 390 350 946 900 265 703 851
916 304 462 565 645 758 990 479 531 584
795 62 45 31 370 1104 379 314 929 1117
256 235 631 902 538 252 1069 1065 208 221
386 509 909 557 1009 911 1050 549 465 365
34 472 725 336 977 529 649 850 5 1135
201 1010 571 535 674 460 232 858 677 993
1161 594 1073 6 274 253 813 770 480 364
101 42 569 495 506 1079 622 209 629 673
147 884 990 758 1058 531 479 1080 344 145
449 32 142 475 1134 154 670 344 932 715
191 590 1144 1150 1027 226 983 910 834 116
229 88 1136 163 963 4 686 225 412 839
525 317 976 187 814 1121 345 135 484 467
1033 654 516 338 456 555 633 123 224 598
95 107 392 335 212 49 839 225 53 963
537 380 1081 315 419 582 926 55 67 35
149 927 385 301 140 321 1085 616 322 973
1141 949 699 1091 752 259 166 479 254 1058
961 694 702 1044 401 522 1108 528 995 588
765 1030 402 403 869 999 913 64 1059 136
820 830 656 849 787 607 848 73 806 282
4 158 499 163 663 229 70 942 894 679
579 730 111 882 1019 258 773 1089 303 507
10 197 994 360 1107 646 159 554 881 177
676 377 748 352 960 400 1078 864 518 1068
433 1134 142 32 344 670 154 715 1080 475
332 58 1096 247 908 1040 316 809 130 621
9 213 339 955 411 512 568 47 653 721
18 108 643 311 806 863 73 656 1101 820
964 25 977 60 493 5 641 725 396 34
1122 803 152 331 741 564 1088 421 1074 1064
667 205 362 94 504 1158 698 227 114 1163
516 123 654 878 437 150 170 554 1033 997
263 422 155 536 267 349 608 602 606 1031
1133 693 876 1100 931 658 1055 933 508 199
800 992 717 264 153 979 533 489 407 202
993 674 648 232 201 544 429 571 1049 835
1001 570 348 1077 612 1008 306 952 269 397
916 758 424 479 990 752 531 304 699 884
762 290 281 749 129 710 1124 1148 26 600
219 642 207 1007 583 704 1014 746 1057 951
1050 416 938 911 840 549 427 245 296 386
542 491 1130 1029 1043 546 1127 1 37 231
777 345 1121 341 135 187 1020 706 317 358
826 1152 753 788 929 314 822 681 31 1112
690 786 514 471 716 102 912 340 1082 251
792 144 534 877 485 630 99 975 780 635
102 786 340 469 251 690 700 514 716 701
428 336 34 96 850 725 529 930 649 977
363 546 860 1130 542 1032 72 1071 174 466
737 687 967 1049 232 478 677 535 761 1010
32 560 670 932 433 763 701 74 449 700
561 196 619 198 1003 580 551 388 394 1157
293 358 341 51 777 1016 1011 915 364 355
967 285 687 493 474 60 1083 761 1025 737
752 758 699 1058 884 990 462 432 1141 531
19 364 238 51 594 430 1161 366 274 813
874 28 966 552 636 96 77 56 336 708
490 284 365 547 557 867 734 302 1009 110
879 496 0 1075 906 68 980 937 50 24
814 106 525 812 160 559 112 436 639 223
630 975 780 1052 470 144 792 1160 313 534
65 647 729 505 1160 298 679 705 780 942
67 856 371 515 926 156 419 680 859 585
922 8 517 1000 1051 273 755 989 529 649
851 153 992 20 800 459 498 682 954 717
482 547 284 867 365 1097 110 883 302 557
466 1029 542 1127 1043 1 1130 827 231 12
248 2 718 550 307 825 323 395 1093 510
60 285 964 478 453 967 1025 781 687 25
743 917 660 327 47 1054 512 955 784 568
101 1079 431 209 673 42 420 569 280 506
483 1075 879 24 906 937 334 68 1002 0
784 573 84 512 349 955 538 252 1031 327
682 954 93 533 233 407 153 489 992 851
663 158 445 1114 4 374 679 942 729 70
635 751 194 534 313 144 1126 1052 975 470
984 1131 351 708 85 811 77 943 636 398
750 890 637 405 250 978 1088 810 741 566
872 208 902 206 575 267 918 597 235 628
227 362 94 698 921 667 114 185 719 455
647 1160 486 780 298 877 65 630 99 792
569 622 42 629 897 431 934 101 981 495
218 375 356 1024 724 1099 262 685 871 730
595 1100 1155 1133 458 617 693 378 931 876
557 386 909 365 427 1009 284 734 482 414
322 323 307 1085 718 140 248 385 149 492
523 37 249 714 1112 1043 891 1071 681 266
784 955 497 213 573 451 494 743 917 660
924 574 103 210 613 1143 1115 895 312 128
716 690 912 469 1082 786 947 471 255 102
856 680 487 585 926 67 371 779 419 156
654 456 437 123 1033 338 878 170 1037 150
8 1051 488 989 922 987 1000 772 321 649
337 400 148 675 352 1118 740 1046 54 676
242 659 121 833 280 808 685 724 141 420
956 1137 38 143 866 1123 711 1021 278 12
1045 1132 176 684 901 945 696 1113 151 996
528 702 588 694 193 442 604 961 324 1044
511 714 249 1112 37 681 822 788 1152 1071
1142 125 415 584 16 645 1125 565 745 304
436 814 976 317 484 1121 187 345 112 160
1048 50 113 408 880 0 184 183 804 879
735 171 262 971 1038 375 1109 303 299 361
588 522 193 702 604 694 324 442 865 961
649 850 1135 930 428 34 472 39 725 634
768 294 376 624 1004 1120 157 396 587 330
990 154 344 147 758 142 432 1080 884 479
892 904 747 928 952 776 862 855 767 179
954 407 498 134 682 459 992 1070 153 800
144 635 470 500 194 1052 975 313 485 792
677 1010 429 761 1049 737 201 1083 232 474
422 608 457 241 593 875 606 263 78 602
315 439 582 380 1081 55 419 35 926 1084
252 1069 1031 597 426 235 349 256 221 84
71 802 1053 230 731 189 168 785 43 1106
596 553 666 669 937 1002 906 1025 807 277
409 98 944 131 764 968 603 393 1063 626
1130 466 546 491 1029 1043 473 37 1127 363
885 87 367 182 203 757 300 742 957 621
648 835 172 993 66 460 858 80 843 571
1028 15 720 558 1017 83 374 754 353 661
1130 473 542 363 466 860 1071 72 491 174
867 490 482 1097 284 790 883 1164 110 632
599 1042 1037 852 170 389 150 919 997 1060
296 911 1102 1050 873 909 1009 386 465 427
825 2 395 1093 492 1074 248 564 718 152
394 388 893 1157 561 619 740 1003 476 970
874 56 481 610 1106 966 96 28 636 336
540 669 596 277 906 937 68 1002 666 413
878 646 360 994 123 10 1129 287 997 3
633 338 598 1033 224 181 437 1072 985 739
581 372 618 841 847 186 817 567 365 557
365 509 284 909 386 1009 482 734 427 490
754 720 15 545 374 1017 953 1028 1114 1151
812 639 106 391 484 160 925 814 112 211
763 475 701 74 932 211 32 44 670 700
619 476 1003 196 394 551 832 893 198 388
126 92 132 723 178 222 46 398 683 943
215 240 145 1005 678 572 870 738 715 1080
152 1074 1093 454 1122 395 803 1088 741 825
304 645 424 584 916 125 462 524 1142 990
260 810 357 978 275 637 755 750 273 502
186 342 841 1034 372 59 556 233 581 427
47 653 660 793 743 118 451 213 9 494
42 506 622 431 629 101 897 495 934 1079
348 461 1001 1008 306 1077 269 397 688 612
858 201 783 429 993 648 578 460 544 835
1005 738 870 240 935 563 678 215 715 662
84 497 349 784 1031 512 538 252 597 1054
613 513 1115 312 103 924 128 210 305 138
918 267 155 214 872 503 206 263 597 208
837 972 709 383 920 832 90 1067 127 1003
1098 844 706 354 1105 146 986 969 305 467
783 965 858 603 843 66 571 80 1138 172
111 446 1089 730 1059 882 1019 773 356 1099
829 198 905 196 76 476 828 561 316 862
618 556 372 847 841 817 186 302 365 284
55 315 537 35 439 1084 736 1081 380 81
951 642 207 821 1007 778 746 772 464 27
125 645 524 565 1142 304 415 424 16 916
680 779 515 857 856 292 926 487 67 959
923 381 368 936 7 1047 308 117 202 797
801 1120 396 294 807 1004 530 288 641 768
193 528 604 522 324 702 865 694 1023 983
57 1111 379 1147 347 244 1104 732 228 131
434 1150 191 226 1144 910 1027 116 983 43
33 289 601 819 246 30 190 105 1092 326
1061 704 1057 1162 1007 139 207 1154 642 464
606 875 602 536 422 78 608 899 241 457
274 430 1161 813 384 1073 6 19 480 238
508 1155 1100 617 1133 378 458 1090 693 931
540 666 553 1002 1025 781 807 937 1083 669
1031 267 349 155 538 902 208 575 84 235
181 633 739 555 1065 97 985 759 338 1072
1037 548 170 1042 150 852 997 389 1129 516
760 1124 1092 1148 326 790 33 861 1153 896
289 190 414 591 105 246 734 33 873 819
899 606 593 1013 422 536 875 457 948 608
944 965 409 578 541 243 1149 220 1138 783
324 193 588 865 1023 528 320 522 1156 627
79 343 615 756 1035 657 399 712 710 838
602 593 899 875 422 536 1013 457 608 78
787 849 848 830 1068 169 120 444 373 54
241 536 727 875 422 78 593 1139 457 606
1153 173 326 861 204 1092 200 1087 760 896
1106 56 785 552 189 874 230 481 802 96
137 986 796 22 1105 239 661 706 844 353
952 1077 747 1001 892 461 532 570 179 811
574 312 128 1115 513 138 305 103 146 924
291 1086 41 382 124 665 48 17 697 662
657 1035 838 605 712 343 79 399 896 756
973 321 982 301 1154 927 139 440 1051 989
378 1155 595 1090 508 36 325 1100 114 719
581 847 556 817 372 302 841 110 284 365
1003 561 832 476 893 394 709 551 837 196
1056 1126 751 988 63 500 635 177 854 534
809 300 203 908 367 247 885 58 450 543
506 629 569 897 42 934 981 431 271 101
871 328 115 1099 668 685 86 724 889 356
39 768 376 1135 530 157 641 5 396 1120
996 1014 696 219 945 52 684 1113 21 1132
968 962 764 939 131 98 1063 393 89 541
692 672 1156 697 834 382 983 1086 1023 865
195 206 141 299 808 872 214 279 918 121
622 897 506 934 569 981 42 271 431 1066
780 485 1160 975 792 470 505 877 1052 144
256 1065 426 739 1069 221 853 252 235 181
1164 26 883 129 110 281 867 1097 547 302
598 555 181 338 739 224 1072 985 1033 97
283 930 789 850 11 529 336 472 96 898
534 500 194 144 313 1052 751 975 470 485
28 77 708 481 966 874 1131 96 552 501
978 750 502 810 890 566 260 250 405 357
733 100 828 81 76 736 905 1084 829 35
391 559 925 812 211 106 484 763 160 44
1109 831 406 303 971 258 735 1019 204 882
396 5 1120 725 977 624 768 39 25 34
207 583 1007 951 464 821 746 704 778 219
18 806 452 282 108 161 820 656 73 444
295 969 268 354 1115 103 958 128 210 1098
565 584 304 125 424 524 916 1142 462 415
554 994 360 10 878 447 287 3 1129 197
486 505 65 1160 298 729 780 877 705 99
993 544 835 172 460 66 571 858 783 201
529 1135 39 850 34 725 428 5 624 930
99 418 877 298 769 792 705 470 1151 671
228 29 804 244 836 184 880 1103 732 1147
1116 1145 958 373 165 13 1094 815 268 848
568 793 47 118 660 9 451 794 743 339
437 516 1033 456 338 123 555 1037 170 633
423 390 1159 350 950 900 703 946 64 265
73 820 1101 444 722 18 452 643 108 830
615 838 343 1035 605 399 712 79 640 831
876 1055 933 693 133 931 458 199 707 1133
519 833 242 280 121 420 808 673 115 685
743 47 494 568 917 653 213 955 451 512
83 22 353 1028 796 1017 611 986 1105 137
935 17 124 738 41 665 291 678 48 572
499 158 1114 374 445 1151 705 953 729 679
782 1143 216 165 1094 924 13 895 864 513
41 678 291 240 935 662 738 614 17 563
596 781 540 1025 807 801 1002 1083 553 587
362 455 504 94 698 227 205 114 921 36
328 799 805 623 889 86 40 136 871 115
277 553 413 540 68 906 980 937 596 1022
932 1134 32 475 449 715 74 433 560 870
887 769 418 410 175 650 754 953 104 558
1156 627 692 834 697 983 382 1027 1086 1144
420 209 280 1079 833 495 659 101 519 40
232 460 1049 993 429 201 1010 737 648 571
689 337 148 359 518 740 941 888 1046 1118
448 352 748 400 377 960 518 1078 169 740
535 761 1010 1083 429 474 737 687 1049 1025
240 665 41 563 738 935 572 662 291 215
942 729 70 65 486 894 499 663 158 647
515 585 856 779 926 487 857 67 371 292
714 788 822 1152 1112 753 523 468 249 511
498 93 954 233 533 59 489 851 153 20
261 46 1146 178 995 132 1108 126 401 562
1132 945 521 52 1045 21 996 625 696 176
724 115 1099 871 1024 356 86 623 507 328
225 412 392 894 435 88 95 229 1136 163
474 967 737 478 1049 285 761 677 535 1083
276 397 306 269 1076 728 1008 199 1140 348
359 675 862 148 337 888 941 61 740 1046
514 469 716 786 912 471 1082 102 947 340
319 816 1015 959 234 1163 292 791 771 167
627 697 672 382 1156 1086 834 1023 320 865
931 458 876 1055 1133 658 199 1100 933 728
702 442 522 961 528 1044 588 401 193 1108
770 309 355 1011 253 907 6 1016 1073 915
1113 996 151 625 1132 521 684 1045 119 1014
692 382 627 1086 672 1156 614 320 369 1023
94 114 504 36 719 362 227 325 667 921
752 1141 479 441 1058 758 949 884 462 990
701 251 340 560 763 475 211 32 102 925
700 763 560 211 475 251 925 32 74 932
694 522 528 442 588 961 193 1044 604 401
64 900 350 999 390 403 655 1030 423 443
1007 592 1061 1057 1162 207 139 642 583 464
1151 298 953 1114 650 99 754 418 374 663
844 577 1121 345 976 611 986 467 137 1098
346 133 933 898 11 658 876 789 1055 458
77 1131 636 501 28 984 481 351 966 874
837 832 576 1003 127 619 970 972 893 335
749 756 79 290 712 1035 605 896 463 615
1123 278 1021 827 956 866 520 38 1137 1127
1035 896 861 615 756 79 710 605 1153 749
297 236 174 901 72 176 1032 860 119 1071
523 681 1112 822 249 511 788 1152 37 753
1134 870 145 670 1080 449 1005 215 344 932
912 514 1082 690 469 947 786 255 270 471
264 800 459 979 992 202 153 489 308 265
248 307 323 492 510 322 2 1085 550 637
325 114 698 36 94 1090 921 227 185 504
1017 558 545 1028 15 353 754 83 374 661
411 109 339 985 1072 97 9 759 224 451
366 1101 238 73 863 842 311 19 656 384
92 222 562 398 126 943 132 85 178 179
1024 685 356 1099 507 218 871 115 375 623
5 34 977 641 428 1135 25 39 649 396
1095 991 130 75 316 1067 1040 920 476 561
241 1139 608 78 868 875 536 361 914 279
276 269 199 688 306 1008 931 1055 397 348
65 679 486 942 647 70 663 499 505 158
882 446 258 303 579 1019 971 773 375 111
168 1053 43 71 116 539 910 802 230 226
91 1147 14 57 29 651 228 1128 184 589
828 638 76 100 81 905 736 829 580 1084
414 1009 190 909 601 557 1102 386 509 365
527 971 262 171 303 882 1109 375 258 640
81 1084 100 35 638 55 733 582 828 315
474 1049 687 232 967 674 535 677 1010 761
572 935 662 1005 678 240 665 563 17 870
1065 181 631 598 974 256 853 759 633 221
148 1157 337 675 388 518 689 400 551 676
1122 1088 454 803 331 421 250 152 405 564
957 757 182 859 87 156 371 543 67 487
660 494 47 917 568 327 955 512 213 653
417 1070 1041 134 23 407 368 7 381 533
318 1125 774 16 136 415 805 255 270 947
286 778 21 27 583 52 642 951 69 219
952 892 612 532 1077 904 855 179 1001 928
960 352 448 377 676 1078 400 1068 169 120
710 290 756 463 79 712 896 762 1035 605
502 637 890 978 250 405 810 566 1088 260
1126 500 620 635 534 194 1056 144 313 1052
479 699 758 1141 1058 884 462 441 990 432
788 929 468 826 1152 681 31 314 822 714
953 558 374 15 1114 1151 720 545 705 1017
273 275 1000 357 922 260 488 566 8 810
710 79 749 605 712 1035 290 896 615 343
182 742 87 957 859 543 156 371 885 419
479 990 884 432 752 531 462 1058 147 699
974 97 853 985 221 721 1072 109 739 181
600 1092 1124 326 1153 33 861 1148 609 896
1083 677 535 1025 1010 687 474 967 781 540
281 463 129 290 26 749 1148 790 632 1124
211 560 701 925 44 74 475 932 700 391
968 393 626 220 164 541 98 409 243 962
443 402 869 1030 913 403 1059 999 1089 805
180 164 243 1149 220 333 1138 393 80 843
845 776 61 855 1036 928 862 904 888 359
624 530 376 157 39 294 396 1120 641 5
418 671 887 650 410 99 953 1151 877 754
695 253 6 355 1073 309 1011 430 1161 907
234 1110 167 310 319 791 691 272 775 816
821 987 951 989 27 69 583 778 1051 940
1019 1087 258 204 200 173 406 730 882 303
318 136 745 805 799 1125 1119 998 270 886
1026 272 1018 310 1140 1110 1076 771 167 397
767 855 845 179 904 61 928 532 862 1036
341 467 358 345 1020 135 1012 477 1121 187
27 746 69 951 583 821 286 940 642 772
857 585 292 680 515 959 791 856 816 691
630 1160 505 485 792 877 647 470 975 99
1025 666 596 1083 801 540 807 587 761 1002
664 216 864 1143 13 165 815 1094 1078 924
858 578 571 965 835 66 172 201 544 648
497 512 573 955 84 213 917 349 327 494
189 1106 230 610 802 56 539 552 71 874
469 471 690 102 514 340 251 716 912 700
848 607 373 120 830 849 1068 188 444 1145
753 681 1152 468 822 929 714 826 1112 314
11 283 898 634 346 930 707 850 96 336
1148 1097 1124 867 600 547 129 760 281 26
167 234 319 771 691 1110 292 959 857 816
470 877 99 650 144 780 630 298 1160 485
653 118 568 794 47 122 9 339 660 451
122 118 1060 793 919 653 389 568 339 411
425 31 62 45 929 314 1104 370 826 753
137 22 611 239 353 661 986 223 83 1017
266 117 1047 891 936 231 523 511 1 714
399 868 838 343 1139 657 727 605 615 78
805 668 136 328 40 889 886 774 623 86
717 459 992 264 153 979 489 202 265 851
807 587 1004 1002 288 1120 666 294 24 596
539 230 189 71 1053 785 731 1106 168 610
331 454 1122 421 741 152 1064 564 1088 404
880 836 651 29 1048 1103 228 184 244 526
799 136 668 774 886 318 40 328 998 889
643 282 18 161 452 823 820 444 656 108
1002 801 937 288 666 24 587 596 1004 1075
141 121 195 628 299 242 206 1038 218 519
908 621 247 300 58 203 450 367 332 885
566 978 260 637 357 750 275 502 755 890
179 351 85 984 855 943 501 398 776 767
106 559 160 639 484 112 391 814 925 223
384 274 594 1161 842 430 238 19 480 366
525 484 436 976 160 112 106 317 223 812
13 188 165 120 216 864 373 1145 782 1078
959 1015 691 319 292 1163 234 857 791 1158
302 847 110 618 883 581 482 284 1164 490
217 939 329 962 82 89 1063 626 166 131
246 30 105 824 591 33 289 873 1039 601
444 656 73 830 1101 643 18 806 849 848
951 772 583 987 778 27 642 69 207 989
1112 1152 681 714 788 249 468 523 753 511
257 161 846 282 237 806 830 849 643 192
30 1039 819 200 326 33 246 1087 591 1092
550 395 2 1093 1074 492 564 152 248 1088
314 468 929 753 31 1152 788 795 822 681
1127 278 1029 711 12 38 491 1 1123 956
733 76 638 905 100 829 81 580 904 736
580 905 198 76 196 828 733 476 862 928
849 444 607 787 820 848 656 373 161 282
406 640 1109 204 258 303 1019 971 773 173
1003 709 837 619 576 893 970 561 127 394
280 659 420 519 242 673 121 209 86 115
1156 983 672 1027 627 692 1144 697 191 324
544 66 172 648 993 843 80 858 783 571
804 1103 228 651 880 244 29 347 1048 184
709 576 832 972 1003 127 383 619 920 90
657 399 615 343 798 605 1035 1109 640 831
963 212 1136 49 88 53 95 438 392 435
938 245 416 20 465 851 1050 233 59 489
372 186 556 567 581 342 618 1034 847 509
384 863 813 311 366 274 722 238 108 594
80 1138 66 333 172 1149 835 180 578 544
706 577 1098 986 1105 345 1121 611 467 354
61 767 1036 888 776 862 359 928 192 941
257 237 823 192 161 1036 849 941 282 1046
817 618 581 302 556 110 372 284 482 883
787 373 607 1145 188 120 815 830 1068 652
830 607 787 444 169 848 1068 54 820 120
529 930 649 634 428 472 1135 283 34 336
489 20 153 245 992 682 498 93 800 954
389 1042 919 548 1060 599 122 1037 794 224
221 974 1069 759 1065 252 631 97 739 256
104 387 175 881 159 410 1107 887 671 197
776 179 767 811 845 532 85 904 892 943
515 487 67 680 926 371 585 156 419 779
779 292 585 959 680 816 791 691 319 515
571 783 201 578 648 835 544 993 172 429
957 156 742 371 757 67 487 182 419 856
363 1032 473 119 546 297 174 713 72 1130
1153 896 609 712 173 760 1092 1035 204 326
928 359 689 904 845 61 767 888 675 532
311 842 108 384 722 366 1101 452 813 238
216 1078 782 960 815 188 377 13 120 664
1023 324 320 604 369 193 692 48 697 627
1021 1137 1123 143 520 711 956 23 278 38
547 1097 490 790 482 1148 632 1164 26 883
1139 798 727 78 399 241 838 875 608 343
913 402 1059 765 1089 443 111 1030 668 799
715 1005 215 1134 145 572 563 1080 670 449
623 1099 685 115 328 356 724 86 1024 507
503 206 208 575 628 918 214 267 902 195
105 1102 246 296 190 601 414 819 549 289
552 481 56 966 28 96 636 610 336 77
593 78 608 606 536 241 1139 422 602 727
658 693 1055 458 931 933 1133 133 199 1100
99 792 650 298 470 1160 780 418 505 630
554 123 646 360 456 994 1129 997 287 10
0 483 496 50 68 980 906 183 1075 526
804 1048 29 836 184 526 651 113 228 1103
387 159 854 1107 104 197 175 447 410 988
730 303 258 971 1019 446 735 262 375 773
1164 110 632 302 26 817 547 490 867 129
1058 432 758 479 147 990 752 531 699 1080
367 543 203 300 87 621 182 809 757 742
40 998 889 1119 799 270 805 86 668 136
671 410 769 175 418 104 854 650 558 754
941 61 1036 1046 845 689 192 675 359 1118
86 40 886 115 668 328 623 799 998 685
502 405 250 750 1088 637 741 978 1122 810
231 266 1 1043 797 12 37 38 511 117
747 532 952 904 612 928 855 776 179 1077
394 970 551 1003 832 619 162 388 709 561
70 412 942 679 686 4 445 163 158 229
210 1094 103 165 924 1143 513 958 268 664
861 712 1153 1035 609 760 615 710 756 1092
934 629 981 622 271 506 569 1066 42 1006
346 11 789 707 283 133 634 933 930 966
602 1013 606 948 593 422 457 1054 536 875
703 350 64 390 655 999 423 403 1159 1030
176 236 1045 713 521 297 119 151 1132 1032
235 208 426 503 597 538 872 256 1031 267
330 334 288 1004 24 294 1075 496 530 807
928 532 862 892 767 776 359 747 845 855
76 829 580 828 198 733 638 196 928 862
68 937 980 1002 483 496 553 669 879 1075
309 1016 1011 915 695 355 1012 770 253 1020
247 809 58 621 450 300 332 203 1096 367
1009 386 509 734 557 427 365 414 549 284
116 226 43 1150 168 590 731 1053 434 191
549 1050 296 465 1102 427 386 909 416 1009
1082 716 514 947 690 255 469 270 16 1125
1059 869 1089 402 111 765 579 443 328 668
361 279 214 299 195 1038 628 171 918 141
1016 1012 907 1020 1011 309 358 341 477 355
424 462 304 758 565 479 990 752 531 699
494 327 743 1054 660 948 784 512 47 497
575 214 267 279 206 872 155 628 503 263
1060 389 122 852 794 1042 118 548 793 721
1067 383 972 75 90 576 991 837 726 832
185 227 404 504 94 719 1064 362 698 114
488 1000 273 8 755 517 1051 275 529 850
586 936 381 1047 368 117 7 797 308 266
513 1143 210 895 574 664 103 1094 613 782
211 391 763 639 44 701 560 559 74 700
67 419 487 856 515 680 1081 371 380 156
440 301 149 321 385 616 140 973 1085 488
862 904 359 532 767 845 776 689 61 892
753 31 826 314 468 788 795 1152 425 62
634 850 283 529 789 472 649 336 428 96
693 1055 199 876 458 658 728 1133 276 933
670 74 475 560 44 32 763 1134 715 449
133 658 876 707 1055 458 693 346 931 1133
981 897 271 629 622 1066 506 1006 569 123
662 738 17 572 665 678 41 124 240 291
1047 923 117 586 381 797 368 266 681 7
906 1002 68 807 1075 496 540 553 596 24
416 840 245 465 1050 20 911 851 427 59
962 818 626 89 217 1063 329 131 968 82
1062 69 27 157 778 376 772 987 821 330
1046 888 1118 61 1036 675 337 689 192 845
70 679 729 894 65 158 499 445 412 663
398 85 222 811 351 179 984 723 855 501
603 409 541 965 98 220 243 393 578 1149
52 684 21 1132 286 521 625 996 1014 746
265 950 1159 423 655 800 717 264 992 153
255 1082 270 912 1119 716 998 514 745 318
1054 1013 327 899 917 602 573 497 494 84
1091 441 259 1141 166 254 699 82 1117 752
1159 946 423 265 655 390 800 350 717 153
821 583 772 642 778 207 27 1007 746 987
612 747 1077 892 1001 532 461 904 179 855
1151 754 1114 374 705 558 15 720 545 663
498 533 682 407 93 992 153 134 459 489
213 512 451 784 9 497 743 660 494 47
520 38 1137 12 711 278 1123 866 143 827
742 859 757 156 182 371 87 67 487 419
268 1116 295 652 895 1094 210 644 165 1145
816 292 691 1015 857 319 1163 791 779 234
1078 748 377 448 864 352 120 1068 676 188
442 1044 401 694 1108 702 995 522 1146 528
939 626 818 968 1063 89 131 329 98 217
1136 839 88 212 435 49 392 95 225 229
60 453 493 25 285 977 781 641 478 396
578 603 944 783 1138 1149 843 409 858 333
96 28 481 636 336 874 77 552 472 428
687 478 474 285 737 493 761 1083 677 1049
764 626 393 962 98 131 541 220 939 1063
644 354 295 1098 1115 128 305 268 103 577
162 893 53 394 832 49 709 1003 551 335
303 735 882 258 527 262 1109 640 730 1019
576 383 920 90 1067 837 75 709 832 127
616 982 321 1154 301 139 927 1162 989 987
759 853 221 97 1069 985 739 1065 181 631
1052 485 313 630 144 194 534 470 635 780
1121 436 345 525 317 706 814 467 187 844
25 725 5 34 641 453 428 396 472 964
810 637 566 750 260 502 357 890 275 250
202 264 717 308 459 800 7 992 368 407
183 68 408 906 0 879 277 413 50 483
271 934 897 1066 629 1006 622 506 360 878
973 1154 616 139 321 1162 301 1061 987 772
1027 834 1144 1156 672 191 627 434 692 697
351 501 1131 85 811 943 708 179 398 77
97 1072 109 759 721 224 411 974 598 339
1105 611 146 137 796 661 844 706 577 22
772 989 821 1051 951 517 69 940 27 1062
63 1056 177 620 3 1126 159 1107 287 881
1051 987 517 772 8 821 940 1062 69 488
531 758 147 432 479 154 884 344 462 752
726 75 1095 1067 130 920 972 383 316 561
153 459 800 717 489 264 851 954 533 498
648 460 544 835 674 571 201 172 858 66
360 646 10 447 554 197 3 878 177 1107
1146 1108 261 401 683 1044 46 961 178 442
696 625 1113 1014 684 151 1132 945 521 52
1129 150 287 170 3 1037 878 554 123 177
886 1119 40 270 889 255 805 136 799 774
403 64 703 1030 900 443 350 765 390 402
273 922 755 488 275 8 357 517 850 260
461 1077 570 612 952 348 747 1008 306 892
937 807 906 24 801 1075 596 540 666 288
619 832 561 709 893 837 394 576 970 476
288 294 330 903 24 530 801 334 587 807
870 572 715 563 215 738 240 145 1134 678
1066 271 981 360 10 934 447 994 197 646
207 704 642 592 1061 583 1057 1162 464 951
306 269 348 688 728 570 276 397 461 199
909 734 414 386 509 557 365 190 427 284
535 429 677 201 232 1049 674 761 571 737
1016 355 309 695 907 253 915 770 293 477
1020 915 135 1016 907 341 777 358 1011 187
948 899 602 1054 606 327 422 457 573 593
625 219 996 464 21 52 286 945 746 696
816 1163 691 959 319 1158 292 234 205 791
1011 915 907 309 355 1012 695 477 358 253
720 353 1028 83 545 558 22 661 15 754
1026 1140 775 1076 397 272 688 310 276 306
258 773 303 882 730 1087 406 204 831 446
1012 135 915 187 777 467 341 1016 317 345
1123 866 711 1137 520 143 278 956 827 38
1128 413 14 277 408 183 113 91 980 669
320 865 369 324 48 604 697 692 382 627
724 218 507 356 1099 375 685 871 262 115
781 1083 666 596 761 540 677 553 285 478
1018 775 1140 272 1076 310 397 1110 688 276
983 1144 834 191 434 1156 672 590 627 692
83 545 1017 720 353 661 15 558 22 374
491 1127 466 827 1 542 12 1043 278 231
403 443 999 765 402 64 869 703 913 900
597 349 84 267 155 538 263 573 252 575
860 119 363 473 151 713 297 236 174 901
437 338 654 555 516 633 456 224 598 1072
59 342 233 567 93 186 682 841 498 245
712 615 896 657 79 605 756 861 343 710
192 61 888 845 941 237 767 1046 776 846
170 599 150 548 997 1042 1129 456 852 516
299 171 141 195 527 361 914 262 808 628
200 824 1087 30 326 819 609 173 773 1092
316 1096 332 130 1095 450 58 726 829 580
417 23 744 143 1137 1070 520 866 956 134
852 548 389 599 919 1037 1060 170 122 224
231 1 37 891 491 466 511 12 1029 542
401 961 1108 442 995 694 1146 261 702 683
176 521 901 1132 684 236 1113 151 696 945
1118 941 888 54 337 675 518 61 1036 689
117 936 797 923 266 586 381 891 681 714
526 880 184 113 804 50 29 408 836 651
232 737 674 474 1010 687 535 460 429 677
911 465 549 416 427 296 938 386 909 1102
517 989 8 987 488 772 922 1062 821 616
975 313 194 485 534 635 144 630 500 470
731 71 168 539 43 802 116 230 910 189
327 948 917 1013 494 899 497 784 743 573
658 876 931 693 199 933 458 728 1133 133
620 988 1126 63 751 177 387 881 854 3
592 704 1061 1007 1162 207 464 139 642 583
884 479 752 432 758 699 147 990 1141 531
913 1089 869 111 579 402 446 765 623 328
122 919 794 389 118 852 793 1042 411 721
1162 592 704 139 1057 1007 1154 207 982 583
940 157 69 376 768 530 27 624 330 294
89 131 98 329 962 939 379 626 818 1111
421 404 331 185 803 921 741 454 1122 227
631 739 256 181 853 221 426 974 1069 598
1006 271 981 934 897 360 10 447 646 554
920 75 972 383 991 576 90 726 837 1095
120 169 188 748 607 960 54 787 352 1078
221 252 853 538 256 631 974 426 1065 235
134 744 407 417 533 1041 308 202 954 7
72 174 249 1112 297 511 37 523 546 473
985 224 109 97 721 759 411 633 598 555
6 253 430 770 1161 355 594 695 364 274
1093 564 395 152 825 1122 454 550 1088 803
496 24 334 483 288 937 1002 903 906 807
1140 397 688 1018 306 276 1026 269 1008 728
1001 612 952 461 747 570 892 348 532 811
864 960 377 216 748 188 120 448 815 1068
209 495 673 101 420 431 280 42 833 1119
145 344 147 1134 715 215 449 154 142 531
380 439 419 537 926 315 67 582 487 856
912 947 716 255 514 270 690 1119 1125 16
761 1025 677 781 596 666 540 535 967 478
736 35 81 55 100 582 638 315 733 537
140 322 385 510 149 323 440 307 927 718
382 614 697 291 48 692 369 41 124 320
200 773 1039 173 1019 204 609 824 406 258
405 741 1122 250 454 890 152 564 803 1074
111 1059 579 913 446 869 730 402 871 623
378 36 325 617 114 719 1155 698 595 94
259 949 254 441 166 1117 1141 82 699 370
326 760 600 609 1153 33 861 1124 591 173
395 1074 825 564 550 152 2 1122 454 1088
895 165 210 13 1143 664 1116 924 958 782
130 726 316 991 1040 75 1096 1067 196 476
332 1040 450 316 58 130 247 1095 908 905
790 867 1148 547 1124 490 26 632 129 1164
577 354 844 969 146 305 1105 706 644 128
356 871 724 685 1024 507 623 115 218 375
508 1133 595 458 693 1155 876 931 617 1055
73 722 656 366 311 108 863 820 238 452
873 296 105 549 414 246 734 190 911 1009
836 244 228 804 347 651 880 1104 314 29
347 62 244 425 795 314 1111 379 589 31
146 986 305 611 138 577 844 1098 128 312
610 785 56 189 230 552 874 802 481 539
197 159 447 881 10 387 994 360 854 63
401 995 1146 1044 261 961 683 442 46 694
640 831 971 735 303 527 258 406 838 882
310 771 167 272 234 791 775 319 1026 691
379 589 57 1104 347 1063 89 62 131 1147
822 249 714 523 681 1152 511 1071 788 37
151 696 996 119 1045 521 176 1132 625 901
374 953 1151 754 663 15 705 499 558 545
128 103 305 574 613 210 312 513 644 969
652 958 1145 268 1094 165 895 13 295 373
254 370 259 45 166 1091 82 425 795 217
1046 54 941 518 337 169 400 888 675 352
270 998 255 886 40 947 136 774 805 318
396 587 641 530 768 801 294 5 624 1004
345 976 467 317 706 436 187 525 844 777
454 741 152 803 1088 564 331 1074 421 405
711 1021 866 278 520 1137 956 827 143 38
600 1148 760 790 1092 1097 33 591 326 762
745 16 318 415 774 1142 136 524 947 255
620 751 1056 500 635 988 534 194 144 63
827 1029 491 278 12 1 466 38 711 231
14 1022 91 413 113 408 184 732 183 277
997 287 150 3 170 177 554 878 646 123
542 546 466 473 491 363 1071 1043 37 1029
501 708 984 77 351 636 85 28 811 943
521 684 1045 945 176 52 696 996 1113 901
1100 458 693 508 876 931 595 1055 658 933
449 715 670 1080 344 433 142 870 32 145
39 649 624 529 725 5 34 376 641 768
88 963 435 839 229 212 392 225 686 95
520 143 866 956 1021 1123 23 711 38 278
1149 333 843 80 180 243 66 766 172 965
78 868 727 241 875 798 608 593 536 399
1018 1076 1026 397 688 775 306 276 272 269
699 441 752 949 479 1091 1058 758 166 259
415 524 16 125 584 1125 645 745 565 318
924 664 513 782 1094 895 165 210 216 574
1027 191 434 983 590 834 1156 1150 672 627
652 373 1116 848 13 815 165 188 787 958
995 261 1108 683 401 46 1044 178 132 961
732 57 91 589 228 651 244 14 1111 29
790 1124 600 1097 760 867 33 591 1092 281
1138 180 243 333 766 843 220 80 164 603
226 590 434 910 191 116 43 1144 168 1027
953 705 1114 754 374 298 650 663 558 418
468 822 788 681 753 826 1112 714 929 314
861 609 173 896 326 1092 204 760 712 406
982 139 973 1162 616 1061 704 592 321 772
595 617 508 378 1100 1090 1133 36 325 458
672 834 627 692 983 697 1027 382 1144 865
388 740 551 148 337 518 394 675 676 400
1163 205 1015 691 816 455 319 959 234 667
950 423 655 946 390 265 350 900 800 489
505 780 647 630 877 486 792 298 485 99
430 594 274 6 1073 813 253 770 480 384
1061 139 704 592 1154 1007 1057 982 207 973
1015 1158 816 691 205 319 959 234 292 771
632 883 26 110 129 302 547 867 490 1097
