35 1 554 36 555 553 563 556 2 564
554 553 2 0 563 555 35 3 564 556
553 3 554 1 563 4 555 5 0 564
2 4 553 554 1 5 563 555 556 564
3 5 2 554 553 1 563 555 556 564
4 3 2 554 553 555 1 563 556 7
507 7 513 8 508 509 558 514 519 510
507 6 513 8 508 509 5 514 558 510
507 6 513 7 519 528 508 520 9 521
519 520 528 521 529 522 8 559 530 523
538 537 545 546 539 11 547 540 573 562
10 489 490 498 12 538 537 546 545 539
489 498 490 13 499 491 11 500 410 411
410 12 409 417 489 418 498 411 490 14
16 409 417 15 410 418 13 411 419 398
16 14 417 409 407 398 17 418 410 408
14 15 409 417 410 418 398 13 407 411
399 72 81 408 73 18 82 398 15 74
72 399 19 81 17 408 73 82 74 425
18 20 72 399 81 73 408 17 468 82
21 468 19 467 473 474 22 18 469 23
467 473 22 468 20 474 23 66 174 19
467 23 21 473 468 66 174 474 175 184
22 66 174 175 184 467 65 473 24 185
65 64 174 213 214 66 212 175 63 215
183 193 54 182 192 26 181 234 240 196
234 27 241 240 235 233 239 28 232 25
241 234 235 28 26 240 233 29 239 232
27 29 241 235 234 240 26 233 30 239
28 30 27 241 235 234 240 122 26 127
29 122 127 168 31 28 123 128 241 235
168 122 127 169 30 123 128 170 150 29
283 55 285 33 31 56 169 122 127 168
34 32 121 113 283 285 334 171 326 172
334 325 173 172 326 333 121 113 324 171
0 1 36 554 553 555 563 564 2 556
35 0 512 518 511 557 556 1 555 517
536 527 535 526 534 525 533 524 532 518
543 552 551 544 542 39 527 550 536 526
552 543 544 542 551 550 38 562 573 574
41 496 42 506 43 497 495 505 39 575
496 42 506 40 43 497 495 505 44 494
496 506 43 41 497 44 495 505 40 494
506 497 42 496 44 41 505 40 495 45
43 506 497 42 45 496 416 415 41 391
416 391 415 400 44 424 392 423 43 401
392 47 391 400 393 401 416 415 45 424
442 46 48 432 433 441 392 393 431 401
442 432 433 441 49 47 431 50 440 449
50 48 442 432 433 441 449 431 457 456
49 48 432 449 442 433 89 441 79 80
487 482 80 483 488 89 88 486 79 481
53 483 488 487 482 388 486 51 379 481
52 54 192 182 193 183 389 25 191 388
183 25 193 182 192 181 53 26 191 196
283 285 32 33 56 31 122 127 169 168
264 265 268 266 55 283 32 285 269 30
256 260 257 58 261 258 262 264 336 597
256 260 257 261 57 242 341 249 345 258
71 242 341 345 249 243 342 70 250 244
67 68 90 69 61 98 132 137 70 133
132 137 62 67 133 60 138 212 221 213
212 221 63 213 222 64 132 137 214 223
212 221 64 62 213 222 65 24 214 223
63 212 221 65 24 213 222 62 214 223
64 24 174 66 184 212 221 63 213 222
174 184 65 24 175 64 23 185 213 212
60 68 61 90 98 132 137 69 133 138
90 69 60 98 67 70 91 61 142 143
90 68 98 70 60 91 67 243 59 341
69 59 71 341 242 345 90 243 249 98
341 242 345 59 249 243 250 70 342 346
399 81 17 408 18 73 82 19 398 74
399 72 74 17 425 18 81 408 398 19
425 73 426 75 398 399 72 17 18 427
426 74 461 76 425 373 427 374 77 460
373 461 77 460 78 374 75 459 427 375
460 78 76 373 461 459 374 79 458 480
77 460 459 79 76 373 461 458 481 480
78 89 51 77 481 459 80 482 458 460
89 51 88 487 483 488 482 79 486 50
408 72 399 17 82 18 73 19 407 83
408 81 83 434 72 399 407 17 18 435
434 82 435 84 407 408 81 436 72 85
435 83 466 85 434 382 436 383 86 465
382 466 86 465 87 383 84 464 436 384
465 87 85 382 466 464 383 88 463 485
86 465 464 88 85 382 466 463 486 485
87 80 51 86 486 464 89 487 463 465
80 51 79 482 488 483 487 88 481 50
69 68 98 70 60 91 67 142 92 248
92 142 248 247 246 245 244 363 362 143
248 142 247 91 246 362 245 361 93 363
361 362 360 363 247 248 246 92 142 94
95 93 360 361 362 363 359 369 349 247
94 349 350 136 96 351 595 93 363 352
350 351 349 136 352 95 370 335 595 353
273 274 272 275 276 106 271 297 337 267
69 68 90 70 60 99 67 155 100 255
100 155 255 254 253 252 251 368 367 156
255 155 254 99 253 367 252 366 101 368
366 367 365 368 254 255 253 100 155 102
103 101 365 366 367 368 364 371 354 254
102 354 355 141 104 356 605 101 368 357
355 356 354 141 357 103 372 338 605 358
279 280 278 281 282 114 277 300 340 270
276 275 274 97 273 272 599 600 271 598
291 108 290 604 126 125 603 289 602 124
107 109 291 290 604 125 126 289 603 110
110 108 152 151 154 111 153 308 307 309
109 111 152 153 154 309 151 308 310 307
153 152 309 310 110 154 308 151 307 306
171 121 113 324 172 34 325 323 334 170
121 171 172 34 333 326 334 325 173 120
282 281 280 105 279 278 609 610 277 608
296 116 295 614 131 130 613 294 612 129
115 117 296 295 614 130 131 294 613 118
118 116 165 164 167 119 166 316 315 317
117 119 165 166 167 317 164 316 318 315
166 165 317 318 118 167 316 164 315 314
171 113 121 332 333 172 331 326 170 318
113 171 172 34 325 334 173 326 333 112
168 127 31 30 123 169 128 29 150 170
150 124 122 168 31 30 149 127 125 603
125 604 603 150 602 149 123 291 126 151
604 603 124 291 602 126 150 107 290 108
291 290 289 288 604 603 125 107 287 108
168 122 31 30 128 169 123 29 163 170
163 129 127 168 162 31 122 130 613 612
130 614 613 163 612 162 128 296 131 164
614 613 129 296 612 131 163 115 295 116
296 295 294 293 614 613 130 115 292 116
137 61 62 133 212 213 221 63 222 138
134 214 213 132 215 145 61 137 212 62
145 135 146 133 215 214 216 595 144 213
134 145 146 595 133 596 144 215 136 216
349 350 96 595 351 95 352 596 94 370
132 61 62 138 221 222 212 63 213 133
139 223 222 137 224 158 132 221 159 140
158 140 159 138 224 223 225 605 157 222
139 158 159 605 138 606 157 224 141 225
354 355 104 605 356 103 357 606 102 372
248 247 92 91 363 362 246 93 361 143
144 142 363 248 247 362 92 91 93 361
143 145 135 134 363 142 248 247 362 133
134 135 146 133 144 595 215 214 143 216
134 135 145 216 215 133 596 595 214 217
202 201 200 218 597 598 217 219 199 230
600 599 201 202 200 601 199 149 220 232
602 601 124 603 604 125 123 148 600 150
151 124 125 123 604 603 152 109 110 291
152 150 153 111 110 310 309 154 109 308
153 111 151 310 309 110 154 308 307 150
309 310 152 154 111 308 307 110 151 306
308 309 307 153 310 306 319 305 152 111
255 254 100 99 368 367 253 101 366 156
157 155 368 255 254 367 100 99 101 366
156 158 140 139 368 155 255 254 367 138
139 140 159 138 157 605 224 223 156 225
139 140 158 225 224 138 606 605 223 226
211 210 209 227 607 608 226 228 208 236
610 609 210 211 209 611 208 162 229 238
612 611 129 613 614 130 128 161 610 163
164 129 130 128 614 613 165 117 118 296
165 163 166 119 118 318 317 167 117 316
166 119 164 318 317 118 167 316 315 163
317 318 165 167 119 316 315 118 164 314
316 317 315 166 318 314 327 313 165 119
122 127 31 169 30 123 128 29 150 170
31 170 168 122 127 123 128 151 164 150
169 171 120 112 113 121 33 31 172 34
113 121 172 120 112 34 333 326 334 325
173 325 34 334 121 113 333 326 171 324
325 334 34 172 326 333 121 324 113 332
66 65 175 184 24 64 23 213 212 214
174 176 66 24 65 184 214 23 215 213
177 175 178 24 174 215 216 179 214 66
178 176 179 194 180 381 175 195 380 216
179 177 180 194 381 380 176 195 379 181
178 180 381 194 380 177 181 195 379 176
179 381 380 194 178 181 195 379 177 182
182 381 380 180 194 195 179 196 379 54
181 54 183 25 193 381 380 195 196 194
25 193 54 182 192 26 181 191 196 53
66 65 185 174 64 24 222 221 223 175
184 186 65 66 174 223 224 222 64 187
187 185 188 184 224 225 189 223 203 226
188 186 189 203 190 390 185 204 389 225
189 187 190 203 390 389 186 204 388 191
188 190 390 203 389 187 191 204 388 186
189 390 389 203 188 191 204 388 187 192
192 390 389 190 203 204 189 205 388 188
191 193 183 390 25 54 389 204 205 203
183 25 54 192 182 26 191 181 53 205
381 195 180 179 178 196 181 380 177 197
196 194 381 197 181 180 179 230 182 231
195 197 230 231 194 219 220 198 232 381
230 198 196 231 220 219 232 199 195 218
230 220 219 231 199 197 232 200 218 196
200 198 219 230 201 220 231 232 218 197
201 199 202 219 198 230 220 218 231 147
200 202 199 219 147 218 230 198 220 231
201 200 147 199 219 218 230 231 220 198
390 204 190 189 188 205 191 389 187 206
205 203 390 206 191 190 189 236 192 237
204 206 236 237 203 228 229 207 238 390
236 207 205 237 229 228 238 208 204 227
236 229 228 237 208 206 238 209 227 205
209 207 228 236 210 229 237 238 227 206
210 208 211 228 207 236 229 227 237 160
209 211 208 228 160 227 236 207 229 237
210 209 160 208 228 227 236 237 229 207
63 221 64 213 62 222 214 65 24 223
214 212 63 64 215 221 62 24 65 133
215 213 216 24 212 63 133 64 62 221
214 216 213 24 217 133 212 63 64 62
215 217 214 213 24 218 146 212 133 63
216 218 215 147 214 219 230 197 198 199
217 219 230 199 198 200 197 201 202 231
230 231 198 220 199 232 197 218 200 201
231 232 230 198 219 197 199 233 196 200
63 212 64 222 62 213 223 65 24 214
223 221 63 224 212 64 62 65 138 225
224 222 225 221 138 63 64 212 62 65
223 225 222 226 138 221 63 64 212 185
224 226 223 222 227 159 221 138 63 64
225 227 224 160 223 228 236 206 207 208
226 228 236 208 207 209 206 210 211 237
236 237 207 229 208 238 206 227 209 210
237 238 236 207 228 206 208 239 205 209
231 220 219 198 232 197 199 196 218 200
220 232 230 219 198 197 199 233 196 200
220 231 230 198 219 233 197 199 196 200
232 234 220 231 26 230 27 198 197 241
241 27 26 235 233 240 28 232 220 231
241 240 27 234 28 26 239 29 233 238
237 229 228 207 238 206 208 205 227 209
229 238 236 228 207 206 208 239 205 209
229 237 236 207 228 239 206 208 205 209
238 240 229 237 236 207 206 235 228 208
235 241 239 27 26 234 28 238 229 237
235 27 234 240 28 26 233 29 239 232
341 71 345 59 249 243 70 342 250 346
342 59 244 242 71 341 345 249 70 245
245 246 243 342 343 247 92 248 91 359
246 244 247 92 248 142 363 93 360 91
245 247 244 248 92 142 363 93 361 362
248 142 92 246 363 362 245 93 91 361
247 142 92 363 362 246 91 93 361 245
345 341 71 242 59 250 346 243 70 342
346 251 249 345 341 71 242 252 347 59
252 253 250 346 347 254 100 255 99 364
253 251 254 100 255 155 368 101 365 99
252 254 251 255 100 155 368 101 366 367
255 155 100 253 368 367 252 101 99 366
254 155 100 368 367 253 99 101 366 252
260 58 257 57 261 258 262 342 242 249
256 258 58 260 57 353 335 370 261 259
353 370 335 257 259 352 351 256 58 336
353 370 335 352 258 351 96 350 95 136
256 58 261 57 257 262 258 346 249 242
260 262 256 58 57 358 338 372 257 263
358 372 338 261 263 357 356 260 339 347
358 372 338 357 262 356 104 355 103 141
56 268 265 269 266 270 267 300 297 340
266 56 264 267 297 337 271 272 268 600
267 297 337 271 265 272 273 97 56 264
297 337 266 271 272 265 273 97 336 298
269 264 56 270 300 340 277 278 265 610
270 300 340 277 268 278 279 105 264 339
300 340 269 277 278 268 279 105 339 301
337 297 267 272 266 273 97 265 274 276
273 271 97 337 297 267 274 276 275 106
97 272 274 275 276 106 271 297 337 267
275 276 106 97 273 272 271 600 599 297
274 276 106 97 273 272 600 599 271 297
106 275 274 97 273 272 600 599 271 297
340 300 270 278 269 279 105 268 280 282
279 277 105 340 300 270 280 282 281 114
105 278 280 281 282 114 277 300 340 270
281 282 114 105 279 278 277 610 609 300
280 282 114 105 279 278 610 609 277 300
114 281 280 105 279 278 610 609 277 300
285 32 55 33 56 31 169 122 127 168
287 303 299 298 288 289 304 126 290 291
283 55 32 33 56 31 169 127 122 168
292 311 302 301 293 294 312 131 295 296
303 284 299 288 298 289 304 126 290 291
299 287 303 289 284 298 290 126 291 304
290 288 126 291 299 287 303 298 284 107
291 289 126 107 288 108 604 603 125 299
126 290 289 604 107 125 603 108 288 602
311 286 302 293 301 294 312 131 295 296
302 292 311 294 286 301 295 131 296 312
295 293 131 296 302 292 311 301 286 115
296 294 131 115 293 116 614 613 130 302
131 295 294 614 115 130 613 116 293 612
337 271 267 272 266 273 97 265 274 276
284 287 303 288 299 289 126 290 291 304
303 287 288 284 304 289 298 126 290 305
340 277 270 278 269 279 105 268 280 282
286 292 311 293 302 294 131 295 296 312
311 292 293 286 312 294 301 131 295 313
287 299 284 288 298 304 289 126 290 305
305 319 306 299 303 307 287 288 154 308
319 306 307 304 308 154 320 309 321 310
319 307 305 308 154 320 304 309 153 321
306 308 319 154 305 309 320 153 310 304
154 307 309 306 153 310 319 305 320 111
153 310 154 308 307 111 152 306 319 305
309 153 154 152 308 111 307 306 151 110
292 302 286 293 301 312 294 131 295 313
313 327 314 302 311 315 292 293 167 316
327 314 315 312 316 167 328 317 329 318
327 315 313 316 167 328 312 317 166 329
314 316 327 167 313 317 328 166 318 312
167 315 317 314 166 318 327 313 328 119
166 318 167 316 315 119 165 314 327 313
317 166 167 165 316 119 315 314 164 118
306 305 307 308 304 154 320 309 321 153
321 307 306 319 322 308 305 154 309 310
320 322 323 307 308 306 319 154 305 309
321 323 320 324 308 307 309 154 310 306
322 324 321 325 112 334 34 320 173 172
325 334 323 34 173 172 121 113 326 112
173 334 34 172 326 333 324 121 113 171
333 173 172 34 334 325 332 113 121 171
314 313 315 316 312 167 328 317 329 166
329 315 314 327 330 316 313 167 317 318
328 330 331 315 316 314 327 167 313 317
329 331 328 332 316 315 317 167 318 314
330 332 329 333 120 326 328 172 113 318
333 326 331 172 173 113 121 334 34 120
326 172 173 334 34 325 332 113 121 171
34 325 173 172 326 333 324 121 113 171
370 353 352 259 351 258 96 336 350 136
335 353 370 352 273 272 97 297 337 271
297 271 267 272 266 273 97 265 274 276
372 358 357 263 356 262 104 339 355 141
338 358 372 357 279 278 105 300 340 277
300 277 270 278 269 279 105 268 280 282
345 242 71 249 59 243 250 70 342 346
243 343 244 59 242 71 341 345 245 249
344 342 369 244 359 243 245 246 360 59
369 359 343 360 245 244 342 246 94 93
341 249 71 242 59 250 243 70 346 342
250 347 251 249 345 341 71 252 242 59
348 346 371 251 364 250 252 253 365 101
371 364 347 365 252 251 346 253 102 101
136 350 96 95 351 595 352 94 370 596
96 349 136 351 95 352 595 370 335 94
96 352 350 349 370 136 335 353 259 95
370 335 353 351 259 96 350 136 349 258
370 335 352 259 258 351 96 336 350 136
141 355 104 103 356 605 357 102 372 606
104 354 141 356 103 357 605 372 338 102
104 357 355 354 372 141 338 358 263 103
372 338 358 356 263 104 355 141 354 262
372 338 357 263 262 356 104 339 355 141
369 360 344 93 361 343 245 246 94 362
93 361 359 362 369 246 363 94 247 245
93 362 360 363 247 248 92 246 142 94
93 361 363 248 247 360 142 92 246 94
362 247 248 93 361 142 246 92 360 245
371 365 348 101 366 347 252 253 102 367
101 366 364 367 371 253 368 102 254 252
101 367 365 368 254 255 100 253 155 102
101 366 368 255 254 365 155 100 253 102
367 254 255 101 366 155 253 100 365 252
359 344 343 360 245 93 361 246 244 94
335 353 352 259 351 258 96 350 336 136
364 348 347 365 252 101 366 253 251 102
338 358 357 263 356 262 104 355 339 141
76 461 77 460 374 78 75 375 480 459
375 376 461 373 76 479 472 480 460 77
374 376 479 472 461 373 471 480 377 76
375 472 374 479 377 471 480 461 373 470
479 471 472 480 376 470 375 378 374 379
379 380 179 180 178 377 181 381 177 480
378 380 180 179 181 178 381 194 182 177
180 181 379 381 179 194 178 182 195 378
194 180 181 195 179 380 178 196 182 177
85 466 86 465 383 87 84 384 485 464
384 385 466 382 85 484 478 485 465 86
383 385 484 478 466 382 477 485 386 85
384 478 383 484 386 477 485 466 382 476
484 477 478 485 385 476 384 387 383 388
388 389 189 190 188 386 191 390 187 485
387 389 190 189 191 188 390 203 192 187
190 191 388 390 189 203 188 192 204 387
203 190 191 204 189 389 188 205 192 187
400 416 45 415 392 424 423 401 44 46
415 416 391 393 46 45 400 414 444 443
392 444 394 445 414 415 46 416 443 391
445 395 446 393 447 444 396 414 413 392
446 445 394 396 447 448 444 393 430 429
395 397 446 447 445 429 394 448 428 430
396 428 427 398 429 395 426 411 410 446
425 73 74 15 17 16 426 399 72 397
72 17 81 408 73 18 82 398 19 74
391 424 423 45 401 416 415 392 44 46
423 424 400 402 391 422 45 46 451 450
401 451 403 452 422 423 424 450 400 593
452 404 453 402 454 451 405 422 421 401
453 452 403 405 454 455 451 402 439 438
404 406 453 454 452 438 403 455 437 439
405 437 436 407 438 404 435 419 418 453
434 82 15 83 435 408 81 406 16 72
81 72 399 17 82 18 73 407 83 434
417 14 410 16 13 418 15 411 12 419
409 411 13 417 14 16 418 12 412 490
410 412 13 413 409 588 491 490 587 12
413 411 588 587 586 443 444 585 414 584
588 412 443 587 586 444 414 585 584 411
443 586 444 588 587 413 585 415 416 412
416 45 391 392 414 44 400 443 586 587
415 45 391 392 400 44 424 414 423 443
409 14 418 16 13 410 15 419 411 12
417 419 409 13 14 410 16 420 12 499
418 420 421 417 13 594 500 499 593 592
421 419 594 593 592 450 451 591 422 590
594 420 450 593 592 451 422 591 590 419
450 592 451 594 593 421 591 423 424 420
424 400 401 422 391 450 45 592 593 594
423 400 401 391 45 416 44 422 415 450
74 426 73 75 398 399 17 72 427 18
75 425 427 74 461 428 76 398 373 73
428 426 75 76 461 460 373 429 397 77
427 429 460 76 459 461 397 426 430 373
430 448 428 457 458 449 459 447 431 396
448 457 429 431 447 449 458 446 459 428
448 430 457 432 449 447 458 429 446 48
48 442 433 49 431 47 441 457 50 449
442 441 48 432 49 47 440 50 431 462
83 435 82 84 407 408 81 436 72 85
84 434 436 83 466 437 85 407 382 82
437 435 84 85 466 465 382 438 406 86
436 438 465 85 464 466 406 435 439 382
439 455 437 462 463 456 464 454 440 405
455 462 438 440 454 456 463 453 464 437
455 439 462 441 456 454 463 438 453 433
433 48 442 440 49 432 47 462 456 455
48 433 432 441 47 49 431 50 440 46
587 588 586 414 413 444 585 412 415 416
414 413 443 588 587 586 393 412 445 415
394 395 446 393 444 447 396 413 414 448
447 395 445 394 448 396 430 431 393 429
446 448 395 430 431 445 394 429 396 457
430 447 431 429 457 446 449 458 395 396
457 458 430 431 459 429 448 78 49 432
593 594 592 422 421 451 591 420 423 424
422 421 450 594 593 592 402 420 452 423
403 404 453 402 451 454 405 421 422 455
454 404 452 403 455 405 439 440 402 438
453 455 404 439 440 452 403 438 405 462
439 454 440 438 462 453 456 463 404 405
462 463 439 440 464 438 455 87 441 465
449 458 430 431 448 429 459 447 432 78
457 459 449 430 429 78 460 431 448 77
458 460 78 77 457 449 76 429 373 461
77 76 461 459 373 78 458 374 428 427
373 76 460 77 374 75 375 78 427 376
456 463 439 440 455 438 464 454 441 87
462 464 456 439 438 87 465 440 455 86
463 465 87 86 462 456 85 438 382 466
86 85 466 464 382 87 463 383 437 436
382 85 465 86 383 84 384 87 436 385
21 473 22 468 474 23 20 66 174 175
467 21 20 473 22 474 469 23 19 175
470 471 468 377 378 20 467 74 75 376
471 469 377 376 480 479 375 378 472 374
470 377 376 479 480 375 472 469 374 378
479 376 377 375 374 480 471 470 461 373
467 21 474 22 468 23 20 66 184 185
473 467 21 468 475 20 22 23 185 476
476 477 474 386 387 473 83 84 385 485
477 475 386 385 485 484 384 387 478 383
476 386 385 484 485 384 478 475 383 387
484 385 386 384 383 485 477 476 466 382
472 377 376 480 375 471 374 461 373 470
479 377 481 472 471 376 374 375 373 461
482 480 79 51 488 78 487 483 77 378
488 483 487 51 481 52 89 80 486 79
488 487 482 51 52 80 89 486 481 53
478 386 385 485 384 477 383 466 382 476
484 386 486 478 477 385 383 384 382 466
487 485 51 88 483 87 482 488 52 86
483 488 482 51 486 52 80 89 481 88
483 482 487 51 52 89 80 481 486 53
498 12 490 499 11 13 491 500 492 583
491 489 12 498 11 492 583 577 499 576
490 492 577 583 576 584 493 489 12 494
583 577 493 584 576 491 494 585 495 490
584 494 492 583 577 576 495 585 491 496
493 495 584 492 576 583 585 577 496 491
494 496 493 584 42 585 576 41 492 583
42 41 506 43 495 497 40 44 494 505
506 43 505 42 41 496 44 40 504 495
489 12 499 490 11 500 13 491 501 589
500 498 489 12 501 589 582 490 581 11
499 501 582 589 581 590 502 498 503 591
589 582 502 590 581 500 503 591 504 499
590 503 501 589 582 581 504 591 500 505
502 504 590 501 581 589 591 582 505 500
503 505 502 590 591 581 501 589 582 497
497 504 506 43 42 41 503 496 44 40
43 497 42 496 41 44 505 40 495 45
6 7 8 513 508 509 558 510 511 514
509 558 510 507 511 6 7 8 557 513
510 558 508 511 557 507 7 6 8 559
509 558 511 508 557 507 512 559 556 7
510 558 509 508 512 557 36 518 507 559
518 36 511 37 517 510 558 509 508 8
7 507 6 8 514 515 568 516 517 508
515 568 516 513 517 567 7 8 507 569
516 568 514 517 567 513 569 518 566 530
515 568 517 514 567 513 518 569 566 530
516 568 515 514 518 567 512 513 36 569
512 517 36 37 511 516 568 515 514 513
9 528 520 521 8 529 522 559 530 523
521 519 522 9 559 523 528 524 8 525
520 522 559 523 519 9 524 525 560 528
559 523 521 520 524 525 560 519 9 526
524 522 559 525 521 520 560 526 527 519
523 525 522 559 526 521 560 527 520 536
524 526 523 527 522 559 536 560 37 521
527 536 525 535 37 524 523 534 560 522
536 526 535 37 525 534 524 38 533 523
519 529 9 530 520 8 531 569 521 532
530 528 531 569 532 519 533 9 534 570
529 531 569 532 528 533 534 570 519 568
569 532 530 529 533 534 570 528 535 568
533 531 569 534 530 529 570 535 536 37
532 534 531 569 535 530 570 536 529 37
533 535 532 536 531 569 527 37 570 530
536 527 534 526 37 533 532 525 570 531
527 535 526 37 534 525 533 524 38 532
538 545 546 10 539 547 540 573 548 11
537 545 10 546 539 547 540 573 562 11
540 538 537 573 10 562 541 545 574 546
573 541 562 539 574 561 575 538 542 537
573 562 540 574 561 539 542 575 543 39
543 39 552 562 573 541 544 574 551 38
552 39 544 542 551 38 550 573 562 541
551 552 543 39 550 542 38 572 578 549
546 537 538 10 547 539 548 578 540 572
545 537 538 547 10 539 548 578 572 549
548 546 545 578 572 549 537 579 538 571
578 549 572 547 579 571 580 546 550 545
578 572 548 579 571 547 550 580 551 570
551 544 572 578 549 552 579 543 39 571
544 552 550 543 39 38 542 578 572 549
543 544 39 551 542 550 38 562 573 541
2 1 563 554 3 564 0 555 4 35
1 2 555 553 3 0 563 556 35 4
556 554 1 2 0 557 3 553 35 4
555 557 554 1 0 35 2 3 553 36
556 555 510 511 509 508 554 0 36 558
509 510 508 511 559 507 8 521 522 557
522 523 521 524 520 525 558 519 560 526
561 523 524 525 522 521 526 573 541 559
541 560 573 540 562 574 542 539 38 543
573 541 574 540 575 561 542 539 543 39
553 564 1 2 554 3 565 0 35 4
565 563 553 566 1 35 0 2 554 3
566 564 567 563 35 0 553 1 2 36
565 567 564 35 563 0 517 516 515 36
566 565 516 517 515 514 564 568 36 35
515 516 514 517 569 513 530 531 567 518
531 532 530 533 529 534 568 528 570 535
571 532 533 534 531 530 535 578 549 569
549 570 578 548 572 579 550 547 551 580
578 549 579 548 580 571 550 547 551 546
541 562 540 574 561 539 542 575 543 39
562 541 573 575 540 542 539 561 543 39
574 562 541 573 540 576 539 542 561 39
492 577 583 493 494 584 491 495 575 585
583 492 493 576 584 491 494 585 495 490
549 572 548 579 571 547 550 580 551 546
572 549 578 580 548 550 547 571 551 544
579 572 549 578 548 581 547 550 571 551
501 582 589 502 503 590 500 504 580 591
589 501 502 581 590 500 503 591 504 499
492 577 493 584 576 491 494 585 495 490
493 492 585 583 494 577 576 495 491 586
584 586 493 494 492 413 443 588 414 583
443 587 588 414 413 585 444 412 415 584
588 443 586 413 414 444 585 412 415 584
587 443 586 413 414 444 585 412 415 584
501 582 502 590 581 500 503 591 504 499
502 501 591 589 503 582 581 504 500 592
590 592 502 503 501 421 450 594 422 589
450 593 594 422 421 591 451 420 423 590
594 450 592 421 422 451 591 420 423 590
593 450 592 421 422 451 591 420 423 590
136 135 349 596 350 96 146 134 145 95
597 595 135 598 146 136 147 134 349 96
598 596 147 599 201 202 200 217 218 199
597 599 147 201 200 202 596 600 199 106
600 598 148 201 200 597 202 106 276 199
599 601 148 106 598 276 201 200 275 202
600 602 149 148 599 603 604 106 276 125
149 603 604 125 601 124 291 126 107 123
604 125 124 602 291 126 149 107 290 150
125 603 124 291 602 126 107 290 150 108
141 140 354 606 355 104 159 139 158 103
607 605 140 608 159 141 160 139 354 104
608 606 160 609 210 211 209 226 227 208
607 609 160 210 209 211 606 610 208 114
610 608 161 210 209 607 211 114 282 208
609 611 161 114 608 282 210 209 281 211
610 612 162 161 609 613 614 114 282 130
162 613 614 130 611 129 296 131 115 128
614 130 129 612 296 131 162 115 295 163
130 613 129 296 612 131 115 295 163 116
