573 921 647 608 942 1723 1510 1108 1552 714
559 497 1656 1338 1234 1273 1417 817 1253 56
677 4 1476 452 765 877 1622 1666 1046 675
755 601 287 52 695 206 1587 1072 1089 1504
2 452 677 877 1622 1666 1476 675 1012 1517
376 642 912 1278 883 1598 1720 1466 140 352
1298 1284 1140 1389 1001 581 1478 53 1279 1250
277 1244 101 557 933 1438 1468 1547 531 1470
1315 1696 341 487 465 705 57 547 191 1539
270 1719 723 1021 267 1185 909 1005 1167 1629
1405 1190 1182 284 395 822 1620 1236 1672 518
934 367 739 1373 954 211 60 607 815 1680
790 1174 483 579 1521 1122 1242 1554 1557 115
1149 780 389 785 1549 539 1551 938 1413 1164
1472 109 163 917 651 907 701 17 421 499
513 209 1296 517 1532 1442 1577 1235 1501 936
1227 234 760 1518 614 973 30 1127 1674 805
907 499 917 953 1472 624 14 1253 109 817
443 1417 1273 1076 1338 304 559 1264 245 1656
76 1101 903 829 1581 1218 225 417 425 1134
1293 825 1360 1471 1169 1065 874 1003 93 925
746 312 486 1714 136 1722 1143 1607 1115 1313
170 1139 496 1272 1344 551 1147 1712 1571 392
1486 1310 1517 1725 199 1331 675 271 748 1666
49 1599 577 562 1657 1463 433 471 156 1340
1675 59 1322 1040 1276 1238 1207 1133 1449 1269
565 1664 662 1219 828 55 362 749 322 679
261 852 427 1364 1155 492 213 1508 398 87
658 692 1499 1215 406 1117 407 1167 1158 390
1624 976 47 1503 1633 652 171 1469 1339 1109
805 1127 614 1562 760 102 1240 232 1227 1662
1157 1398 724 1443 840 931 98 214 511 280
1730 369 911 578 1435 987 208 368 1431 1727
1691 89 916 1060 1116 1439 1288 397 1394 1194
87 280 1508 214 492 931 1364 1443 852 1398
1609 1488 1721 721 1408 1569 1473 792 462 394
734 1421 448 414 1146 1649 793 1430 1626 928
1022 979 649 1447 173 1542 488 974 1058 311
472 1698 1267 892 1027 965 947 1589 1268 1361
257 1317 1573 501 1455 370 1446 772 1050 235
718 402 1183 459 1013 1225 482 1576 1193 1498
690 461 618 927 678 1281 299 338 640 781
1462 1066 1045 841 363 164 664 919 952 599
609 880 1342 731 1223 1555 1348 1540 438 1426
500 247 1591 1179 863 839 285 1358 594 122
548 188 331 346 1537 189 998 1645 741 387
507 428 1143 663 197 1198 136 1064 560 456
1503 1624 1633 171 29 1469 1339 976 1109 278
635 90 958 365 929 532 747 1241 730 1525
562 577 24 1599 433 1657 156 1463 471 313
95 215 450 1494 740 599 202 664 1259 1597
1067 779 79 282 176 128 992 794 1493 531
601 1504 3 385 513 15 1296 209 1235 1501
581 1250 1389 1701 458 1104 617 432 242 1048
469 345 1536 1635 636 1243 537 1601 603 264
1219 749 679 1664 473 26 377 565 154 662
1234 1216 817 497 396 1163 1656 1253 1324 1
341 1539 487 127 465 612 1696 191 673 1381
126 1632 1366 1623 964 1266 1239 1245 63 1526
25 1040 1675 1238 1322 1207 1276 1269 1449 1133
954 815 187 739 843 934 1204 11 1111 439
1537 1437 823 548 1299 1378 741 67 998 45
769 354 418 523 846 449 356 1336 1078 941
536 1239 1285 964 510 1366 1061 1632 971 58
824 1533 1424 676 1175 924 359 1138 364 1631
298 1426 1660 1223 983 1348 609 1459 1431 43
1403 344 1422 1665 1221 430 1018 1330 318 71
413 1378 823 653 1299 1437 330 61 741 381
777 913 748 447 1331 198 1475 1725 1461 1197
1206 901 833 1211 302 1008 547 1671 381 705
680 509 244 1615 243 535 860 558 380 1682
1330 671 430 175 1665 1055 344 474 66 919
419 1444 939 1323 1524 323 1367 357 1377 229
1560 1584 802 444 1514 1692 1168 1108 494 974
876 1679 289 668 104 80 1734 1708 92 989
149 468 233 709 471 775 1657 543 80 92
19 829 903 1101 1581 225 417 1218 1134 1634
1016 1106 1690 1546 878 1197 681 904 1475 1594
1163 975 1324 184 1216 637 396 857 1083 56
1493 992 1067 105 282 514 128 51 1042 794
92 1679 342 74 876 668 150 289 1734 104
132 196 357 374 1524 1375 939 630 1380 141
400 154 646 377 1286 473 787 1081 549 845
541 694 938 985 1549 984 722 1445 1551 119
1307 588 1379 1606 162 797 842 274 712 1602
1372 410 1425 114 988 1453 610 263 467 1642
1346 1347 1496 894 110 1428 628 1391 940 1184
1508 34 492 280 1364 214 852 931 27 1443
522 914 1332 158 886 1141 445 446 1026 1483
33 1060 1691 1439 916 397 1116 545 1288 1498
48 365 635 1525 1610 735 958 1694 1026 1427
1639 813 454 845 549 693 1286 646 787 1187
342 80 150 1679 1590 74 876 668 1094 289
195 1169 308 1360 1293 1065 1471 567 20 925
305 1080 587 1300 803 1032 1702 230 145 383
450 50 740 215 202 1494 309 599 1597 1259
1345 961 711 203 576 697 922 625 757 561
1545 1124 1309 611 867 552 619 1199 133 111
840 511 1205 724 1304 1157 895 31 476 1398
456 174 1198 470 663 560 733 478 428 1000
1189 1461 1015 198 1035 556 1543 181 913 334
1244 933 1468 7 531 277 794 557 128 1438
1562 232 805 1662 30 812 614 1127 760 335
742 1351 1621 593 1673 294 1062 355 1516 564
289 1708 876 74 727 668 481 1679 1734 1084
514 1493 79 1042 992 282 1067 875 128 51
121 404 1087 1280 1096 420 819 762 585 899
1519 1180 613 672 1593 303 1600 1667 529 503
835 1392 714 256 1510 1402 942 788 703 573
163 14 651 1472 701 917 421 907 1513 17
940 1391 1670 1184 86 1346 1347 1496 1306 1195
1704 611 1217 1124 956 1341 97 143 619 820
166 1349 996 353 1559 441 168 789 1695 596
1012 144 877 1097 1622 1666 675 452 1517 1650
1372 1453 85 263 410 572 1425 616 988 217
1242 558 1521 535 483 244 12 1174 790 509
1270 526 1629 361 416 1005 686 1185 1007 909
1202 568 720 358 898 246 1541 241 582 1465
269 348 941 435 319 253 520 1336 858 1567
1551 1705 1549 785 592 938 1149 640 541 13
139 1506 1247 1039 999 1073 318 329 1018 530
1087 106 1096 404 819 1280 585 420 1653 762
1522 1358 641 839 182 1179 1395 759 227 366
990 1566 1502 283 639 1176 981 561 1165 697
1059 1511 893 1355 258 1565 332 1071 262 959
262 1487 1269 332 1207 1265 258 1238 893 1040
58 1623 1632 1266 1366 1245 964 1526 1239 431
1381 1539 57 465 341 129 673 1731 487 612
282 794 992 531 1067 79 1493 51 1468 105
1381 1199 127 552 133 1309 1731 1545 1539 867
1595 1727 542 208 850 368 911 1435 1730 660
1460 439 1548 1111 1204 843 1427 1068 187 1694
357 81 1524 196 939 374 419 1375 72 141
1731 1309 673 1545 129 1381 1199 612 97 127
669 1411 1597 1553 1259 1054 744 743 450 95
317 1388 540 373 636 1689 1354 201 896 1337
486 1143 746 507 21 46 312 428 1714 567
1687 744 699 1259 599 1597 595 664 1494 1045
1711 240 589 1489 339 1031 563 1289 696 631
1247 120 999 1506 318 1039 1018 1073 1221 329
912 1019 1337 201 896 376 254 273 716 580
1683 1380 1265 1252 1487 848 1269 125 1207 262
1611 1161 1017 1732 738 333 181 1648 1222 231
956 820 807 619 111 326 867 1704 611 1217
113 1097 1012 1650 877 279 1440 1622 271 771
1300 1316 1080 566 94 1231 305 1034 1634 587
881 879 1290 757 688 576 250 711 1407 1345
314 1618 1377 982 937 229 323 1485 1070 1367
629 621 1103 980 1450 393 706 1470 327 1547
233 75 471 468 1657 709 577 24 775 49
1590 342 1094 92 717 80 775 543 709 683
665 801 1279 1258 1478 702 538 1074 310 157
737 861 932 437 1233 957 534 1335 1170 180
1075 177 831 789 441 166 996 1033 628 112
82 377 400 473 646 679 1286 787 1081 749
810 186 1556 1043 1717 266 1646 296 643 1436
313 433 391 562 1700 49 1599 1463 24 508
310 1246 538 770 702 1716 1258 1228 453 1074
914 1141 88 446 522 1483 1332 372 962 886
1709 388 1254 1274 1682 224 243 1002 1007 509
1605 228 380 786 860 993 1615 719 680 70
1384 1257 1410 1530 1091 1515 297 1025 426 1047
795 1379 1715 1669 1307 626 1602 767 274 1370
109 651 701 14 421 1472 1513 917 923 907
841 952 950 1462 42 1066 1713 1045 1041 527
1263 291 935 797 984 1142 985 1606 722 694
112 996 441 353 789 1349 177 168 1559 628
1390 1086 1718 440 758 179 1596 503 945 1667
353 1695 996 570 112 1349 166 441 638 1559
1636 1652 730 929 521 532 423 958 747 491
1272 22 1139 551 496 1344 1712 1147 392 1571
1469 1503 1109 47 1113 1624 29 1633 1036 976
804 409 1303 1619 827 1069 183 1038 1570 1164
649 974 1022 37 1168 1447 1584 979 488 73
99 470 456 733 1198 906 663 560 478 428
1055 671 71 474 1330 919 430 363 1665 1066
779 1423 51 1707 1067 1564 128 794 282 531
153 789 441 166 1075 996 628 112 353 831
1210 1308 1177 782 337 969 659 897 222 700
503 440 1667 1390 167 303 1086 672 1718 1180
1406 1335 948 957 1023 437 249 861 648 152
556 738 1035 1017 1543 1611 1189 100 142 334
366 641 759 1395 1029 1172 1522 227 615 660
1303 1164 172 804 409 1069 1619 780 827 1038
857 1324 78 975 1163 1031 396 637 1216 1083
1681 1188 1531 849 237 1194 1418 1394 1116 916
155 1043 810 266 1556 296 1717 1436 1646 1160
843 815 1204 60 1111 439 954 131 739 1460
346 45 189 548 387 1645 331 1374 998 1537
1645 331 998 1374 188 45 346 548 741 1212
1458 888 321 1382 1118 1261 1186 1371 713 736
487 612 1696 341 673 57 8 1539 1731 127
600 851 955 1154 1277 1295 1576 865 1013 1523
753 1459 615 1348 1029 1223 1426 609 65 1342
1399 1160 1436 584 296 351 266 908 1043 1121
308 93 567 1169 1592 1360 1293 1065 1471 925
81 374 132 1375 357 630 1252 1380 1524 848
1064 663 428 560 478 1198 46 1654 1000 456
447 1461 913 1475 1594 68 1197 403 777 100
1725 271 1310 1331 1440 23 748 1486 777 771
1684 555 652 336 382 1095 976 297 1329 1544
1019 373 1337 140 896 540 317 1689 716 912
309 740 1668 450 278 95 1339 50 215 1633
961 697 922 96 561 625 1345 1170 1176 534
316 1033 1603 1112 831 1214 1481 1075 986 872
424 594 285 1644 1580 855 863 902 210 1706
1072 695 1128 1587 755 1152 1501 3 287 601
1224 674 1251 1428 1685 1579 1306 1162 1496 1009
1727 368 130 1678 1595 425 32 1730 369 911
15 517 1532 1442 513 1577 1501 936 1291 1296
855 1706 502 1580 398 1644 424 902 1260 205
1373 607 367 1680 11 1056 934 525 739 480
230 710 587 700 803 1032 1702 305 969 383
1155 398 427 502 261 1706 27 210 852 855
280 931 1443 34 1398 87 31 1508 1157 492
50 1494 95 599 450 664 740 744 1045 1259
1302 1491 1326 920 479 1393 1540 1353 731 627
1181 616 390 572 407 263 692 1453 28 114
1313 1676 1607 1356 1592 687 1722 1714 1115 312
1030 350 960 1394 1288 1407 1079 1116 1194 250
1289 698 563 238 696 1528 1711 1083 252 138
732 1325 1130 1305 1229 870 1297 1228 267 702
897 864 659 1457 392 1057 337 1712 687 551
1100 972 1574 910 284 1405 411 494 395 822
1002 1274 1007 388 361 159 1270 1709 116 1254
903 1634 76 19 1034 829 1101 1581 1218 1231
816 1010 1151 451 1465 1137 246 1520 241 1173
1395 1699 182 366 320 641 1029 759 1522 615
786 160 1605 993 380 719 860 429 1615 680
1367 937 1377 1323 1070 323 314 1444 147 419
212 587 803 1032 710 1702 305 383 700 94
1222 809 1648 1482 333 1136 1732 634 873 1161
102 1662 1562 812 805 30 335 1612 1361 1638
471 149 1657 75 577 468 24 49 1599 709
16 1518 1227 973 760 1674 614 844 30 1127
707 751 1703 501 1446 516 1455 1317 1255 370
1135 1643 493 1343 1480 1327 1527 1433 1385 1203
1531 1418 1681 745 185 1538 1188 426 434 1608
698 1528 220 252 1289 1321 563 286 696 504
997 1093 1319 1287 412 655 475 1150 1663 871
138 1489 339 1711 631 589 826 1301 1289 1031
1465 358 246 568 1010 1151 1202 117 226 451
704 436 1104 1701 1120 1365 458 1250 1028 1357
1682 509 1254 70 244 680 535 1615 1709 558
535 70 509 558 680 243 115 1615 1242 1682
598 1076 1550 443 1264 725 18 1123 304 1396
1010 568 241 1465 358 226 117 1151 1202 816
44 1179 500 839 1591 1358 863 122 285 1522
977 848 1252 352 630 1380 1278 1375 1397 374
648 1023 1098 948 1655 1406 378 180 1051 1335
1407 688 1030 1290 960 1079 219 905 350 879
1053 1729 464 670 1495 328 899 762 1318 401
1528 1321 238 286 698 504 220 1014 1289 869
941 1336 319 269 846 523 520 118 449 354
580 273 716 896 1359 1720 1337 140 1019 912
784 405 634 1617 1136 485 809 1648 231 1222
1392 1402 108 788 835 703 714 869 1510 1014
1573 39 1050 1317 1166 501 370 772 1455 384
332 893 262 1511 125 124 1487 1269 1059 1207
643 943 1646 383 1717 1702 1556 1032 810 803
1641 1520 1404 451 1137 1173 816 768 1144 928
27 427 1155 852 213 1364 398 492 502 1508
125 332 1487 258 1269 1207 893 1238 1265 1511
1453 572 114 616 1372 217 85 1181 410 390
1467 1635 1126 859 422 345 1153 1601 1145 1243
1255 279 516 1650 1703 707 235 1097 751 915
1043 296 186 1436 155 1160 810 194 1556 1399
1297 723 1229 270 1130 9 732 1719 221 1021
586 667 644 1203 1320 1385 1048 432 1527 617
941 118 253 319 1336 348 523 520 846 435
723 9 267 1719 1297 1021 1229 1185 909 1005
199 1440 1725 1310 771 1331 23 1586 748 1486
796 1449 1386 1276 1322 1585 1675 25 59 1133
254 1720 580 883 912 140 376 896 716 1337
1602 842 1715 712 1379 162 626 781 1307 795
1557 574 1122 1572 790 1220 12 882 483 1174
1500 791 1063 1456 1651 1209 1474 384 300 772
557 7 1438 1244 1547 101 1470 933 1468 393
1668 1339 309 1633 202 1624 47 1503 740 171
265 1650 1255 1097 516 144 1703 1586 915 771
214 34 87 931 1443 1508 1398 492 31 1364
1282 1693 806 1132 1505 484 1230 399 1697 590
128 992 1493 79 1067 794 105 531 51 514
1566 1176 123 561 990 697 922 625 1502 203
1405 822 1574 10 395 1236 411 1190 1182 1100
594 863 205 1591 424 500 44 1644 1580 855
1321 504 252 1014 1528 869 703 238 788 698
1089 755 834 3 1128 1072 1152 206 728 601
1638 971 1612 1061 335 812 510 1361 1662 1285
876 104 74 668 1708 1679 1734 727 80 989
1400 1434 544 1084 1575 1340 481 1376 1463 727
165 797 1263 1606 935 588 984 1142 985 694
686 889 416 526 1369 1629 116 1270 1005 656
386 756 1409 1726 524 1416 923 970 1513 1582
593 355 1351 1004 103 853 742 891 1621 1232
512 326 1068 807 1111 820 439 1204 131 843
266 1436 1043 1160 186 194 155 1399 810 584
1530 336 1257 161 1384 555 1410 1515 1091 200
1660 65 983 1426 1431 1223 1435 1348 1459 609
678 640 927 592 1281 461 1705 338 1544 41
379 1474 959 1651 1071 1063 1565 1500 1355 276
1241 900 747 591 532 1311 958 635 730 830
547 1008 69 901 1671 1315 1206 1211 833 490
672 1667 1180 503 107 179 1519 440 613 1390
1264 1273 443 1123 559 18 1076 1417 245 1396
94 587 803 1032 1080 1702 230 383 1300 212
875 1191 1042 582 1541 514 105 898 720 1493
480 764 525 654 1056 645 1680 1352 607 434
567 195 1592 93 1607 1169 1313 1360 1293 1065
202 1668 740 278 450 1339 95 1633 50 1624
538 157 702 1246 1258 1228 770 1074 1716 870
488 799 1447 774 1022 1688 1663 412 37 649
21 1714 746 1722 486 1115 136 1313 1607 218
391 156 1700 433 508 562 364 1463 1599 49
147 1377 323 1618 229 1367 937 1444 982 1323
946 818 1212 623 1578 866 728 1374 1152 387
1603 204 1112 1214 1033 1481 831 872 986 1075
135 1689 896 716 201 373 1337 1388 1359 1019
1018 999 1221 1247 1422 139 1403 120 66 1506
253 520 269 941 1336 118 1567 846 348 523
1699 967 227 546 1395 1564 366 182 1029 641
1118 1458 1186 190 713 888 884 1382 415 1261
800 362 1271 828 750 662 763 565 596 26
1444 1377 1323 1367 72 314 419 229 147 939
1003 1196 1471 1192 1293 1429 20 1169 825 1360
936 327 1442 706 1291 811 1577 1419 1450 1532
295 807 512 820 1068 143 1341 1217 1111 666
706 325 936 1450 1442 811 1103 1419 1291 847
1318 1053 1495 1200 251 464 401 995 1729 670
530 1073 1039 1193 1506 1225 120 1183 139 402
490 1299 653 413 1437 1671 381 67 833 1378
998 189 741 1645 45 548 188 1537 823 1374
262 258 125 893 1487 1269 1511 1207 124 1238
1732 1648 809 1161 231 1136 142 1222 634 1482
1543 1105 766 1015 1035 1368 1189 556 1534 100
1361 1612 812 1638 288 947 1662 971 232 1027
297 555 1530 200 1257 161 1384 1684 1410 1544
659 1177 897 222 1210 1457 864 392 1057 178
1281 1544 927 1095 678 461 299 382 640 1329
1489 631 826 240 1301 138 1558 1044 1711 1672
1512 554 1145 519 1637 1535 657 1153 1583 422
487 57 612 191 1539 1696 673 127 465 8
150 92 1590 80 1094 1679 709 775 717 74
1710 1507 1037 1735 506 1085 1049 1058 1552 963
66 1665 1403 430 1422 1330 1221 71 1018 671
1635 54 1243 1601 264 469 1536 859 537 1467
387 188 45 866 1374 1645 1212 189 946 331
1114 1208 1485 1363 982 878 681 1690 904 1016
118 435 269 858 319 941 520 926 253 1567
684 1133 1658 1322 1675 1276 1148 25 1449 59
1288 219 1394 1030 1116 960 1194 1407 916 1079
908 584 1121 1399 453 194 1716 1160 770 1436
1278 977 642 248 729 1397 1466 5 848 630
996 168 166 112 441 1695 1349 789 570 628
62 523 846 769 449 1336 1078 941 418 253
294 1004 853 593 891 1351 1232 103 1357 742
1166 418 1050 769 1573 62 257 354 39 523
1524 132 81 939 196 419 72 374 1323 1444
241 1202 568 117 246 1465 898 720 1010 1151
364 1175 508 1424 1700 824 391 64 313 1533
1144 989 928 1734 1404 1641 1649 668 260 448
1270 1007 116 1002 224 526 1629 1274 416 1005
322 828 800 662 1271 565 750 26 763 1664
1066 919 474 42 1055 1462 1045 841 164 664
508 359 1700 1175 391 1424 313 824 156 64
90 1525 1610 735 1694 48 1427 1026 1548 635
1029 182 759 1395 615 1172 641 227 660 753
11 1373 934 211 739 607 954 1680 60 1056
208 1678 1727 425 130 1218 32 369 1730 578
32 578 1730 987 911 1728 368 1678 208 1435
1455 772 1446 384 1317 751 501 1209 39 235
1260 1661 902 862 632 1644 1580 855 210 1432
962 1483 1240 446 1127 614 760 30 1141 1227
540 201 1354 1019 135 317 1337 140 896 1388
196 1375 81 630 132 1397 848 1252 248 1380
968 708 944 1445 463 722 1038 1142 694 985
912 5 140 642 1720 883 273 1598 1019 1278
154 473 82 679 400 749 646 55 1286 1081
1655 1051 1098 1074 648 702 1258 1228 538 249
959 300 1071 1474 1565 1651 1355 1063 1059 1500
860 1605 1615 160 680 228 70 509 786 243
653 833 413 1206 490 1671 330 1008 67 69
1329 1095 1616 1544 885 338 1497 1281 1036 1684
943 1702 259 1032 643 803 1646 587 305 230
772 1209 370 1456 1455 791 1446 276 1317 39
1235 1504 1249 622 1296 1561 513 52 550 15
1409 293 524 756 923 1726 1513 1416 421 970
346 866 188 1578 1212 1374 946 1645 315 45
159 1274 1709 224 1254 1002 1682 1007 361 243
539 1149 1413 13 785 1213 780 1549 1551 1328
407 1181 692 217 28 616 658 1499 406 1215
313 1700 508 156 364 433 359 562 1463 1340
1712 1457 551 897 864 222 1272 1057 659 170
1470 980 621 1547 148 1438 629 557 1103 277
836 792 1292 1569 550 721 1561 622 1249 1235
1620 1405 1182 1672 284 10 1044 1558 822 1574
1324 817 1216 1253 1163 56 184 624 78 497
545 1439 1498 1060 482 89 459 33 718 1691
213 502 1155 1706 427 210 261 855 27 1580
484 590 429 1132 719 1693 993 281 786 1282
646 82 1286 154 787 549 845 1081 377 454
1495 1085 328 464 1735 1318 1053 1200 251 670
40 1013 1183 1576 718 1225 1277 459 1193 955
873 1594 1197 1482 1475 1546 198 447 1106 1222
106 1280 121 420 1087 762 1096 899 819 1729
255 1617 784 485 634 715 1136 809 1070 231
1158 1499 1082 658 1215 1117 28 1167 1119 692
692 390 28 1181 658 1499 406 1215 217 1158
1396 691 1733 1123 1333 1264 966 1283 598 304
172 827 1069 1303 804 1570 183 1619 1256 1164
1425 85 988 1372 610 114 467 1642 1453 1312
1236 822 682 1574 284 949 1100 1405 1190 1688
1663 997 1688 774 949 239 475 1088 799 682
67 653 1378 381 1299 330 1437 490 823 833
36 793 1421 1146 734 1430 448 457 918 1630
884 847 1419 713 811 1186 1291 1118 327 706
1629 526 686 1005 116 292 1185 1270 909 1021
1134 1581 1492 829 564 1101 76 19 1218 1728
356 769 1166 62 1050 354 1573 523 449 1078
72 939 1323 1444 1524 1367 323 357 1377 229
1280 762 404 899 106 1729 670 121 251 464
701 1513 651 923 163 524 109 1409 14 386
1535 1467 1145 1637 264 1153 554 1126 340 657
491 521 1652 754 169 1024 1636 1433 730 929
205 1644 1580 855 594 902 210 285 1260 1706
1218 1678 368 1101 208 19 1581 829 417 76
1515 1538 1025 1091 745 1384 1410 1047 161 1608
1155 261 213 27 398 852 502 1364 492 1706
46 663 1198 197 560 507 456 1064 478 99
719 590 993 399 786 484 228 1132 160 1693
1330 1665 344 71 66 671 1403 175 1422 1055
1412 1526 1414 1245 978 1266 856 1623 1563 126
1048 617 1385 1203 458 667 1527 1701 1250 1104
156 562 313 49 1599 24 391 1463 577 1700
1608 1352 1047 645 1025 654 1091 764 426 1538
348 858 118 926 269 1006 520 319 1567 941
1365 704 242 1120 1104 1028 1701 1357 1268 458
957 861 1335 152 180 737 1406 932 948 1233
1555 890 880 1178 43 752 609 1342 731 1223
131 1111 1204 843 1460 1068 187 1548 815 1427
1390 179 167 503 1086 1667 1718 303 758 672
789 996 166 177 628 353 112 168 153 1349
1131 602 1159 1248 1736 1724 930 1334 1451 871
1076 18 245 1417 304 1273 1264 598 1338 559
1560 802 1692 73 494 1514 1584 910 1108 1168
886 1026 1332 735 1525 522 1610 1694 1427 365
1483 1141 372 158 962 914 1240 88 1127 614
913 1475 198 68 1594 1197 777 1461 403 1546
734 1649 36 1421 928 414 1404 1146 1626 1144
1078 846 523 1420 1336 354 253 1523 62 941
740 95 202 50 309 215 1668 1494 278 599
1520 1151 816 226 260 1465 1137 1010 1173 1641
4 877 1622 1666 2 1012 675 677 1517 113
1716 1121 770 908 1246 351 157 584 310 1399
1639 845 549 91 1286 646 787 813 400 1081
725 1631 1550 1138 598 924 245 676 1076 1533
1198 99 663 560 174 478 428 1000 470 197
793 605 414 1376 1146 1430 36 1575 918 1421
1701 617 1104 1250 432 1048 242 1385 436 1203
718 482 40 1498 545 402 1183 1225 397 1013
1452 814 1107 798 1102 783 1052 1125 1156 837
41 927 678 1281 299 338 690 640 1544 592
1473 837 1408 1052 1721 798 1609 1452 35 460
1038 944 1619 968 804 375 172 708 1164 183
670 1495 251 1053 1729 328 401 899 1318 762
1539 705 57 127 341 1211 8 1696 487 1381
1415 515 1529 661 1659 1625 1534 606 1368 1509
1642 1312 610 1148 1226 988 1658 553 1425 1201
75 709 149 775 233 543 342 92 471 150
54 636 537 345 1388 603 1536 1354 1243 1635
174 733 99 906 456 569 1198 1490 663 560
1657 233 577 149 24 49 1599 75 562 1463
1267 38 1027 1698 947 892 1361 965 1589 335
377 679 154 749 82 55 400 1219 646 1664
1055 919 175 363 671 1066 71 42 1330 1462
1319 1088 1287 997 518 412 239 1663 1093 1150
895 991 1304 477 1205 726 511 1171 604 98
991 726 476 1171 895 604 1304 1401 1205 1582
560 1000 663 945 1198 456 197 1596 428 99
1540 1326 731 1302 1342 216 609 43 880 1491
525 307 1056 764 1680 654 607 645 211 1352
1084 727 1434 1400 1340 1708 290 1463 544 104
459 1498 718 545 40 397 402 1439 1183 1225
1521 1174 12 1242 790 115 579 558 1122 535
399 1132 590 1693 429 281 719 1282 993 806
1617 715 405 1070 255 937 784 229 982 1618
136 746 1143 21 507 312 1714 46 1592 567
341 191 612 1696 57 673 1539 8 127 465
1447 311 1022 799 37 649 774 979 173 1542
1567 1165 520 981 319 639 348 253 118 435
330 1671 381 653 1299 1008 833 413 1206 1437
754 423 1024 521 1652 1433 169 1327 1636 1343
1364 1508 852 87 27 34 261 280 427 214
1480 1135 1527 236 1385 1203 667 1048 1643 268
1692 910 1560 444 972 73 802 223 1584 1100
1011 832 657 1009 854 1583 1162 519 1251 1512
22 1147 170 1272 1139 773 551 1344 1712 1627
1 817 1234 1253 1656 56 559 624 1338 396
761 666 1640 1341 1294 1217 1370 1704 994 295
17 953 907 624 917 1253 1472 817 497 396
1591 44 863 247 285 1179 594 839 205 1358
1317 235 751 1446 707 1455 1703 39 370 516
398 1706 213 210 1155 855 427 1580 261 1644
179 1667 303 440 672 1390 1180 167 107 1086
1014 286 869 1321 703 252 788 1528 1402 238
1046 1090 765 1604 1476 1713 677 950 2 952
1552 1037 1723 1710 921 343 647 0 608 1507
1143 46 136 428 486 197 663 1064 746 1198
1700 364 391 359 313 1175 156 1424 433 824
243 70 244 680 1615 1682 535 860 558 1254
1285 1061 971 536 288 63 1638 1239 1612 335
1205 98 1304 840 895 724 476 1157 991 31
295 1068 326 1111 439 1204 131 807 843 1460
1296 15 1235 209 385 1504 622 517 1532 1442
1042 105 1493 79 875 992 282 1067 306 128
466 661 1415 1625 1529 606 1659 1509 1534 1077
1255 1703 707 235 265 751 501 1446 279 1455
1532 209 1501 1577 1442 15 1291 936 1587 811
1088 1190 475 10 1236 822 682 284 411 1663
1583 1512 340 854 832 657 495 1637 554 1162
319 1567 253 489 269 118 941 348 1336 1165
1652 423 169 491 1636 754 730 929 1024 532
1332 88 886 914 445 158 1026 1141 735 446
846 354 1336 449 941 62 253 1078 269 769
923 1409 1513 386 421 293 701 756 651 1726
1056 480 1680 307 607 764 211 654 1373 645
116 416 1629 686 1005 1270 1185 292 361 909
1041 595 650 699 841 164 1462 1110 1687 952
1554 1099 579 1262 1174 12 790 483 1448 1122
1600 1477 638 1593 570 613 1695 1519 168 107
329 1193 1073 1225 1039 1183 1506 402 40 1013
794 1468 128 933 282 101 992 1067 51 1244
730 747 929 958 1241 1636 635 301 169 48
1613 1020 1256 743 1570 1054 827 1069 1553 409
1170 1233 625 932 922 737 697 152 203 561
558 244 115 1242 70 509 1521 243 680 483
63 1285 510 1239 1061 964 971 1366 288 1638
1536 603 1243 1354 469 54 636 1601 540 345
702 310 157 1258 1228 1074 1246 870 801 770
1413 389 1213 1149 1328 13 785 1497 780 1551
373 1354 603 201 135 1388 317 636 537 1019
938 83 1549 694 1551 119 785 985 13 1705
1595 850 130 660 1727 1172 208 759 1431 1435
775 1454 709 1156 717 1094 683 1590 783 468
1400 1575 290 1084 1376 1434 481 605 1340 727
1498 397 482 1439 459 1060 718 89 40 33
967 1564 320 1707 1699 1423 227 176 1395 779
302 1315 901 1211 1008 8 69 705 1206 465
45 1537 998 188 61 331 741 189 823 346
845 1286 787 454 646 1639 400 1081 91 82
1561 1292 1249 622 836 1235 385 394 1296 792
1272 1712 170 392 22 1139 1457 1344 496 864
1199 867 129 619 1545 97 1309 1124 1381 956
1226 1201 1312 776 1148 467 1006 1642 1658 610
340 1145 1512 1153 1535 1637 422 519 1126 657
336 200 297 1684 1530 652 1257 1095 1544 382
181 1035 738 1543 1189 1017 334 1015 100 1611
1438 277 1547 7 1470 1244 393 101 980 933
115 535 1242 244 1521 483 509 70 243 680
1273 1 1338 1417 1656 304 497 18 1234 443
478 663 1198 1000 456 197 428 945 99 1064
1176 697 922 283 203 625 1566 1170 961 534
433 49 24 156 1599 577 313 1463 1657 391
1289 696 220 1083 589 698 637 1711 1031 138
1492 1516 1728 1134 1062 987 417 1673 1581 578
662 26 828 1664 362 1219 322 55 800 749
1231 1316 1034 145 1634 1300 225 1080 903 76
1592 308 1607 195 1313 93 218 1169 746 21
246 117 358 241 1202 1010 720 1465 898 226
906 1490 733 1697 470 1230 174 1505 99 806
1695 638 168 1477 353 529 1559 1349 596 112
1479 1448 821 1262 1585 1099 1386 528 1554 796
263 616 1453 217 114 1181 1372 390 85 407
942 0 647 1510 608 921 714 1108 1723 835
275 1572 1557 1220 1122 882 790 1464 12 1119
1647 597 808 838 1614 887 1588 1081 874 787
757 711 881 1345 146 96 879 961 1290 203
49 24 1657 562 1599 471 433 1463 233 156
369 987 32 1728 1730 564 1516 1492 1678 425
1174 1554 12 483 790 528 1521 1122 1242 115
716 1359 254 896 1337 1689 273 1019 140 1720
1389 53 1284 1250 6 1701 458 1104 617 242
1541 898 1191 720 1202 306 117 358 875 568
1627 1314 773 1677 1147 1441 496 620 22 170
351 1399 908 194 1121 1160 453 1436 1716 296
819 1653 1096 1628 1087 689 121 1686 106 1275
268 644 1320 667 844 1203 1674 1385 1048 432
803 305 230 1032 1702 212 94 383 943 710
1606 84 797 1307 291 1379 165 162 712 842
1031 1711 857 138 696 1083 563 637 184 240
429 399 719 484 993 1132 786 1693 228 281
900 1311 301 830 1241 1350 747 905 532 1079
640 1705 299 119 678 1551 927 1281 785 1549
1351 294 103 355 742 1004 1621 853 1673 891
205 285 424 863 1591 1644 1580 855 210 500
699 527 1041 1687 1462 1045 841 650 137 164
1559 763 1349 750 112 1271 1695 168 570 166
838 575 887 1647 1081 808 787 1614 82 400
1550 245 725 1076 455 443 1123 1264 1396 1631
664 1494 1045 215 50 1462 42 1066 137 1687
955 192 1277 851 1576 1154 1013 1295 402 865
52 3 755 1504 1587 695 1501 15 513 287
1724 442 1736 1131 1451 871 1159 1248 1129 655
537 1354 1536 540 636 469 1388 54 1243 373
1171 1401 726 1582 477 970 991 1416 476 1726
1376 457 1575 793 544 414 1400 1430 36 290
1509 1625 1077 661 1237 515 1110 466 505 1090
211 1680 1373 1056 367 525 11 480 934 307
1108 647 0 573 1514 921 942 1723 1510 802
1342 43 1223 731 1348 880 1540 1426 1555 1459
467 988 1642 1312 1425 1148 1226 410 1658 553
1124 111 97 1704 619 956 1545 1217 867 143
487 191 673 341 57 1696 1731 1539 127 133
1593 1519 1600 107 529 1180 1477 672 638 303
760 1127 30 1240 805 1227 1562 962 16 102
1029 753 366 193 759 182 1395 1459 1172 227
572 217 263 1181 1453 390 114 407 692 1372
432 458 1048 1701 1250 1385 1203 1104 667 1527
781 690 712 41 842 461 274 678 927 299
867 956 552 143 1124 611 97 1199 820 111
1441 951 656 1677 1369 1314 889 583 292 1627
148 980 629 393 1103 1470 1450 1547 706 1438
1249 1235 1561 385 1296 550 1292 513 836 1504
818 1152 315 1128 834 728 1089 946 1072 1578
953 1253 499 817 497 396 17 1324 1 56
922 1170 697 534 203 561 1176 961 1233 283
767 1715 1669 795 994 1602 1370 162 274 1294
736 1353 1371 1393 920 1261 1491 1382 216 888
441 894 789 996 177 353 166 153 1347 168
148 1103 1450 621 706 980 327 393 325 1470
1375 1397 374 729 977 196 1466 248 352 848
826 339 1489 1301 1558 240 1044 1672 138 1620
862 1432 1661 1362 371 778 1260 1429 902 1192
1092 1568 1283 685 966 1387 918 1333 1430 1733
1136 784 809 1648 255 231 333 1222 405 1732
958 48 929 90 532 747 730 1241 1636 301
1388 469 603 1354 54 135 537 540 1536 345
1083 975 857 696 78 1031 184 589 563 1163
1477 570 1695 529 168 1600 353 1593 1559 596
1502 981 990 1165 489 123 1567 1566 520 283
299 592 678 1705 927 119 1281 461 338 1551
182 1522 1395 759 366 122 227 1172 1029 1358
5 1278 376 352 1598 1466 883 729 912 977
1646 259 1717 943 1556 383 810 1702 155 1032
586 1320 268 844 667 1674 1203 973 1518 1385
654 1352 434 764 1608 307 1047 480 1025 525
400 1286 845 549 787 82 454 154 1081 1639
0 608 921 573 1723 1108 942 1552 1510 1514
1098 249 1655 1023 948 378 1406 1051 180 1074
1022 173 37 1447 974 979 488 1168 1542 311
1041 1110 527 1237 952 1077 595 164 950 841
163 701 109 421 14 1513 1472 923 917 524
976 1684 29 200 1624 555 1329 47 1616 382
413 381 67 833 330 490 1299 1671 1378 1206
645 764 1352 307 434 480 1608 525 1047 1056
1093 871 1150 1129 239 1724 1287 1451 1319 997
1369 951 889 620 292 1441 686 1677 416 526
1637 832 1512 495 1535 519 340 1583 554 1011
1215 28 1499 1117 406 692 1167 1158 909 407
897 222 337 1457 864 392 1177 1057 1712 1210
850 1172 542 759 1595 366 182 1029 641 615
515 1625 466 606 1415 1509 1529 1077 1659 1237
828 565 362 26 322 1664 800 1219 1271 55
560 1198 428 478 197 456 1000 46 99 1064
1045 599 1494 1462 42 1066 215 841 1687 699
1279 151 1478 801 1001 1258 1140 702 538 1074
498 1341 761 1217 1640 1704 1294 111 326 295
268 1203 586 1385 1048 432 1527 617 644 1480
876 1734 74 289 989 1679 104 360 80 1708
1597 134 1259 1411 744 1553 95 137 50 1054
1729 464 251 899 1053 762 1495 328 420 401
71 175 1330 1055 430 474 1665 919 344 363
1180 303 107 1667 1519 503 613 179 1593 440
612 1731 487 341 191 133 57 127 1539 1381
1251 207 1162 1224 1579 1009 1685 854 1428 1011
1517 1666 1486 1622 23 877 1012 452 1310 113
924 1533 1138 64 1631 824 1424 455 1175 725
1476 2 765 4 1046 452 505 877 1622 1666
927 299 1281 640 461 338 592 1544 41 1705
749 473 377 55 154 1219 82 1664 400 26
70 1615 509 860 244 243 380 535 1682 1605
878 904 1690 868 1363 1016 915 77 1208 1586
1236 949 411 822 1688 1574 1663 284 1190 774
717 1125 1156 1094 1102 783 1454 1590 814 1107
1658 349 1148 1133 1642 1312 1226 553 467 1322
1092 918 1387 1568 633 1430 1630 1146 1283 966
416 292 526 1629 116 889 1005 1270 1185 1369
1057 1356 1676 864 218 222 392 1457 1712 897
250 1290 1407 879 1030 146 1079 905 960 1350
1686 1628 1275 1653 986 585 1481 819 1214 1096
618 41 781 461 712 678 927 299 1281 640
1733 408 1333 966 1396 1283 1123 633 1568 1264
28 407 658 1499 390 1215 406 1117 1158 1181
813 1187 91 930 1334 1639 454 1159 1248 845
83 985 541 984 722 1142 1445 938 935 708
206 1587 1072 1501 1577 1532 3 1128 1291 517
563 1083 1289 637 589 1031 220 975 1711 857
922 203 561 625 1176 961 1170 283 96 534
220 238 1289 1528 563 252 696 1321 138 1711
1687 595 137 527 1045 664 1462 744 1041 599
710 969 212 782 230 1308 587 803 1032 178
651 421 163 1513 109 923 14 524 1472 1409
538 1074 310 1258 1228 157 1051 870 801 1246
788 869 1402 1014 256 504 1392 286 108 1321
242 436 1120 1104 1365 1357 1701 1028 458 1250
1211 465 901 1539 1315 8 57 127 341 547
327 1450 325 1103 936 629 1419 811 847 1442
235 1703 751 516 1446 501 1255 1455 1317 370
375 1445 968 722 944 1142 985 694 984 463
468 775 75 543 149 1454 150 1590 342 1094
212 700 230 969 587 803 782 1032 1702 383
576 1345 757 96 881 961 146 203 879 697
842 781 274 618 1602 690 1307 1715 1379 84
1186 884 415 1118 847 321 1419 1458 811 190
835 1510 108 942 1392 573 256 1108 608 0
1070 485 937 1617 229 405 1618 147 982 314
896 1359 580 1689 1337 254 1019 317 140 201
1094 683 1590 1125 1454 1156 543 150 1102 783
40 459 482 402 1183 1225 1498 1013 1193 545
993 429 786 590 228 399 160 484 1605 1132
898 1541 117 1202 582 568 358 1191 241 246
1569 1488 792 35 394 1609 1721 836 1408 1292
1445 1142 984 708 985 935 375 694 1263 83
267 270 1297 9 1229 1719 1130 1021 732 1185
840 1157 98 31 511 1398 1205 1443 1304 931
1550 455 598 1631 245 1138 1076 924 1396 1123
477 1171 991 604 476 1401 895 1582 1304 970
1708 481 1084 104 1340 1434 1400 289 1463 290
834 1578 866 1089 818 623 315 1152 946 387
1466 1397 1598 630 1278 352 883 1375 642 977
929 532 1636 958 747 169 635 1241 1652 301
1342 1540 609 479 43 880 1348 1326 1223 1555
1130 221 1229 1325 1297 1305 267 870 723 1228
470 906 174 569 99 1490 456 1697 1198 1230
36 1421 448 414 1146 1649 1626 1430 793 1630
1026 1525 1610 1694 1427 365 445 1548 1460 886
627 1371 1261 1353 1382 1393 888 920 190 1491
932 152 1233 861 534 437 1170 957 625 1335
181 1017 556 1611 1035 142 1543 1161 100 1189
934 954 60 11 815 367 187 1373 843 211
202 450 309 95 1668 50 278 215 1339 1494
998 823 331 1378 1537 548 61 189 67 45
1621 103 1673 1351 1062 593 1516 564 294 1492
1020 1054 533 1553 1613 1411 1256 134 1570 669
137 1259 1687 1597 699 669 1494 599 215 664
1418 1538 237 426 1531 1515 1047 1608 1025 434
486 21 136 312 1143 1714 507 1722 1592 1607
532 1241 730 301 958 929 635 1636 900 48
777 1331 68 1725 913 1310 199 447 23 271
679 55 473 1219 377 1664 154 26 82 565
763 1271 596 800 1559 322 1349 362 638 570
707 1446 235 501 1703 1455 516 1317 370 1255
1178 1563 890 856 438 978 1555 1414 880 1412
615 193 1029 1459 366 1348 759 182 1395 1172
491 1024 423 1433 521 1327 1652 1343 169 1643
287 3 1089 601 206 1072 695 1128 834 52
1726 293 386 1416 1409 970 524 1582 923 1401
881 576 146 711 879 1345 1290 96 688 961
1596 1718 945 1086 1000 167 478 1390 560 440
1172 182 366 641 1029 660 1395 615 1522 850
614 1227 1127 16 30 805 1240 1562 234 102
1640 498 666 1294 1341 1370 994 1217 1669 767
420 899 1280 1729 670 404 251 464 106 1053
750 596 1559 1271 1349 800 112 322 570 1695
307 654 480 645 525 1352 1056 434 1680 1608
1476 1046 677 505 2 1090 4 1604 1713 452
1105 334 1015 1368 1543 1534 1189 1035 1659 556
1669 994 626 1370 795 1715 1294 162 1640 1602
1173 1383 1137 1626 1641 1404 260 734 448 1649
418 62 356 354 1166 523 449 846 1050 1078
1716 1246 157 453 310 1121 538 908 702 351
1440 1586 271 915 199 868 1725 904 1310 1097
370 384 1455 1209 1446 1456 1317 39 501 751
1147 1627 496 583 22 170 1314 1272 1139 551
1688 799 1663 949 311 412 682 488 997 411
709 543 468 1454 1590 1094 75 1156 150 717
1201 1006 553 926 1226 858 1312 435 1658 1148
748 68 1331 913 1725 447 198 199 1475 1310
1362 1429 1432 1192 632 1196 862 324 1661 1003
51 176 1067 1423 128 282 79 794 1707 992
1164 13 389 1149 539 183 1549 785 1413 938
712 618 842 690 274 41 1602 461 84 1307
1308 969 178 700 1210 710 1177 212 337 230
1107 1156 1102 1125 814 683 1454 460 717 1452
634 255 1136 405 809 1648 231 1617 333 1222
1149 1551 1549 13 389 119 938 539 1705 1413
228 993 160 719 1605 429 380 590 860 399
549 1081 1286 646 845 400 454 887 82 1639
1402 703 256 869 1392 1014 108 504 835 286
441 177 628 996 166 153 353 112 894 168
12 1122 1174 1557 483 1521 579 1242 275 115
1456 276 1209 1500 384 1063 772 1651 370 1474
394 1569 836 721 1292 1488 550 35 1561 622
414 457 1146 36 605 1421 1430 734 918 448
128 531 282 1468 992 933 1067 51 79 1493
1669 162 626 767 1715 1370 1379 994 1602 1294
272 1386 1449 1585 1276 821 1322 1479 1675 25
291 1606 165 588 1263 84 935 984 1307 985
1052 1452 837 460 462 814 1107 1473 1102 783
774 311 1688 488 1663 412 949 1447 997 682
1271 322 750 362 763 828 596 662 1559 565
151 1258 665 702 538 1074 310 157 1051 1246
444 1514 73 1560 1584 1108 1692 1168 494 608
1032 587 1702 305 230 383 212 94 943 259
1619 172 1038 409 1303 183 463 1069 827 1164
1562 30 102 1127 614 232 760 1662 1240 1227
1505 1282 1230 281 1697 1693 1490 1132 569 484
326 820 295 143 512 956 1217 1704 1341 111
1614 1647 1588 575 874 597 825 838 20 887
231 1136 1648 333 634 1222 1732 1482 784 1161
155 1556 1717 186 1646 1043 643 266 259 296
1291 1419 1577 847 936 325 1442 1532 415 327
1662 1612 335 232 1638 1361 102 288 1562 947
91 693 1639 454 1187 845 549 930 1286 1334
1107 460 1102 783 1452 1125 1156 798 683 1454
187 60 843 954 1204 739 1111 439 934 131
1137 226 451 1520 1173 1010 1151 260 1465 768
1253 497 396 56 1234 1216 624 1324 1 1163
623 315 946 1152 728 1578 834 1212 1128 866
1096 585 1087 1653 121 1628 106 689 404 1686
807 143 326 956 295 619 1704 1217 111 611
1585 1479 1386 571 796 1448 272 1262 1449 1099
284 1236 411 1574 1405 682 10 1190 1100 395
1378 741 998 67 61 1537 1437 331 413 548
1424 64 1175 1533 359 676 364 924 508 1138
20 874 1293 1360 1588 1471 1065 1169 1003 925
1301 631 1558 339 1489 1044 1672 1620 240 1182
1069 409 1570 1303 172 1256 804 183 1613 1619
662 362 322 565 800 26 1271 1664 750 1219
1581 76 19 1101 417 903 1134 1218 225 1492
1350 1311 905 591 1079 900 960 301 250 688
1075 1033 153 1112 204 872 316 177 1603 1195
495 657 519 1637 1011 1583 1512 854 340 1535
1206 381 653 69 1671 1008 490 413 901 302
728 1089 1578 287 623 1152 818 1128 315 866
714 108 1392 1510 256 942 1402 573 1108 1514
1292 394 550 792 1561 622 1249 1569 1235 1296
462 1052 1473 798 1408 1452 1721 460 1609 814
887 597 1081 575 787 1647 400 82 646 154
1179 1358 122 247 1522 44 641 500 182 1591
98 724 511 1157 1205 31 1304 1398 895 1443
164 1462 42 952 1045 1066 950 664 363 527
274 712 1602 781 1715 618 1379 1307 162 84
1204 187 1111 815 439 131 60 1460 1068 954
1320 1674 644 973 586 1518 268 234 667 16
1286 454 549 1639 646 787 91 400 82 1081
449 1336 523 253 1078 354 941 1420 62 319
1419 415 811 884 1291 713 327 325 706 936
1252 248 1380 977 141 352 1375 374 630 1397
1188 1194 185 1394 1288 1116 1681 350 916 219
542 660 1595 1172 130 759 1727 366 182 1029
192 1154 600 1295 955 865 1277 1523 1576 1420
27 1364 261 492 427 1508 1155 87 213 34
891 1004 1232 355 1357 294 1120 593 704 436
1583 1162 519 1251 495 1011 832 1009 1512 674
210 1580 1706 1644 424 902 502 1260 205 398
978 1563 752 1414 1178 1412 890 431 438 1526
1031 184 637 975 589 1324 1083 78 696 1163
435 926 348 1006 118 776 269 1201 520 1567
1126 1601 1153 1243 264 1635 1467 345 1145 1536
1615 380 680 1605 70 509 160 243 244 228
152 437 737 957 932 1335 1233 180 1406 534
1661 632 371 1432 1260 1362 902 778 1429 1644
285 1591 594 500 205 44 424 247 1179 1644
1057 222 1457 897 392 687 659 1712 551 1356
1523 1295 1420 1154 1078 851 449 192 846 600
1578 387 346 728 946 1212 315 1374 818 188
552 619 1199 956 97 1124 1545 611 129 143
904 915 681 1586 878 1363 1690 771 1016 1440
703 1014 788 504 1402 286 256 1321 1392 252
1305 1228 1325 702 538 1074 310 157 1051 1246
655 1724 1129 1451 1150 1093 602 1736 1287 239
1195 1112 831 1075 1033 153 204 1184 316 177
403 1482 1594 1222 1197 1546 1475 231 198 1106
825 1588 20 1614 1360 1293 1065 1471 808 925
1042 306 514 105 1191 1493 79 582 992 1541
289 668 74 104 1734 1679 989 1708 80 360
1622 452 1012 1666 4 675 113 1517 2 1486
681 1690 904 1016 1363 868 77 915 1208 1106
1290 146 688 881 250 757 1407 576 1350 905
43 1555 609 1342 438 731 1223 1540 890 1348
757 146 576 879 1290 711 688 1345 250 96
1464 1220 1119 1572 1082 574 1158 275 406 1557
1720 1598 273 1466 5 376 642 254 912 729
415 713 847 1186 1419 1118 811 321 706 1450
1497 1616 1036 1328 1329 1113 1213 1109 1413 382
445 1332 1026 522 735 88 1525 914 1610 1694
1081 838 787 597 400 646 549 82 575 1286
190 1382 1458 1261 321 1371 1118 736 1186 627
292 1369 686 656 416 526 1629 116 951 1270
438 1178 1555 752 880 1563 43 856 609 1342
1232 853 1357 1004 1120 355 704 436 1365 242
965 1698 1589 38 1268 472 1028 1267 1365 1027
1511 258 332 124 262 1059 125 1355 1487 1269
1347 628 441 996 86 789 353 177 168 166
1304 476 991 1205 477 511 726 98 1171 840
716 1337 580 1359 1019 1689 254 140 201 317
222 1457 659 864 392 337 1712 1057 551 1177
720 1202 582 1541 117 358 1191 568 241 306
762 1729 670 420 251 464 1280 1053 1495 404
301 591 1241 1311 747 830 532 1350 635 958
69 1211 1206 705 547 302 1315 1008 833 465
1260 1644 1580 855 371 424 210 1661 205 1706
76 19 225 829 1101 1581 1634 1218 417 1034
681 868 878 915 1363 1690 1586 1016 1208 77
1079 1350 960 830 1407 219 250 1311 1030 688
733 569 470 1490 174 1697 99 1230 456 1505
917 17 1472 499 14 953 109 624 163 1253
351 1121 453 584 1716 1399 770 194 1246 1160
1185 1167 1005 1021 1117 1215 1629 658 526 1499
494 972 1692 223 1560 444 1100 73 802 1574
1435 1730 1431 32 983 369 1660 1727 130 208
376 140 5 1019 273 1337 1720 254 201 896
68 447 777 198 1475 748 1461 1594 1197 1331
88 158 522 1141 1332 446 886 1483 445 372
868 1586 904 771 681 1440 878 1690 1363 271
1691 1116 33 1288 1394 1194 89 350 849 1030
907 1472 14 17 109 499 163 953 651 624
685 1430 1387 1092 1146 1630 1568 633 1421 414
474 363 1055 1066 175 42 671 1462 1045 841
1393 1491 216 1353 1302 627 1326 736 479 1371
0 647 1723 573 608 1552 942 1108 506 1510
697 625 203 561 1170 1176 961 534 283 96
1513 524 421 1409 701 386 651 293 163 756
1138 676 1631 1533 455 64 725 824 1550 1424
1065 1484 1360 1654 1169 1293 20 1064 93 825
1006 858 776 435 1201 348 553 118 269 1226
678 1281 299 338 461 640 1544 592 41 1095
1649 1144 1404 448 360 1641 734 36 989 260
730 958 1636 532 169 747 635 1652 1241 48
1334 1159 1187 1248 442 693 1131 602 813 1736
1443 214 1398 280 31 34 1157 87 724 1508
1233 737 534 152 1170 861 625 437 922 957
1468 101 531 1244 794 7 128 277 282 557
739 11 954 367 60 1373 815 211 187 607
984 1142 1263 985 722 165 1445 694 291 708
1442 325 1577 1291 327 1532 811 517 1419 706
229 1070 1367 715 314 1377 147 323 1323 485
541 1549 1551 83 785 119 13 1149 1705 694
1524 419 72 357 1323 1444 132 323 1367 81
1670 110 1306 1391 1496 1346 1428 86 1685 1184
253 1336 269 523 846 319 118 449 354 520
1510 573 714 0 608 647 835 1108 921 108
383 259 643 1702 1646 1032 1717 803 1556 587
463 968 1038 375 1619 708 804 1445 1164 172
1000 1596 478 758 560 1718 663 1198 456 1086
315 1212 1374 818 866 1578 387 1645 623 728
1027 1361 1267 335 472 1612 812 1638 1662 288
1023 1406 249 180 648 1335 1098 957 1655 437
682 1688 1663 1236 411 774 412 822 1574 799
952 1713 164 1604 841 1090 650 1110 505 42
656 620 1369 1441 889 1677 292 1314 686 583
164 950 841 1713 1604 1462 42 1066 650 1041
499 624 17 1253 907 817 497 396 1324 1
60 739 815 934 187 11 843 367 1204 1373
1277 600 1576 192 1013 851 402 1154 1183 1225
619 143 867 820 611 111 1124 552 807 1704
1335 437 180 861 1406 152 948 737 1023 932
929 635 532 730 747 1636 48 1241 169 90
1071 379 1565 300 1355 1474 1059 1651 124 1063
219 1079 1030 1407 350 905 1394 250 1288 1350
96 203 1345 697 922 625 711 561 1170 576
1240 372 1127 614 1483 760 30 1227 805 446
995 1049 1200 1058 1318 1542 1735 1085 1507 328
1239 1366 63 1632 536 58 1285 126 510 1623
1589 892 1268 1698 1028 38 1365 472 436 1267
1283 1333 633 1733 691 1568 1092 685 408 1387
320 546 1699 1564 227 1707 1395 1423 366 182
944 375 463 708 1038 1445 1619 722 694 804
700 782 710 1308 212 178 230 1210 1177 587
1582 1416 1401 1726 604 756 1171 293 726 386
288 1061 1638 510 1612 335 1285 1361 812 536
910 223 494 1100 1692 1574 1560 1405 411 444
1518 1674 234 844 16 1320 1227 644 760 586
173 1168 649 1584 1022 37 73 1447 1514 1560
78 637 184 857 1163 1083 1324 1031 1216 696
29 652 1624 1684 47 1503 171 1633 1469 200
352 248 1278 848 1397 630 729 642 1252 1375
856 1414 1563 1412 752 431 1178 1526 890 1245
1542 37 1022 1058 649 1447 173 488 1049 974
621 393 148 1470 629 1547 1103 1438 1450 557
639 1165 489 1502 1567 990 520 123 319 1566
1618 1485 147 1114 314 347 1070 1377 937 715
1660 1431 298 1435 65 911 1730 1426 1595 542
985 935 1142 722 1263 694 1445 83 165 708
694 984 1142 83 722 935 1445 1263 541 708
1481 1275 1214 1686 1603 204 316 689 1033 831
578 1728 369 564 1516 1492 32 1134 1062 417
610 1425 467 1642 410 1312 85 1148 1226 1372
1734 360 668 1144 876 928 1404 1641 74 289
1502 123 639 1566 981 283 1165 1176 489 561
477 476 895 726 1304 1171 1205 604 511 1401
1493 282 79 105 1067 128 514 794 51 1042
786 719 228 429 160 590 1605 399 380 484
1370 767 1294 1669 1640 626 795 761 1715 162
1200 963 1318 1049 328 1058 1085 1735 401 1507
441 353 166 112 789 168 628 177 1349 1695
412 239 1663 1093 1319 475 1287 1088 774 1688
331 741 823 189 548 1537 45 1378 1645 61
318 1247 1018 139 1221 120 1422 1506 1403 1039
945 478 560 1596 663 1198 758 456 197 99
1140 1478 1298 1279 6 665 1284 151 1389 801
1007 224 361 1274 1270 388 116 159 526 1709
1471 324 1293 1196 20 1169 1360 825 1192 93
853 355 891 294 1232 593 1357 1351 1120 103
1185 1629 909 526 416 1021 1167 116 686 1117
776 926 1201 858 553 435 1226 348 1312 118
361 1002 1270 224 116 1274 526 388 1629 416
1671 302 1206 490 547 69 833 901 381 330
1579 1011 495 1685 1251 1162 674 854 207 832
226 246 1465 1151 241 816 568 451 358 1137
495 1009 832 1579 1162 854 1251 1583 674 657
877 113 1622 1666 452 144 675 1517 4 1486
1576 402 1183 1277 40 1225 955 718 1193 600
869 504 703 286 788 1321 1402 252 256 1528
766 334 1189 1543 1105 1035 1368 100 556 1534
1690 77 878 1106 681 1546 904 1363 868 1197
738 1611 181 142 556 1161 1035 1732 100 1543
1221 318 1422 999 1403 1247 66 139 344 120
1337 140 201 896 716 912 373 580 1689 254
533 743 1613 1054 1256 1553 1570 1411 827 1069
1719 909 1185 1167 1005 1117 1629 1215 9 658
649 1447 37 173 488 979 311 974 1542 799
249 948 648 1406 1098 180 1655 1335 378 957
754 1433 491 1327 423 1343 521 1643 1652 236
1091 1047 1410 1608 1515 426 1384 161 434 1538
445 735 886 1525 1610 1694 1427 365 1548 1332
1267 947 472 1361 38 335 1698 1612 812 1638
1268 1365 1589 436 242 965 704 1104 1120 1701
615 366 759 753 182 1395 1172 227 193 641
219 350 1407 960 1288 1394 250 1079 1116 1194
589 857 1083 1711 184 637 696 975 563 138
1702 803 383 587 305 230 943 259 212 94
831 204 1112 316 1075 1603 872 153 1214 1481
1634 1231 225 566 903 76 1316 19 829 1101
556 1543 181 334 1015 1189 738 766 1105 100
1113 1497 885 1328 1109 1616 1213 1469 1329 1413
506 1710 1552 343 1723 1507 921 647 1735 0
1619 463 804 944 172 968 183 1164 375 409
1073 1506 120 329 139 530 1247 1193 999 1225
59 1238 25 1207 1675 1269 1322 125 1487 1276
527 650 1110 595 164 841 952 1237 699 1462
514 875 105 1493 79 306 992 282 1067 1191
186 266 155 296 810 1436 1556 1160 1717 194
1672 1558 1620 1301 1182 395 826 1405 631 10
664 1462 42 599 841 1066 1494 164 363 699
765 505 1476 1090 677 1604 2 1713 4 950
1025 1608 1091 434 426 1410 1515 1352 1538 1384
432 1385 1203 617 1527 667 458 1480 268 1250
963 1058 995 1542 1200 979 1507 1735 1318 37
1166 1573 356 257 418 39 769 1317 384 772
378 1074 1655 702 1258 1228 538 1098 870 801
837 798 462 1452 1473 460 1408 814 1107 1721
328 251 464 1495 1318 1729 670 401 1200 899
743 1553 1020 1411 533 134 1613 669 1256 1597
175 474 671 919 71 363 1330 1066 430 42
525 1680 607 480 211 307 1373 764 367 654
687 864 1356 222 1457 392 897 1712 1676 659
1049 1542 963 979 995 37 1022 1447 1200 649
124 1355 1511 1565 893 1071 258 959 332 379
89 1439 33 397 1691 545 916 1498 1116 482
971 510 288 1285 1638 536 1612 335 63 1361
1516 1673 564 1492 1728 1621 1134 987 417 742
1651 1500 1474 276 300 791 379 1456 959 1209
1654 197 1484 428 663 46 560 925 478 1198
925 1360 1169 1484 1293 20 93 825 1654 1471
363 42 919 1462 1045 841 164 664 474 952
79 51 992 282 1493 128 105 779 794 514
512 1111 439 1204 131 295 843 1460 187 1548
827 409 1303 1570 172 1256 183 804 1613 1619
937 715 229 485 1367 1617 147 314 1618 1377
959 1565 1355 379 1059 300 124 1474 1511 1651
1128 206 1152 695 287 755 623 1587 1089 3
1039 329 1506 530 120 1193 139 1225 1247 1183
1051 702 1258 1228 538 378 310 870 801 157
831 153 1033 177 1112 872 204 789 441 166
245 443 598 18 1264 304 1550 1417 1123 1273
1237 1509 1110 606 650 1625 1604 1713 1090 1041
1420 449 1523 846 523 354 865 1336 62 253
960 905 219 1350 1407 1030 250 350 830 688
94 1300 305 145 587 803 1316 1032 1702 383
787 887 549 646 838 400 1286 82 845 154
1158 1119 1464 406 882 1499 1220 658 1215 1117
696 637 563 975 1031 857 589 1289 78 184
1400 481 1434 290 1340 544 727 1463 1575 1708
1735 401 1507 1495 1318 1200 328 995 464 343
1718 167 758 1390 1596 440 945 179 1000 503
121 1096 106 819 404 585 1280 1653 420 1628
475 518 1319 1190 412 1663 997 1236 682 949
834 287 728 755 1152 1128 623 1072 1578 3
505 1604 1046 1713 765 950 1476 952 1077 1237
1025 1410 1515 1384 161 1047 426 1257 1608 1530
1568 685 633 1387 918 1283 1430 966 1630 1146
239 655 1287 1150 997 871 1319 1129 475 412
1590 717 150 683 1454 543 342 1125 1156 775
1544 382 338 1329 1281 1616 927 885 678 200
1087 819 121 585 106 1653 404 1628 1280 689
144 1650 113 279 771 1012 1440 265 1586 271
648 1655 249 378 1023 1051 948 1074 1406 702
528 1262 1554 1448 579 571 1174 12 790 483
1574 223 284 411 972 822 1405 1236 395 682
1218 19 829 76 1581 425 903 417 1134 1678
1125 814 783 1107 1156 683 460 1452 717 1454
1450 629 706 148 327 621 325 980 415 847
1701 242 458 436 704 1250 617 1365 1120 432
766 334 1368 1015 1543 1534 1035 1189 1659 556
77 1546 1016 1197 1690 1594 1475 403 878 447
814 783 1102 460 1125 1452 1156 683 798 1454
1514 608 802 647 1584 573 73 942 0 1510
1469 1113 171 1036 1503 1497 885 1328 47 1616
650 1237 1041 1077 527 1509 950 952 1713 164
1204 439 1068 843 131 187 1460 512 815 1548
1033 872 316 204 831 1603 1075 1195 1214 153
1109 1036 1469 1497 885 1328 171 1616 1213 1503
1485 347 982 1208 1618 1363 147 878 681 1690
1722 1571 1714 1344 312 1139 1676 1356 218 21
916 1288 1394 1691 350 1194 1030 33 849 219
1215 1167 658 1499 909 406 28 1185 1021 1005
321 1186 713 1458 884 190 415 888 847 1382
1082 1464 1158 882 406 1220 1499 1572 574 658
704 1357 436 242 1365 1232 1104 1028 1701 891
453 908 1716 351 770 584 1246 1399 157 194
790 1557 12 275 1174 483 574 1521 579 1242
1264 1396 304 408 245 1076 1273 598 443 691
97 611 1545 111 867 619 1309 1704 552 956
683 1102 783 1156 717 814 1107 1454 1094 460
859 1153 1145 1601 264 1467 1635 422 554 1243
30 614 1240 805 760 1562 962 1227 102 232
1152 1072 623 206 1089 287 818 695 834 755
1150 1451 871 655 1724 1287 1736 1093 602 1319
1229 732 1297 221 267 1325 723 1305 270 870
442 1736 1248 602 1159 1451 1334 1724 930 871
1693 484 399 281 590 1282 429 806 719 1505
349 1322 1675 1276 25 684 59 1449 1040 1658
1492 417 564 1581 1516 1728 829 987 1062 1101
493 236 1480 1643 1527 1343 1385 1203 667 1048
809 1648 634 231 333 784 1732 1222 255 1161
816 1173 1520 260 226 768 451 1641 1151 1010
1631 924 455 676 725 1533 1550 64 598 824
1344 22 170 1272 1571 496 551 1115 1712 1147
1001 1298 1478 6 1279 1284 665 1389 151 581
446 158 1483 914 372 88 962 522 1240 1332
722 984 935 985 1445 1263 694 708 165 83
136 507 486 46 746 428 21 197 1064 663
928 360 1404 1649 989 1641 448 1734 260 36
1153 554 340 1126 422 1535 1467 1512 859 1637
1430 1421 414 1630 918 734 36 1626 1387 793
496 773 22 1627 170 1272 1139 551 583 1712
1642 1658 1312 467 1226 610 684 553 988 349
389 785 13 539 1549 1551 1413 780 938 119
1287 1129 655 1093 871 1319 1451 239 1724 475
451 1465 226 1010 1520 241 816 246 1137 260
623 1128 818 1072 1089 834 315 206 287 728
1145 1126 554 859 1467 422 264 1535 340 1601
851 1295 192 865 600 1523 955 1420 1277 1078
427 213 261 398 27 502 852 1706 1364 210
783 1454 1125 683 1102 1107 543 717 814 1094
724 31 840 1398 98 1443 511 931 1205 214
1082 406 1119 1499 1464 658 1215 1117 28 1167
1248 442 930 1334 1131 602 1187 1736 1724 693
1436 194 296 1399 266 584 1043 351 186 908
142 1732 1611 333 1017 1648 231 1222 809 738
854 1251 1583 674 1011 1009 495 519 207 1579
78 1216 1324 396 975 56 184 817 637 857
183 780 1303 13 804 1619 172 1038 389 409
489 981 1567 639 520 1502 319 990 435 348
356 1050 418 1573 257 769 39 62 1317 354
1117 909 1215 1185 1021 658 1499 1005 406 28
974 1584 73 173 1514 802 1560 649 1108 444
93 1293 1360 1471 1065 195 20 925 1003 308
625 534 922 1233 697 932 203 561 1176 961
726 604 477 1401 991 1582 476 970 895 1416
660 759 850 366 182 1029 641 542 1395 615
1137 768 816 260 1383 1641 1520 1404 451 226
483 12 579 1521 790 1242 1554 1122 115 558
359 1424 364 824 508 64 1700 1533 391 676
283 561 1566 697 922 625 123 203 1170 990
337 1210 659 178 897 222 1457 1308 864 392
890 752 438 1563 1555 856 880 978 43 1414
247 839 44 1358 500 122 1591 1522 641 863
107 672 1519 303 613 1667 1593 503 1600 179
390 217 407 616 692 572 28 263 658 1499
1620 395 1672 1405 10 1044 1558 284 1190 1301
402 1225 40 1013 1193 1576 718 530 1277 459
1195 1391 110 872 894 1347 628 153 1075 940
1005 909 1167 1021 1629 1117 526 416 116 1215
713 1118 884 321 415 1458 847 190 1419 888
693 930 1334 813 1159 1248 91 442 1131 1639
185 849 1681 1194 1531 1394 1116 1288 237 916
1015 100 1543 1035 334 766 556 1461 1105 181
518 10 822 284 1405 1236 1088 411 1182 395
306 582 1541 875 898 720 1042 1202 117 514
1429 1196 324 778 1003 1362 1471 1432 1293 632
530 1225 329 1183 1073 402 40 1013 1576 718
849 1394 1288 1188 1116 350 916 219 185 1030
1184 872 1391 1112 1075 153 831 177 1033 628
324 1192 1003 1429 1471 778 1293 1362 20 1169
1475 1546 1594 447 403 1106 198 913 873 77
663 456 560 478 428 99 197 1000 174 46
129 552 1381 867 1309 1545 133 97 127 619
995 1318 963 328 401 1085 1049 1053 1495 1735
553 776 1226 1006 1312 926 1148 1658 467 858
117 358 898 720 568 241 582 1541 246 1465
667 1385 1048 1527 432 268 617 1480 586 458
843 1111 439 187 131 1068 815 1460 60 1548
1304 511 895 98 476 840 991 724 477 1157
833 69 381 901 1008 1671 302 653 1211 490
1238 1269 1040 1487 125 262 59 1265 332 25
347 1363 1114 681 878 904 1690 868 1016 1485
384 1456 772 791 370 276 1455 1500 1446 39
1177 178 337 1308 659 897 782 222 1457 864
705 901 69 465 1315 547 8 302 1206 1539
1374 946 1645 315 387 866 346 189 818 1578
1413 1328 539 1497 389 1036 885 1149 1113 1616
1603 1481 316 204 986 1033 1112 1275 831 1686
1117 658 1499 1167 28 406 909 692 1158 1021
1163 56 396 817 1324 78 1234 1253 497 184
1341 1704 666 111 498 611 820 807 143 326
425 1101 1678 19 829 1581 76 417 368 903
1664 55 26 749 565 679 662 473 377 828
1572 882 574 1464 275 1119 1557 1082 1122 1158
1018 1422 1403 318 66 999 344 1247 1665 139
1482 231 873 809 333 1648 1732 403 1136 1161
1426 609 43 1348 1342 65 880 1459 731 1555
207 1428 674 1496 1306 1685 1670 1251 1346 1579
1193 1183 530 402 40 1013 1576 718 329 1277
1312 553 467 1201 1148 1642 1658 610 776 684
760 16 614 234 1127 30 1518 805 1240 1562
870 702 538 1074 310 157 1305 1258 1051 1246
1130 1297 732 267 221 723 1325 270 1305 9
1505 1697 1490 806 569 1282 906 281 733 1693
1034 566 1634 1316 225 145 903 76 19 1300
1357 891 1120 853 704 436 242 1365 1004 1028
534 932 1170 737 625 152 922 861 697 437
1656 56 497 817 1 1338 1216 1253 396 559
1296 622 385 1249 513 1561 1504 15 550 1292
411 822 682 1574 284 949 1190 1405 1100 10
1110 1077 650 1509 1041 606 1713 950 1604 952
1040 1207 59 1269 25 125 1487 262 1675 332
63 964 536 1366 1285 1632 510 58 1061 126
1127 962 614 30 760 372 805 1227 1562 102
747 301 532 900 958 730 591 929 635 1636
115 1521 558 483 535 12 1174 790 244 1122
1601 1536 859 537 345 54 1635 469 1126 603
101 7 933 277 1468 557 531 1438 794 1547
1526 1266 431 1623 1412 126 1414 58 978 1632
157 770 310 1716 538 453 702 1121 1258 1228
999 139 318 120 1018 1506 1221 1039 1422 1073
1159 1334 1131 442 930 1736 602 1187 1724 1451
1561 622 385 550 1235 1292 1296 1504 836 513
53 458 1701 617 1104 432 242 1048 581 1385
674 1162 854 207 1009 1579 1011 1583 1224 1685
1380 848 141 248 1683 977 374 1375 196 630
624 817 497 396 953 56 1324 1 1234 1216
1709 1682 159 243 388 509 1274 70 244 680
516 265 1703 707 235 279 751 501 1446 1650
1570 1613 827 1069 533 409 1303 1020 172 183
1530 161 1384 297 1410 1091 1515 336 1025 426
801 702 538 1074 310 157 151 1228 1051 1246
744 1597 137 669 1687 134 215 1494 50 599
902 371 1661 1644 1580 855 862 424 210 1706
1382 1371 888 736 190 627 1458 1353 321 1393
1099 1448 528 571 1554 1479 579 821 1174 12
935 165 984 1142 291 985 722 694 797 1445
304 1123 1273 1396 1076 443 245 18 559 408
1683 1487 1269 125 1207 141 262 1238 332 1040
1245 1623 1526 126 58 431 1632 1412 1366 1414
1027 472 947 38 1698 1361 892 335 965 1612
1028 1589 1365 965 892 436 242 1698 704 1104
1207 1487 125 262 1238 1265 332 1040 258 59
361 116 1007 526 1629 1002 416 1005 686 1185
800 750 763 322 596 362 1559 828 1349 662
551 170 1712 22 1139 496 392 1344 1457 1571
304 559 18 1417 1264 1 443 1338 1076 1656
224 388 1002 159 1007 1709 361 1254 1270 1682
986 1686 1481 689 1214 1628 1603 204 316 1033
1449 1322 1675 25 59 1133 272 1040 1238 796
1576 955 1013 600 192 402 1183 1225 851 40
642 352 5 977 1466 729 1598 1397 376 248
1478 665 1001 151 1140 801 1298 1258 6 702
404 420 106 762 121 899 1087 1729 670 1096
927 338 678 1544 461 299 1095 640 41 592
806 281 1505 1693 1230 1132 1697 484 1490 399
966 633 1333 1568 1092 1733 685 691 1387 918
6 1389 1298 581 1140 53 1001 1250 1478 1701
510 536 1061 63 971 1239 288 964 1638 1612
845 646 549 454 787 400 1639 82 1081 91
1319 1150 1093 239 475 1129 655 997 871 1088
1116 350 1394 1030 916 1194 219 1691 849 1407
220 563 698 696 238 1083 1711 589 138 1528
688 879 250 146 1407 881 905 1030 1079 1350
1577 811 1442 936 1532 1419 325 517 847 1501
550 836 1561 1249 622 394 1235 792 385 1296
1360 1471 1169 20 1065 93 1003 825 925 195
1640 1370 994 761 1669 767 498 626 795 666
865 1154 1523 851 1420 192 1078 600 449 955
513 1235 15 385 622 1504 1249 209 1561 52
1229 267 1130 723 732 270 221 9 1325 1719
1140 6 1001 1284 1478 1389 1279 581 665 53
1437 330 67 413 61 490 1378 653 823 381
1080 145 94 1316 305 566 587 803 1032 1231
826 1558 631 1044 1672 339 1620 1489 1182 395
1326 216 479 1491 1540 920 731 1393 1342 1353
1069 409 183 172 827 804 1570 1164 1619 1256
895 1205 476 511 991 98 477 840 726 724
1325 870 221 1228 732 702 538 1074 310 157
1685 1670 1579 940 1224 1428 207 1496 674 1009
1379 84 162 588 795 1606 274 1602 842 1715
178 782 1210 969 1177 700 337 710 659 897
133 1545 1731 97 1199 129 552 673 1381 1124
23 1725 199 1331 1486 271 748 1517 1440 777
591 830 900 1350 301 905 1241 1079 960 747
467 1226 1642 1148 553 610 1658 1201 988 684
1607 218 1592 1676 567 1356 1714 312 1722 21
583 1677 1627 1441 773 620 1147 951 496 656
8 547 1211 705 302 1696 901 465 341 57
566 145 1231 1300 1034 1080 1634 94 225 305
501 39 1455 1446 257 235 751 370 707 772
1200 328 995 1053 401 1495 1085 963 251 464
1287 475 239 997 1150 1088 1093 412 655 1129
644 844 586 1674 268 973 667 1518 1203 234
252 286 1528 504 238 1014 698 869 220 703
1675 25 1276 1133 59 1040 1449 1238 349 272
1444 419 1367 72 323 939 229 1377 1524 937
184 396 1163 78 1216 857 975 817 1253 56
221 1305 732 870 1130 1228 1229 702 538 1074
479 1302 1540 216 731 1491 1342 920 609 43
1433 1343 1024 1643 754 236 491 1135 423 493
1213 1497 1413 1036 885 539 1113 1616 389 1109
1616 382 885 1095 1497 1036 1544 1328 1113 338
430 71 1665 671 344 175 66 1055 1403 474
748 1725 777 1310 199 68 23 271 913 1486
886 522 445 88 1026 914 735 158 1525 1610
966 1733 691 1283 633 408 1568 1092 1396 685
930 1248 1187 1159 442 1131 693 602 813 1736
180 957 1406 437 948 861 1023 152 249 737
846 941 523 253 449 269 354 319 1078 118
896 1019 716 140 201 580 1689 1359 254 912
1656 1417 1 559 1234 18 497 1273 443 56
278 1633 1668 1624 47 1503 309 171 29 1469
1434 1463 1084 290 481 1599 1400 727 544 24
666 1217 498 1704 761 111 807 326 1640 820
731 609 43 1540 880 1348 1223 479 1555 1459
1327 1643 1433 236 1024 1135 754 493 1480 491
1571 1139 1115 170 22 1272 1722 551 496 1712
711 96 576 961 757 203 881 697 922 625
1496 86 1428 1347 940 110 1224 894 1670 1391
86 894 1346 628 996 441 1391 1496 353 789
1459 609 1223 1342 731 43 1426 193 1540 880
112 1559 166 596 353 168 996 1695 763 441
905 830 1079 1311 960 591 250 1407 688 219
103 593 742 294 1621 355 1673 1004 1062 853
434 645 1608 654 1047 764 1025 307 1091 1538
1393 627 920 736 1491 1371 216 1261 1302 1382
603 540 537 373 1388 636 135 469 1536 201
1059 1565 124 1071 1511 959 893 379 258 300
687 1676 1057 218 1313 864 1115 1571 1722 1344
1120 1232 704 436 891 242 1365 1028 1104 853
122 839 1522 1179 641 247 182 44 1395 759
716 580 1689 896 254 1337 317 1019 273 140
1065 1293 1169 20 925 93 1471 825 195 1484
947 335 1027 1612 812 1638 1662 288 1267 232
1432 778 632 1429 862 1192 1661 1196 371 324
1208 681 878 904 1690 868 347 1016 915 77
492 852 27 1508 261 87 427 34 1155 280
1028 436 242 1268 704 1104 1120 1701 1589 458
964 1632 1239 58 63 126 536 1623 1285 1266
1323 229 323 1444 1377 419 937 72 314 939
1105 1534 766 334 1659 1015 1543 1529 1189 1035
889 656 292 951 686 620 416 526 116 1629
994 1294 1669 767 1640 795 626 761 1715 162
1261 736 1382 627 888 1353 190 1393 1458 920
114 85 1453 410 1425 263 988 572 610 616
211 367 11 607 934 1680 739 1056 954 525
1645 1212 189 946 346 387 188 866 331 315
374 630 196 1397 81 729 248 848 977 1252
1575 605 544 457 1400 290 793 1084 1434 414
314 323 1367 1444 147 229 1323 937 72 1618
823 67 741 413 1437 61 1299 1537 998 653
162 1307 795 84 1602 1715 274 626 1669 588
141 1252 1683 848 1265 248 196 374 1487 81
129 127 1199 1539 1731 57 133 673 465 341
888 1261 190 1371 1458 736 321 627 1118 1353
768 1626 1173 1630 734 1421 448 1146 36 1404
161 1410 1257 1515 1091 1530 1025 426 297 1047
1048 1527 1203 432 667 1480 617 268 458 493
796 1585 272 821 1449 1479 1276 571 1322 1675
685 918 1092 1430 1630 1568 633 1146 1626 1283
636 135 1354 540 469 317 603 373 537 201
1284 581 6 53 1298 1250 1140 1701 458 1104
167 440 1086 179 1718 503 758 1667 1596 303
110 1184 940 1195 1347 86 894 1346 1670 872
108 256 835 1402 714 788 1510 703 942 869
920 1353 1491 627 216 736 1302 1371 1326 1261
1288 1194 350 1116 219 849 1030 916 960 1188
182 227 366 641 759 1029 1699 1522 1172 615
1123 408 1264 691 1733 304 245 598 1076 1333
729 630 1466 1375 352 977 1598 374 1278 248
31 1443 1157 931 724 214 840 280 98 34
194 584 1160 351 1436 908 296 1121 266 453
290 544 1084 1434 1575 481 1340 1376 727 1463
604 1582 1171 970 726 1416 477 1726 991 756
256 788 1392 703 108 869 835 1014 714 504
1422 66 1221 344 1018 1665 318 430 999 1330
928 1649 1641 1144 448 260 734 360 36 768
395 284 10 1182 1620 822 1574 1672 1100 1190
948 180 1023 1335 249 957 648 437 1098 861
1030 250 960 219 350 1079 688 1288 905 1394
1473 1721 462 1609 837 35 1052 1488 798 721
524 386 923 293 1513 756 421 1726 701 1416
161 1091 1384 1515 1257 1025 1530 426 1047 297
134 1553 669 1054 1597 743 1259 1020 740 450
1414 431 978 1526 856 1245 1563 1266 752 1623
1213 539 1328 389 1497 1149 13 885 785 1036
1412 978 856 431 1563 1526 752 1245 1178 1266
1529 466 1659 515 1534 661 1368 1625 1105 766
1726 970 1582 756 1401 293 604 386 1171 1409
1338 18 559 1273 1656 443 1 304 1234 1076
237 745 1531 1538 1681 426 1608 185 1515 434
811 847 1291 415 1577 884 325 936 327 1442
1078 1523 449 865 846 1295 523 354 1336 1154
1146 734 36 414 1430 448 1630 1626 793 918
1221 1403 1018 66 318 344 999 1665 1247 430
176 1707 779 1564 51 546 1067 967 794 128
1175 824 359 64 364 1533 508 676 1700 924
988 410 610 85 467 1642 1372 1312 1148 114
65 1223 298 609 1348 43 1660 1459 1342 880
1694 1548 1610 1460 1525 131 735 439 1026 365
1224 1496 207 1346 1670 1306 674 86 940 1685
778 1192 1362 1196 1432 324 632 1003 1471 862
918 1146 1630 1387 685 1421 414 1092 793 1626
983 1435 1660 911 298 1730 65 32 1595 130
632 1362 862 778 1661 1429 371 1192 1260 1196
1024 1327 754 1343 491 1643 423 236 521 1135
290 1340 1084 1400 481 1463 544 727 1575 1599
1431 911 983 1730 1660 32 298 130 369 1727
296 1160 266 194 1043 1399 186 584 155 351
61 1299 1378 67 1537 330 823 413 741 548
1547 557 1470 277 393 7 980 1244 621 101
397 1060 545 89 1498 33 482 1691 459 916
271 771 199 1586 1725 1310 915 1331 23 868
1677 620 1314 951 583 656 1627 1369 773 889
936 1577 1532 1291 517 325 209 811 327 1501
931 1398 31 214 1157 280 724 34 840 87
1323 72 323 419 1367 1377 939 229 1524 314
708 722 375 1142 985 984 968 694 935 944
1455 751 501 235 707 370 1317 1703 772 516
1022 488 37 649 311 979 173 799 1542 974
1262 571 1099 1479 528 821 1554 1585 579 1386
272 1276 796 1322 1675 25 59 1133 1040 1386
1103 706 327 629 325 148 936 621 847 1419
1129 1736 1724 871 602 1150 1131 655 442 1287
798 460 1052 814 1107 837 1102 783 462 1125
114 263 1372 572 85 616 410 217 1425 1181
1156 543 683 783 775 717 1125 1094 1102 1107
1446 370 751 772 501 1317 235 707 384 39
791 1209 384 276 772 1500 370 1063 1455 1651
392 897 222 864 1712 659 551 1057 337 1272
321 190 1118 888 1186 1382 713 1261 884 1371
193 1348 753 1223 609 1426 1342 615 731 43
1548 131 1427 439 1694 1204 1111 843 1610 187
100 198 913 447 68 1189 1594 1475 777 403
42 1045 841 1066 164 664 363 952 599 595
1340 1599 1434 24 481 562 1084 433 49 156
1119 882 1082 1220 1158 1572 406 574 1499 275
1151 241 1010 246 226 451 358 568 816 1520
1598 729 883 1397 1278 642 352 5 1720 630
422 264 1153 1126 1535 1635 1145 859 554 1637
531 933 794 101 128 1244 282 7 992 51
171 1109 1503 1113 47 1036 1624 29 1497 885
393 1547 980 1438 621 557 148 277 629 7
1293 1003 20 1169 1360 324 825 93 1065 1196
14 917 109 907 163 17 651 499 701 953
1408 462 1721 837 1609 1052 35 798 1488 1452
1651 300 379 1063 959 1500 1071 276 1565 791
447 1197 1594 198 913 1546 403 68 1106 777
765 677 1046 2 505 4 1090 452 1604 877
638 529 570 1600 1695 1593 168 613 596 763
1001 1279 1140 665 1298 151 6 801 1284 1258
821 571 1585 1448 1386 1262 796 1099 272 528
1527 493 1385 1203 1135 1048 667 432 268 236
1214 986 1603 316 204 1275 1033 1686 1112 831
873 1222 403 231 1594 809 333 1732 1197 1546
372 446 962 1141 1240 158 1127 614 760 30
925 1654 1065 1064 1360 197 1169 1293 20 93
982 1114 1618 347 147 1208 314 1363 715 1070
1517 23 675 1310 1666 1725 199 1331 1622 271
125 1269 1265 262 1207 332 1238 1683 258 1040
35 721 1609 1569 1721 792 1408 394 1473 836
339 240 631 826 138 1301 1711 1558 1044 589
1697 569 906 1230 733 1505 470 806 174 1282
216 920 1302 1393 1326 1353 479 627 1540 736
1134 564 417 1516 1728 1062 1581 987 829 578
992 105 79 514 282 1067 1042 128 794 51
599 215 664 50 1045 95 137 744 450 42
464 401 1053 328 251 670 1085 1318 1729 1200
1428 1346 1224 86 1670 940 207 1347 1306 110
1328 885 1036 1213 1616 1113 1413 1109 539 1329
482 545 459 397 718 1439 40 1060 402 89
406 658 1215 28 1117 1158 1167 692 1082 909
1063 276 1651 791 1474 1456 300 1209 379 384
1532 1587 517 1577 209 1291 1442 15 695 811
639 990 981 123 1165 1566 489 283 1567 1176
171 47 1469 1624 1633 1109 29 1339 1113 976
52 385 1296 513 1235 15 622 601 1249 209
1230 806 1697 1282 1490 281 569 1693 906 1132
120 1039 139 1073 1247 329 999 530 318 1193
343 1735 1710 1085 1037 401 963 995 1049 1200
492 87 1364 34 852 280 27 214 261 931
1077 606 1237 1625 1110 661 1090 650 1604 515
714 942 835 573 108 0 608 1108 647 1392
893 124 258 1059 332 1355 262 1565 125 1071
340 519 554 1583 657 1637 832 1535 1145 854
421 923 701 524 651 1409 163 386 109 293
802 1108 73 444 1584 608 1560 1168 1692 647
426 1384 1410 1091 161 1025 1257 1538 1047 1530
564 1728 1062 1492 987 1134 1673 417 578 1581
675 1486 1666 23 1622 1310 877 1012 1725 199
234 973 16 1674 1227 844 760 1320 614 644
613 107 1593 1180 1600 672 529 303 1477 1667
260 451 1137 816 1641 1151 1173 226 1404 1465
1242 483 115 1174 12 558 790 535 579 1122
641 122 182 1358 1395 759 366 227 839 1172
1420 865 1078 1295 449 1154 846 851 523 354
357 939 132 419 72 81 1444 1323 196 323
1610 1694 735 365 1427 1548 1026 1460 90 445
431 1245 1412 1266 1414 1623 978 126 856 58
1385 1480 1203 1048 667 432 493 617 268 1135
238 252 698 1321 220 286 1289 504 563 1014
1659 1415 1534 466 1368 515 1105 766 661 334
297 1257 161 1384 336 1410 1515 1091 555 1025
1681 237 185 1418 745 1188 1538 849 426 1194
517 1577 1442 209 1501 1291 936 811 15 325
64 676 824 924 1424 1138 1175 1631 359 455
1368 1659 1105 766 1529 334 1015 1415 1543 1189
1637 422 554 657 1467 1145 340 1153 1512 832
537 1243 1601 603 54 469 345 859 1354 636
548 61 741 45 1437 823 998 1378 331 188
745 426 1418 1515 1025 1047 1091 1608 237 1384
57 127 465 341 487 1381 705 612 1696 673
479 731 1342 1326 609 43 1302 880 1348 1555
582 720 1191 898 1202 117 306 358 875 568
1058 979 1049 37 1022 1447 963 649 488 173
1035 334 1015 556 1105 766 1189 181 1368 100
338 1095 1281 382 927 1329 678 299 461 1616
1309 97 133 1124 552 1199 867 129 1731 611
1197 1106 1594 1475 77 403 447 1016 873 198
1470 1438 393 557 980 277 621 7 148 1244
1427 1460 1694 131 1610 439 1525 1204 1111 735
938 785 1551 13 1149 119 541 389 1705 780
598 725 245 455 1076 1631 1123 443 1138 1396
785 119 1549 1149 938 1705 13 389 541 592
1723 506 921 1037 647 0 608 1710 573 1108
1054 1411 743 134 1020 669 533 1597 1613 1259
579 528 1174 12 1099 790 483 1122 1521 1262
880 438 43 890 609 1342 1178 731 1223 1540
1717 810 1646 155 643 186 259 1043 943 266
1122 275 790 574 12 1572 483 1174 1220 1521
1672 1044 1301 1620 826 1182 395 631 1405 339
596 1349 112 763 166 168 750 1695 353 570
444 1692 73 802 494 1584 1514 910 1168 1108
1249 622 550 1292 1235 385 836 1296 394 513
102 805 232 30 1662 614 1127 760 812 1227
752 856 1178 978 890 1414 438 1412 1555 431
546 1707 967 1423 320 176 1699 779 227 51
1355 1071 1059 959 124 379 1511 300 893 1474
123 283 990 1176 1502 561 639 697 922 625
520 489 319 1165 253 981 118 348 269 435
1092 633 685 1283 1387 918 966 1430 1333 1630
792 721 394 1488 836 35 1292 1609 550 1721
827 1256 1069 409 1613 1303 172 533 183 804
1115 1344 1722 1139 1714 170 22 1272 1356 687
574 1220 275 882 1557 1464 1122 1119 790 1082
1050 257 1166 39 356 1317 772 418 501 384
411 1100 822 284 1236 1405 682 223 395 10
544 1376 1400 290 605 1084 1434 457 481 793
1013 1277 955 402 1183 1225 600 40 1193 192
1532 1291 1442 936 517 811 1501 209 325 1419
866 728 387 834 315 946 818 1212 623 346
1009 1685 1011 1306 674 1251 207 1162 1224 495
855 1644 424 902 210 1260 205 1706 371 594
417 829 1134 76 1101 19 1492 1218 903 564
1401 970 604 1416 1171 1726 726 756 477 293
519 854 1512 1162 832 495 657 1011 340 1251
73 1168 802 1560 1514 974 444 1108 1692 173
1386 821 796 1479 272 571 1449 1448 1276 1262
915 771 868 1440 904 271 681 199 878 1650
695 1501 1532 1577 206 517 1291 209 811 1442
874 1614 825 808 20 1647 1360 1293 1065 1471
1268 965 1028 892 1365 1698 436 38 242 704
1094 150 717 342 683 92 543 775 1454 709
863 500 285 44 594 247 205 1179 424 839
567 1607 308 1313 195 218 21 746 93 1676
613 1600 529 1519 1477 107 638 1180 570 672
403 1475 1197 198 447 1546 873 913 1106 1461
542 130 850 1727 660 208 1435 1431 1172 368
945 758 1000 1718 478 1086 560 167 663 1198
1259 669 744 134 137 1411 50 215 95 1687
883 1466 1720 729 642 5 1278 376 273 1397
1463 24 49 562 1340 577 433 1657 156 1434
529 1593 1477 613 638 1519 570 107 1695 1180
859 1243 1126 1536 1635 345 264 54 1153 537
274 1715 626 842 162 795 1379 767 712 1669
316 204 1214 1481 1033 1112 986 831 1275 1075
1090 1713 505 950 1046 952 765 164 1237 1077
160 380 860 228 1615 786 680 993 70 509
797 588 291 84 165 1307 1263 1379 935 781
1592 1313 567 218 308 1676 312 21 1714 195
1047 434 1025 1352 1091 645 426 1538 1515 1410
1721 35 1408 1488 1473 721 462 1569 837 792
1525 1694 1427 735 1548 365 1460 1026 131 90
1017 142 738 1161 181 1732 556 333 1222 1035
1638 335 812 288 1361 1662 971 232 1061 947
1256 533 1570 1020 827 1069 743 409 1303 172
1588 808 874 1647 825 575 20 597 1360 1293
680 860 70 380 509 244 1605 243 535 160
885 1329 1497 1036 382 1328 1113 1095 1213 1109
405 485 255 715 784 1070 634 937 1136 1485
147 982 314 1485 1377 1114 937 1070 229 715
1038 804 463 172 183 944 409 1303 1164 968
1672 395 1182 1044 1558 1405 10 284 1301 826
1673 742 1062 103 1516 564 1351 1492 1728 1134
1666 877 452 675 1012 1517 4 113 1486 2
1266 126 58 1245 1632 1526 1366 431 964 1412
47 1633 29 1503 1339 171 976 1469 278 1109
606 661 1509 515 1077 466 1237 1415 1046 505
1383 1630 1421 1146 1430 734 768 36 1387 918
773 583 1147 1314 496 1677 22 170 1441 1272
689 1653 1686 585 1275 819 1096 986 1087 1481
416 526 1005 1185 686 116 909 1021 1270 292
1430 1626 1387 1146 918 1421 685 734 1092 1383
455 1138 725 924 1550 676 598 1533 245 64
1366 58 964 126 1239 1623 63 1266 536 1245
1339 1624 47 1503 278 29 171 1668 1469 976
225 1034 903 1231 76 19 829 566 1101 1581
345 264 1601 859 1467 54 1243 1126 1536 1153
730 169 929 532 1652 958 747 521 635 1241
657 1535 340 832 422 1512 554 519 1145 495
1612 288 335 971 812 1361 1061 1662 947 510
91 454 845 549 813 1286 646 787 693 400
761 1294 498 1370 994 666 767 1669 1341 626
1404 260 928 1144 1649 1520 1173 768 360 448
467 1148 610 1312 988 1226 1658 1425 553 684
236 1343 1135 1327 493 1433 1480 1024 1527 754
1580 424 902 855 1260 205 210 371 594 1706
189 1374 331 1212 188 346 45 387 998 946
1717 643 1556 259 810 943 155 383 186 1702
808 575 1614 597 1588 838 874 887 825 1081
333 809 1136 231 1732 634 1222 1161 784 1482
448 928 1404 734 36 1144 1641 1421 414 360
1097 279 144 265 771 1586 113 1255 1440 915
1474 1063 300 1500 379 276 959 791 1071 1456
169 521 1636 423 730 929 491 532 958 754
585 1628 819 689 1096 1686 1087 1275 121 986
1484 1064 925 197 1065 428 46 663 507 560
1098 378 648 1051 249 1074 1023 702 1258 1228
1338 1234 1 497 1417 56 559 817 18 1273
577 471 24 49 233 1599 562 149 1463 433
1148 684 1642 349 1312 1226 467 553 610 1201
1534 1529 1368 1415 1105 766 466 334 1015 1543
983 298 1431 65 1435 1426 911 1223 1730 542
371 862 1260 632 902 1432 1362 1644 1580 855
232 812 102 1562 1612 335 805 1361 1638 30
1688 949 412 774 682 997 1236 799 411 1088
26 1219 565 55 662 749 828 679 362 473
344 430 66 1330 1403 71 1422 671 1221 175
675 1622 1517 877 452 1486 1012 4 23 113
303 503 672 179 1180 440 107 1390 1519 167
309 278 202 1339 740 1633 450 1624 47 1503
767 1370 795 994 626 1294 162 1715 1640 1379
1306 940 1685 110 1428 1496 1224 1346 1579 1391
1008 490 833 330 302 381 1206 653 69 1299
1044 1620 1558 1182 395 1301 1405 826 10 284
1062 1621 1516 742 564 1492 1728 1134 103 417
973 844 1518 1320 234 644 16 586 1227 268
1322 25 59 1276 1040 1133 1238 1449 1207 349
218 1356 1313 687 1607 1057 1722 1115 1714 1571
1314 1441 583 620 1627 951 773 656 1147 1369
425 368 1218 208 1727 1101 369 578 32 987
80 74 876 92 289 668 104 1734 342 1708
607 1056 211 525 1373 480 367 307 11 764
1531 185 237 1188 1418 849 745 1194 1538 1394
1254 243 1709 509 159 70 244 680 535 1615
141 1265 1380 1487 1269 125 1207 1252 262 1238
652 200 976 555 382 29 1329 336 1095 1616
1306 1579 1009 1670 207 1224 674 1428 1251 1011
1275 689 986 1628 1481 1653 1214 585 1603 204
699 137 744 595 664 1045 599 1259 527 1462
949 774 1663 682 799 412 1236 411 311 997
716 317 1359 896 1337 580 1019 201 135 254
878 1016 681 77 904 1363 1106 868 915 1208
916 33 1116 89 1288 1060 1394 1194 350 1439
1560 494 444 73 910 802 1584 972 1514 1168
281 1132 1282 484 399 806 590 1505 429 1230
1610 1427 1525 1548 735 1460 131 365 1026 439
168 570 353 638 996 1477 1349 112 1559 166
487 8 191 341 57 612 1539 465 1315 673
1490 1230 569 1505 906 806 733 1282 470 281
892 38 965 472 1589 1267 1268 1027 1028 947
227 320 1395 967 366 182 1029 641 546 615
391 508 313 364 156 359 433 1175 1424 562
1104 458 617 1250 242 432 436 704 1365 1048
383 1032 943 803 259 587 305 230 643 212
516 707 235 1255 751 1446 501 265 1455 1317
1217 111 1341 611 666 1124 143 820 956 807
592 119 640 1551 299 1549 785 938 678 1149
502 210 398 855 213 1580 1155 1644 424 902
1564 1423 546 176 967 779 320 51 1699 1067
104 727 289 481 876 74 1084 668 1340 1400
1254 159 1682 388 1274 243 224 509 1002 70
1037 343 506 1507 1552 1735 1723 1085 1542 1058
589 138 1031 240 563 696 857 1289 1083 1489
551 392 1272 1457 170 864 897 222 1057 1139
1604 950 1090 952 505 164 1046 1110 841 1237
312 1722 21 1115 746 1571 218 1313 486 1676
1602 626 795 767 274 162 1669 1379 994 842
770 453 1246 1121 157 908 310 351 538 584
1556 1646 810 643 155 259 186 943 1043 383
758 1086 1596 167 945 1390 1000 440 478 179
9 1021 270 1185 909 1005 1167 1117 1629 1215
273 883 254 1598 376 912 5 580 1466 140
1408 1609 1473 35 462 1488 837 721 1052 1569
1714 1115 312 1571 21 1344 218 1676 746 1313
921 1552 647 0 506 608 573 1037 1108 942
871 602 1451 1736 1129 655 442 1131 1150 1093
1331 199 1310 748 271 23 777 1486 68 1440
1416 756 970 293 1582 386 1401 1409 524 604
130 208 1595 368 542 1678 1730 911 32 1435
987 1516 564 1492 578 1062 1134 369 417 1673
670 899 251 464 762 1053 1495 420 328 401
911 32 1435 369 1431 578 208 1727 983 368
673 133 612 1309 1381 127 129 341 487 57
1161 333 142 1648 231 809 1611 1222 1136 1017
691 1333 966 408 1283 1396 633 1568 1123 1092
668 989 876 360 74 289 1144 1679 104 80
1507 1085 343 401 995 1200 1710 1495 963 1318
1451 1131 602 1724 442 1129 1248 871 1159 1150
