1 189 188 376 2 190 187 375 191 3
2 0 376 189 188 3 375 190 187 4
3 1 4 0 376 189 375 190 188 5
4 2 1 5 0 6 376 189 375 190
5 3 2 6 1 7 0 8 376 189
4 6 3 7 2 8 1 9 0 10
7 5 4 8 3 9 2 10 1 11
6 8 9 5 4 10 3 11 2 12
9 7 10 6 5 11 4 12 3 13
8 10 7 11 6 12 5 13 4 14
11 9 8 12 7 13 6 14 5 15
12 10 9 13 8 14 7 15 6 16
11 13 10 14 15 9 8 16 7 17
14 12 15 11 10 16 17 9 8 18
13 15 12 16 17 11 10 18 9 19
16 14 13 17 12 18 11 19 1148 1147
17 15 18 14 13 19 1148 1147 1149 1146
16 18 15 19 1148 1149 1147 1150 14 20
19 17 1149 1148 1150 1147 20 16 1151 1146
1149 1148 20 18 1150 1147 21 17 1151 1146
1149 19 21 1150 1148 18 22 1151 1147 17
22 20 1149 1150 19 23 1148 1151 1147 18
23 21 24 20 1149 1150 25 19 1148 1151
22 24 21 25 20 26 1150 1149 1151 19
25 23 22 26 21 27 28 20 1150 1149
24 26 27 23 28 22 29 21 30 20
27 25 28 24 29 23 30 22 31 21
26 28 25 29 24 30 31 23 22 32
27 29 26 30 25 31 24 32 23 33
30 28 31 27 32 26 25 33 34 24
29 31 28 32 27 33 34 26 25 35
32 30 29 33 34 28 35 27 36 26
33 31 34 30 35 29 28 36 27 37
32 34 31 35 36 30 29 37 38 28
33 35 32 36 31 37 38 30 706 39
36 34 37 33 38 32 39 31 707 706
35 37 38 34 39 33 707 708 706 709
38 36 39 35 708 707 709 706 40 34
37 39 708 707 709 40 36 706 710 41
708 709 40 38 707 710 41 37 706 711
709 39 41 710 708 38 42 711 707 43
40 42 710 709 711 39 43 708 712 38
41 43 40 44 710 711 709 712 39 45
44 42 41 45 987 986 711 40 46 710
43 45 42 46 987 988 986 989 985 41
44 46 988 987 989 47 43 986 990 985
988 989 47 45 987 990 48 44 986 991
988 989 46 48 987 990 45 49 986 991
47 49 989 988 50 46 990 987 51 45
50 48 51 47 989 988 52 46 990 987
49 51 52 48 53 47 989 988 54 990
52 50 53 49 54 48 55 47 989 824
53 51 54 50 55 49 825 824 56 48
52 54 55 51 825 824 50 56 826 823
55 53 825 824 52 56 826 823 827 57
825 54 56 824 826 823 57 53 827 822
825 824 55 57 826 823 54 58 827 822
58 56 825 824 826 55 59 823 827 60
57 59 60 56 825 824 826 823 55 61
58 60 57 61 56 62 825 824 826 823
61 59 58 62 57 63 56 64 825 824
60 62 63 59 58 64 397 396 398 57
63 61 60 64 397 396 398 65 59 395
64 62 397 396 398 61 65 395 399 66
397 63 65 398 396 66 62 399 395 67
397 398 66 64 396 399 67 63 395 400
67 65 398 397 399 68 600 64 396 601
66 68 601 600 602 65 399 398 69 599
601 602 67 69 600 603 66 70 599 399
602 601 68 70 603 600 67 71 604 599
69 71 602 603 601 68 72 604 600 67
72 70 69 73 602 603 601 604 68 74
71 73 70 74 69 75 603 602 604 601
74 72 75 71 76 70 69 77 603 602
73 75 76 72 77 71 78 70 69 79
76 74 73 77 78 72 79 71 80 70
75 77 78 74 73 79 80 72 81 71
78 76 75 79 80 74 73 81 559 560
77 79 76 80 75 81 559 560 558 561
80 78 77 81 560 559 561 558 82 76
79 81 560 559 561 82 78 558 562 83
560 561 82 80 559 562 83 79 558 563
560 561 81 83 559 562 80 84 558 563
82 84 561 560 85 81 562 559 563 86
85 83 86 82 561 560 562 87 81 559
84 86 87 83 88 82 561 562 560 563
87 85 88 84 89 83 90 82 562 561
88 86 89 85 90 84 91 83 92 82
87 89 90 86 91 85 92 84 93 83
88 90 91 87 92 86 93 85 94 84
91 89 92 88 93 87 94 86 282 283
92 90 93 89 88 94 282 283 281 284
93 91 94 90 282 283 281 284 95 89
92 94 282 283 95 91 281 284 280 285
282 283 95 93 281 284 96 92 285 280
282 283 94 96 281 284 93 97 280 285
97 95 282 283 94 98 281 284 280 285
98 96 95 99 282 283 281 284 94 100
97 99 96 100 95 101 282 283 281 284
98 100 97 101 96 102 95 103 282 283
101 99 102 98 97 103 96 104 95 105
100 102 99 103 98 104 97 105 96 106
103 101 104 100 105 99 98 106 97 107
104 102 105 101 100 106 99 107 98 108
103 105 102 106 101 107 100 108 99 109
106 104 107 103 102 108 101 109 100 110
105 107 104 108 109 103 102 110 101 111
108 106 109 105 104 110 111 103 102 112
109 107 110 106 105 111 104 112 103 113
108 110 107 111 106 112 105 113 519 520
111 109 112 108 107 113 520 519 521 518
110 112 109 113 520 519 521 108 114 518
113 111 520 521 110 114 519 522 518 109
520 521 114 112 519 522 115 111 518 523
521 520 113 115 522 519 112 116 523 518
116 114 521 520 522 113 117 519 523 112
115 117 118 114 521 522 520 523 113 119
118 116 119 115 120 114 521 522 520 523
117 119 116 120 115 121 122 114 522 521
120 118 121 117 122 116 123 115 124 114
121 119 122 118 123 117 116 124 125 115
120 122 119 123 118 124 125 117 116 126
121 123 120 124 119 125 118 126 117 127
124 122 125 121 126 120 119 127 128 118
125 123 126 122 127 121 128 120 129 119
124 126 123 127 122 128 129 121 120 130
127 125 128 124 129 123 130 122 131 121
128 126 129 125 130 124 123 131 122 132
127 129 126 130 125 131 124 132 133 123
128 130 127 131 126 132 133 125 653 652
131 129 132 128 133 127 653 654 652 134
130 132 133 129 654 653 134 128 652 655
133 131 654 653 134 130 655 652 135 129
654 132 134 655 653 135 131 656 652 136
655 133 135 654 656 136 132 653 137 657
655 136 134 656 654 133 137 657 653 132
137 135 655 656 138 134 657 654 133 139
136 138 135 139 656 655 657 134 140 461
137 139 136 140 462 461 463 135 141 460
140 138 462 463 141 137 461 464 460 465
463 141 139 462 464 142 461 138 465 460
463 464 140 142 462 465 139 143 461 466
143 141 463 464 462 140 144 465 461 466
142 144 145 141 463 464 465 462 146 140
143 145 146 142 147 141 464 463 465 462
146 144 143 147 148 142 149 141 464 463
145 147 148 144 149 143 150 142 909 908
148 146 149 145 150 144 909 908 910 907
149 147 146 150 909 908 910 907 151 145
148 150 909 908 910 151 147 907 911 146
909 908 151 149 910 907 148 152 911 906
909 150 152 908 910 907 153 149 911 906
151 153 909 908 150 154 910 907 911 149
154 152 151 155 909 908 910 150 156 907
153 155 152 156 151 157 909 908 910 150
156 154 153 157 158 152 151 159 1054 1055
157 155 158 154 153 159 1054 1053 1055 1052
156 158 155 159 1054 1053 1055 1052 154 160
157 159 1054 1055 1053 156 160 1056 1052 161
1054 1055 160 158 1053 1056 161 157 1052 1057
1055 161 159 1054 1056 1053 162 158 763 764
160 162 1055 764 1056 765 763 159 163 1054
765 161 163 764 766 763 160 164 1056 1055
765 766 162 164 764 767 161 165 763 768
766 165 163 765 767 764 162 166 768 763
164 166 766 163 167 765 767 764 768 162
165 167 164 168 766 767 163 169 765 768
168 166 169 165 164 170 767 766 163 171
169 167 170 166 171 165 164 172 767 766
168 170 167 171 172 166 173 165 164 174
171 169 168 172 173 167 174 166 175 165
170 172 173 169 168 174 167 175 1111 1112
173 171 170 174 169 175 1111 1112 1110 1113
172 174 171 175 1112 1111 1113 170 176 1110
175 173 1112 1111 176 172 1113 1110 1114 177
1112 176 174 1113 1111 1114 177 173 1110 1115
1112 1113 175 177 1111 1114 178 174 1110 1115
178 176 1113 1112 1114 175 179 1111 1115 1110
177 179 180 176 1113 1112 1114 1111 1115 181
180 178 181 177 182 176 1113 1114 1112 1115
181 179 178 182 183 177 184 176 1114 1113
180 182 183 179 184 178 185 177 186 1114
183 181 184 180 185 179 186 178 187 177
184 182 185 181 186 180 187 179 188 178
185 183 186 182 187 181 188 180 0 179
184 186 183 187 188 182 181 0 376 189
185 187 184 188 183 0 376 189 375 190
186 188 185 0 376 189 375 190 1 184
187 0 376 189 1 186 375 190 2 185
190 0 188 1 376 191 187 2 375 192
191 189 192 0 188 1 187 2 376 193
192 190 189 193 0 194 188 1 187 2
193 191 190 194 189 195 0 196 188 1
192 194 191 195 190 196 189 197 0 198
195 193 192 196 191 197 190 198 189 199
194 196 197 193 192 198 191 199 190 200
197 195 198 194 193 199 192 200 191 201
196 198 195 199 194 200 193 201 192 202
199 197 196 200 195 201 194 202 193 203
200 198 201 197 196 202 195 203 194 204
199 201 198 202 203 197 196 204 195 205
202 200 203 199 198 204 205 197 196 206
201 203 200 204 205 199 198 206 197 207
204 202 201 205 200 206 199 207 1170 1171
205 203 206 202 201 207 1170 1169 1171 1168
204 206 203 207 1170 1169 1171 1168 202 208
207 205 1169 1170 1168 208 204 1171 1167 1172
1169 1170 208 206 1168 1171 209 205 1167 1172
1169 207 209 1168 1170 1167 206 210 1171 1166
210 208 1169 1168 207 211 1170 1167 1171 206
211 209 212 208 1168 1169 213 207 1167 1170
210 212 209 213 208 214 1168 1169 1167 207
213 211 210 214 209 215 216 208 1168 1169
212 214 215 211 216 210 217 209 218 208
215 213 216 212 217 211 218 210 219 209
214 216 213 217 212 218 219 211 210 220
217 215 214 218 213 219 212 220 211 221
218 216 219 215 220 214 213 221 222 212
217 219 216 220 215 221 222 214 213 223
220 218 217 221 222 216 223 215 224 214
221 219 222 218 223 217 216 224 215 225
220 222 219 223 224 218 217 225 226 216
221 223 220 224 219 225 226 218 739 227
224 222 225 221 226 220 227 219 738 739
223 225 226 222 227 221 738 739 737 740
226 224 227 223 738 737 739 736 228 222
225 227 737 738 736 228 224 739 735 740
737 736 228 226 738 735 229 225 739 734
736 737 227 229 735 738 226 230 734 739
228 230 736 735 737 227 231 734 738 733
229 231 228 232 735 736 734 737 227 233
232 230 229 233 1021 1022 735 228 234 734
231 233 230 234 1021 1020 1022 1019 1023 229
232 234 1020 1021 1019 235 231 1022 1018 1023
1020 1019 235 233 1021 1018 236 232 1022 1017
1020 1019 234 236 1021 1018 233 237 1022 1017
235 237 1020 1019 238 234 1018 1021 239 233
238 236 239 235 1019 1020 240 234 1018 1021
237 239 240 236 241 235 1019 1020 242 234
240 238 241 237 242 236 243 235 1019 866
241 239 242 238 243 237 865 866 244 236
240 242 243 239 865 866 238 244 864 867
243 241 865 866 240 244 864 867 863 245
865 242 244 866 864 867 245 241 863 868
865 866 243 245 864 867 242 246 863 868
246 244 865 866 864 243 247 867 863 248
245 247 248 244 865 866 864 867 243 249
246 248 245 249 244 250 865 866 864 867
249 247 246 250 245 251 244 252 865 866
248 250 251 247 246 252 429 428 430 245
251 249 248 252 429 428 430 253 247 427
252 250 429 428 430 249 253 427 431 254
429 251 253 428 430 427 254 250 431 255
428 429 254 252 427 430 255 251 426 431
255 253 428 427 429 256 628 252 627 430
254 256 627 628 626 427 253 257 428 629
627 626 255 257 628 625 254 258 629 427
626 256 258 627 625 628 255 259 624 254
257 259 626 625 627 256 260 624 628 255
260 258 257 261 625 626 624 627 256 262
259 261 258 262 257 263 625 626 624 627
262 260 263 259 264 258 257 265 625 624
261 263 264 260 265 259 266 258 257 267
264 262 261 265 266 260 267 259 268 258
263 265 266 262 261 267 268 260 269 259
266 264 263 267 268 262 261 269 578 579
265 267 264 268 263 269 578 579 577 580
268 266 265 269 578 577 579 576 270 264
267 269 578 577 579 270 266 576 580 575
577 578 270 268 576 579 271 267 575 580
577 269 271 578 576 268 272 579 575 580
270 272 577 576 273 269 578 575 579 274
273 271 274 270 577 576 578 275 269 575
272 274 275 271 276 270 576 577 575 578
275 273 276 272 277 271 278 270 576 575
276 274 277 273 278 272 279 271 280 270
275 277 278 274 279 273 280 272 281 271
276 278 279 275 280 274 281 273 282 272
279 277 280 276 281 275 282 274 94 95
280 278 281 277 276 282 94 95 93 96
281 279 282 278 94 95 93 96 283 277
280 282 94 95 283 279 93 96 92 97
94 95 283 281 93 96 284 280 97 92
94 95 282 284 93 96 281 285 92 97
285 283 94 95 282 286 93 96 92 97
286 284 283 287 94 95 93 96 282 288
285 287 284 288 283 289 94 95 93 96
286 288 285 289 284 290 283 291 94 95
289 287 290 286 285 291 284 292 283 293
288 290 287 291 286 292 285 293 284 294
291 289 292 288 293 287 286 294 285 295
292 290 293 289 288 294 287 295 286 296
291 293 290 294 289 295 288 296 287 297
294 292 295 291 290 296 289 297 288 298
293 295 292 296 297 291 290 298 289 299
296 294 297 293 292 298 299 291 290 300
297 295 298 294 293 299 292 300 291 301
296 298 295 299 294 300 293 301 542 543
299 297 300 296 295 301 542 541 543 294
298 300 297 301 542 541 296 302 543 540
301 299 541 542 298 302 540 543 539 297
541 302 300 540 542 303 299 539 543 538
541 540 301 303 542 539 300 304 543 538
304 302 541 540 539 542 301 305 538 543
303 305 306 302 540 541 539 542 301 307
306 304 307 303 308 302 540 541 539 542
305 307 304 308 303 309 310 302 540 539
308 306 309 305 310 304 311 303 312 302
309 307 310 306 311 305 304 312 313 303
308 310 307 311 306 312 313 305 304 314
311 309 308 312 307 313 306 314 305 315
310 312 313 309 314 308 307 315 316 306
313 311 314 310 315 309 316 308 317 307
312 314 311 315 310 316 317 309 308 318
315 313 316 312 317 311 318 310 319 309
316 314 317 313 318 312 311 319 310 320
315 317 314 318 313 319 312 320 321 311
316 318 315 319 314 320 321 313 684 683
319 317 320 316 321 315 683 684 685 682
318 320 321 317 683 684 682 322 316 685
321 319 683 682 322 318 684 681 685 323
682 320 322 683 681 684 323 319 680 685
682 681 321 323 683 680 324 320 684 679
681 324 322 682 680 321 325 683 679 320
325 323 681 680 326 322 682 679 321 683
324 326 323 327 680 681 679 322 328 682
325 327 324 328 496 495 497 323 329 494
328 326 495 496 329 325 494 497 493 498
495 329 327 494 496 330 326 493 497 492
495 494 328 330 496 493 327 331 497 492
331 329 494 495 493 328 332 496 492 497
330 332 333 329 494 495 493 496 334 328
331 333 334 330 335 329 494 495 493 496
334 332 331 335 336 330 337 329 494 495
333 335 336 332 337 331 338 330 949 950
336 334 337 333 338 332 949 950 948 951
337 335 334 338 949 950 948 951 339 333
336 338 949 950 948 339 335 951 947 334
949 950 339 337 948 951 336 340 947 952
949 338 340 950 948 951 341 337 947 952
339 341 949 950 338 342 948 951 947 337
342 340 339 343 949 950 948 338 344 951
341 343 340 344 339 345 949 950 948 338
344 342 341 345 346 340 339 347 1086 1087
345 343 346 342 341 347 1086 1087 1085 1088
344 346 343 347 1086 1087 1085 1088 342 348
345 347 1086 1085 1087 344 348 1084 1088 349
1086 1085 348 346 1087 1084 349 345 1088 1083
1085 349 347 1086 1084 1087 350 346 791 790
348 350 1085 790 1084 791 347 351 1086 1083
790 349 351 791 789 348 352 1084 1085 1083
790 350 352 789 349 791 353 788 1084 1083
353 351 789 790 788 350 354 791 787 349
352 354 789 351 355 788 790 787 350 356
353 355 352 356 789 788 351 357 787 790
356 354 357 353 352 358 789 788 351 359
357 355 358 354 359 353 352 360 788 789
356 358 355 359 360 354 361 353 352 362
359 357 356 360 361 355 362 354 363 353
358 360 361 357 356 362 355 363 1131 1130
361 359 358 362 357 363 1130 1131 1129 356
360 362 359 363 1130 1131 1129 358 364 1132
363 361 1130 1129 364 360 1131 1128 1132 365
1130 364 362 1129 1131 1128 365 361 1132 1127
1129 1130 363 365 1128 1131 366 362 1127 1132
366 364 1129 1130 1128 363 367 1131 1127 1132
365 367 368 364 1129 1128 1130 1127 1131 369
368 366 369 365 370 364 1129 1128 1130 1127
369 367 366 370 371 365 372 364 1128 1129
368 370 371 367 372 366 373 365 374 1128
371 369 372 368 373 367 374 366 375 365
372 370 373 369 374 368 375 367 376 366
373 371 374 370 375 369 376 368 0 367
372 374 371 375 376 370 369 0 188 1
373 375 372 376 371 0 188 1 187 2
374 376 373 0 188 1 187 2 189 372
375 0 188 1 189 374 187 2 190 373
508 378 507 379 506 380 505 381 691 690
379 377 508 380 381 507 382 506 691 692
380 378 381 377 508 382 507 383 692 693
379 381 378 382 383 377 693 508 384 585
380 382 379 383 384 378 585 693 586 385
383 381 384 380 385 379 586 585 587 378
382 384 381 385 386 380 587 586 588 379
385 383 382 386 387 381 588 587 589 586
386 384 387 383 382 388 588 589 587 590
385 387 384 388 389 383 589 590 588 591
386 388 385 389 390 384 590 591 589 592
389 387 390 386 385 391 591 592 590 593
388 390 387 391 392 386 592 593 591 594
391 389 388 392 393 387 593 592 594 591
392 390 393 389 388 394 594 593 595 592
391 393 390 394 395 389 595 594 596 593
394 392 395 391 396 390 596 595 597 594
395 393 396 392 391 397 597 596 64 65
394 396 393 397 64 65 63 398 392 597
395 397 64 65 63 398 394 66 62 598
65 64 398 396 66 63 399 395 67 62
65 397 399 64 66 67 63 396 400 68
400 398 66 65 67 401 397 64 68 63
399 401 398 402 67 66 65 68 602 403
400 402 399 403 603 602 404 398 604 67
403 401 404 400 604 603 399 405 605 602
402 404 401 405 605 604 406 400 606 603
403 405 406 402 606 605 401 407 607 604
406 404 407 403 607 606 402 408 608 605
405 407 404 408 608 607 409 403 609 606
408 406 409 405 608 609 404 410 607 610
407 409 406 410 609 610 411 405 608 611
410 408 407 411 610 611 412 406 609 612
411 409 412 408 611 612 610 407 413 613
410 412 409 413 612 613 611 414 408 614
413 411 414 410 613 614 612 409 415 615
412 414 411 415 614 613 615 416 410 612
413 415 412 416 615 614 616 417 411 613
416 414 417 413 616 615 617 412 418 614
415 417 414 418 617 616 419 413 618 615
418 416 419 415 618 617 414 420 619 616
419 417 420 416 619 618 415 421 620 617
418 420 417 421 620 619 422 416 618 621
421 419 422 418 620 621 417 423 619 622
420 422 419 423 621 622 424 418 620 623
421 423 424 420 622 623 419 425 621 624
424 422 425 421 623 624 420 426 622 625
423 425 422 426 624 625 427 421 623 626
426 424 427 423 625 255 256 422 428 624
425 427 424 428 254 255 253 256 626 252
428 426 253 254 252 255 425 429 256 251
253 429 427 252 254 251 430 255 426 256
253 252 428 430 254 251 427 431 255 250
429 431 252 253 251 428 432 254 250 630
432 430 433 429 252 253 251 428 434 631
431 433 430 434 435 429 631 632 252 630
432 434 435 431 430 436 632 633 631 634
435 433 436 432 431 437 633 634 632 635
434 436 433 437 438 432 634 635 633 636
435 437 438 434 433 439 635 636 634 633
438 436 439 435 434 440 636 635 637 634
437 439 436 440 435 441 637 636 638 635
440 438 441 437 436 442 638 637 639 636
439 441 442 438 437 443 639 638 640 637
442 440 439 443 444 438 640 639 638 641
443 441 444 440 439 445 640 641 639 438
442 444 441 445 446 440 641 642 640 439
443 445 442 446 441 447 642 643 641 448
446 444 447 443 442 448 643 642 441 449
445 447 444 448 449 443 644 442 450 643
446 448 445 449 450 444 451 443 645 644
449 447 450 446 445 451 444 452 645 646
448 450 447 451 452 446 445 453 646 647
449 451 448 452 453 447 454 446 647 648
452 450 453 449 448 454 455 447 648 649
451 453 450 454 455 449 448 456 649 648
454 452 451 455 456 450 457 449 650 649
455 453 456 452 451 457 458 450 650 651
454 456 453 457 458 452 451 459 651 652
455 457 454 458 459 453 460 452 652 461
458 456 459 455 454 460 461 453 462 452
457 459 456 460 461 455 454 462 138 137
458 460 461 457 462 456 138 139 137 140
461 459 462 458 139 140 457 463 138 141
460 462 140 459 463 139 141 138 142 464
461 463 140 141 139 142 464 460 138 143
141 140 464 462 142 139 465 461 143 138
141 463 465 140 142 462 466 139 143 467
466 464 141 467 463 142 140 143 139 462
465 467 464 468 141 142 469 463 140 143
466 468 465 469 470 464 141 142 463 471
469 467 470 466 465 471 472 464 141 142
468 470 467 471 472 466 465 473 464 474
471 469 472 468 473 467 474 466 475 465
472 470 473 469 468 474 475 467 476 466
471 473 470 474 475 469 468 476 477 467
474 472 475 471 470 476 477 469 478 468
473 475 472 476 477 471 470 478 469 479
474 476 473 477 478 472 471 479 480 470
477 475 478 474 473 479 480 472 481 471
476 478 475 479 480 474 473 481 482 472
479 477 480 476 475 481 482 474 483 473
478 480 477 481 482 476 475 483 474 484
479 481 478 482 483 477 476 484 475 485
482 480 483 479 478 484 485 477 486 476
481 483 480 484 485 479 478 486 477 487
484 482 485 481 480 486 487 479 478 488
485 483 486 482 481 487 480 488 479 489
484 486 483 487 488 482 481 489 480 490
487 485 488 484 483 489 490 482 481 491
486 488 485 489 490 484 483 491 482 492
487 489 486 490 485 491 484 492 483 493
490 488 491 487 486 492 493 485 494 484
489 491 488 492 493 487 486 494 329 330
492 490 493 489 488 494 329 330 328 495
491 493 490 494 329 330 328 489 495 331
492 494 329 330 491 495 328 331 327 496
329 495 493 328 330 496 492 327 331 491
329 328 494 496 330 327 493 497 331 326
495 497 328 329 327 494 498 330 326 331
498 496 499 495 328 327 329 326 330 494
497 499 496 500 327 501 495 328 326 329
498 500 501 497 496 502 326 327 325 495
501 499 502 498 497 503 504 496 325 326
500 502 499 503 504 498 497 505 496 506
503 501 504 500 499 505 498 506 685 507
504 502 505 501 500 506 499 507 686 685
503 505 502 506 507 501 500 508 686 687
504 506 507 503 502 508 501 377 687 688
507 505 508 504 503 377 502 378 688 689
506 508 505 377 378 504 379 503 689 688
377 507 378 506 505 379 504 380 690 689
510 584 583 511 582 512 581 513 580 514
511 509 584 512 513 583 582 514 581 515
510 512 513 509 584 514 583 515 582 516
513 511 510 514 515 509 584 516 583 517
512 514 515 511 510 516 517 509 584 518
515 513 512 516 517 511 518 510 519 509
516 514 513 517 518 512 511 519 520 510
515 517 518 514 513 519 520 512 112 113
518 516 515 519 520 514 113 112 114 111
517 519 520 516 113 112 114 515 521 111
520 518 113 114 521 517 112 115 111 522
114 113 521 519 115 112 518 522 116 111
114 113 520 522 115 112 523 519 116 111
523 521 114 115 113 520 524 116 112 525
522 524 525 521 114 115 113 116 526 520
523 525 526 522 521 527 114 115 113 116
526 524 523 527 528 522 521 529 114 115
525 527 528 524 523 529 530 522 531 521
528 526 525 529 530 524 531 523 532 522
527 529 530 526 525 531 532 524 533 523
528 530 531 527 532 526 533 525 534 524
531 529 532 528 533 527 526 534 535 525
530 532 533 529 528 534 535 527 526 536
533 531 530 534 535 529 528 536 527 537
532 534 535 531 530 536 537 529 528 538
535 533 532 536 537 531 530 538 529 539
534 536 533 537 532 538 531 539 530 540
535 537 538 534 533 539 532 540 302 303
538 536 535 539 540 534 302 303 301 533
537 539 540 536 302 303 535 541 301 304
540 538 302 303 537 541 301 304 300 542
302 541 539 301 303 542 538 300 304 543
302 301 540 542 303 300 543 539 304 299
543 541 301 302 300 303 540 544 299 304
542 544 545 541 301 302 300 303 540 546
545 543 542 546 547 541 301 300 302 299
546 544 543 547 548 542 300 541 549 301
545 547 548 544 543 549 542 550 300 299
548 546 545 549 550 544 543 551 542 552
547 549 550 546 545 551 552 544 543 553
550 548 547 551 552 546 553 545 554 544
551 549 548 552 553 547 546 554 555 545
550 552 553 549 548 554 555 547 556 546
553 551 550 554 555 549 556 548 557 547
552 554 555 551 556 550 557 549 558 548
555 553 556 552 557 551 558 550 559 549
556 554 553 557 558 552 559 551 550 560
555 557 558 554 553 559 552 560 80 81
558 556 555 559 554 560 81 80 82 79
559 557 556 560 81 80 82 79 555 561
558 560 81 80 82 561 557 79 83 562
81 82 561 559 80 83 562 558 79 84
81 82 562 560 80 83 559 563 84 79
561 563 82 81 560 564 83 80 84 559
564 562 565 561 82 83 81 566 560 84
565 563 562 566 567 561 82 83 81 84
564 566 567 563 568 562 569 561 83 82
565 567 564 568 569 563 570 562 571 561
568 566 569 565 570 564 571 563 572 562
569 567 570 566 571 565 572 564 573 563
568 570 567 571 572 566 565 573 564 574
571 569 568 572 567 573 566 574 565 575
572 570 569 573 568 574 567 575 566 576
571 573 570 574 569 575 568 576 567 271
572 574 571 575 570 576 569 577 271 270
575 573 576 572 571 577 270 271 269 272
574 576 577 573 270 269 271 268 578 572
575 577 270 269 271 574 578 268 272 267
269 270 578 576 268 271 579 575 267 272
269 577 579 270 268 576 580 271 267 272
578 580 269 268 577 581 270 267 271 576
581 579 582 578 269 268 270 583 577 267
580 582 583 579 584 578 268 269 267 270
581 583 580 584 579 509 578 510 268 269
584 582 581 509 510 580 511 579 578 512
583 509 510 582 581 511 580 512 579 513
693 586 692 587 691 588 381 382 690 589
587 585 693 588 589 692 382 383 384 381
588 586 589 585 693 590 384 383 385 382
587 589 586 590 591 585 385 384 386 383
590 588 591 587 586 592 386 385 387 384
591 589 592 588 593 587 387 386 388 385
590 592 589 593 594 588 388 389 387 390
593 591 594 590 589 595 389 390 388 391
592 594 591 595 596 590 390 391 389 392
595 593 596 592 591 597 391 392 390 393
594 596 593 597 598 592 392 393 391 394
597 595 598 594 593 599 393 394 395 392
598 596 599 595 600 594 395 394 396 393
597 599 596 600 66 67 396 601 595 395
600 598 601 597 67 66 68 65 69 397
599 601 68 67 69 66 598 602 70 65
68 69 602 600 67 70 603 599 66 71
69 68 601 603 70 67 600 604 71 66
604 602 69 70 68 605 601 71 67 401
603 605 602 606 70 69 71 402 68 403
606 604 607 603 403 404 608 602 402 70
605 607 604 608 404 405 603 609 403 406
608 606 609 605 405 406 610 604 404 407
607 609 606 610 407 406 611 605 408 405
610 608 611 607 408 407 612 606 409 406
609 611 608 612 409 408 410 607 613 407
612 610 609 613 410 409 411 614 608 408
611 613 614 610 411 410 412 615 609 409
614 612 615 611 412 411 413 616 610 410
613 615 616 612 413 414 412 611 617 415
616 614 613 617 414 415 413 612 618 416
615 617 614 618 415 416 414 613 619 417
618 616 619 615 416 417 415 620 614 418
617 619 616 620 417 418 615 621 416 419
620 618 617 621 419 418 616 622 417 420
619 621 618 622 420 419 617 623 421 418
622 620 619 623 421 420 618 624 422 419
623 621 624 620 422 421 619 625 423 420
622 624 625 621 423 422 626 620 258 424
625 623 626 622 257 258 256 259 424 423
624 626 257 258 256 623 627 259 255 425
257 256 627 625 258 255 628 624 259 254
256 626 628 257 255 258 625 629 254 259
629 627 255 256 257 254 630 626 253 258
628 630 627 631 255 254 256 253 257 429
631 629 632 628 254 430 627 633 431 255
630 632 629 633 628 634 431 432 430 433
631 633 634 630 629 635 433 432 434 431
634 632 631 635 630 636 434 433 435 432
633 635 632 636 637 631 435 434 436 433
636 634 637 633 632 638 436 435 437 434
635 637 634 638 639 633 437 436 438 435
638 636 639 635 634 640 438 439 437 436
637 639 636 640 635 641 439 440 438 441
640 638 641 637 642 636 440 441 439 442
641 639 642 638 637 643 441 442 440 443
640 642 639 643 644 638 442 443 441 444
643 641 644 640 639 645 444 443 445 442
642 644 641 645 646 640 445 444 639 647
643 645 646 642 647 641 446 445 648 640
646 644 647 643 648 642 649 447 641 446
645 647 644 648 649 643 642 650 448 449
648 646 649 645 644 650 651 643 449 450
647 649 646 650 651 645 644 652 450 451
648 650 651 647 652 646 653 645 451 452
651 649 652 648 653 647 654 646 132 131
650 652 649 653 654 648 132 133 131 647
653 651 654 650 133 132 649 134 131 130
652 654 133 132 651 134 131 135 655 650
133 653 134 132 135 655 652 131 136 656
135 134 656 133 136 654 657 132 137 658
657 655 135 136 134 658 137 133 659 654
656 658 655 659 136 135 137 134 660 138
659 657 660 656 655 661 136 137 135 138
658 660 657 661 662 656 655 663 136 137
661 659 662 658 657 663 664 656 665 655
660 662 659 663 664 658 665 657 666 656
661 663 660 664 665 659 666 658 667 657
664 662 665 661 666 660 667 659 658 668
663 665 662 666 667 661 660 668 669 659
666 664 667 663 662 668 669 661 670 660
665 667 664 668 669 663 662 670 671 661
668 666 669 665 670 664 671 663 672 662
667 669 666 670 665 671 664 672 673 663
668 670 667 671 666 672 665 673 664 674
671 669 672 668 667 673 674 666 665 675
670 672 669 673 674 668 667 675 666 676
673 671 674 670 669 675 676 668 667 677
672 674 671 675 676 670 669 677 678 668
675 673 676 672 671 677 678 670 669 679
674 676 673 677 672 678 671 679 670 680
677 675 674 678 673 679 672 680 671 681
678 676 679 675 674 680 681 673 324 325
677 679 676 680 681 675 324 323 325 322
680 678 681 677 323 324 325 322 676 682
679 681 323 322 324 678 682 321 325 683
322 323 682 680 321 324 683 679 320 325
322 321 681 683 323 320 680 684 324 319
682 684 321 322 320 681 685 323 319 324
685 683 321 686 682 320 322 319 323 681
684 686 683 687 320 321 688 682 319 322
687 685 688 684 683 689 320 321 319 690
686 688 685 689 690 684 683 691 320 319
687 689 690 686 685 691 692 684 507 506
690 688 691 687 686 692 685 693 508 507
689 691 688 692 693 687 686 585 377 508
692 690 693 689 688 585 586 687 378 379
691 693 690 585 586 689 379 688 587 380
585 692 586 691 690 587 380 381 588 689
802 695 801 696 800 697 1099 1098 1100 1097
694 696 802 697 801 698 1100 1099 1101 800
697 695 698 694 802 699 1101 1102 1100 700
696 698 695 699 700 694 1102 971 1101 802
699 697 700 696 701 695 971 702 694 972
700 698 701 697 702 696 703 695 972 973
701 699 698 702 703 697 696 704 973 974
702 700 703 699 698 704 705 697 975 974
701 703 700 704 705 699 698 706 976 975
704 702 705 701 700 706 707 699 977 976
703 705 702 706 707 701 700 708 38 37
704 706 703 707 702 708 38 37 39 36
707 705 708 704 38 39 37 703 709 40
706 708 39 38 705 709 40 37 41 710
39 709 707 40 38 710 706 41 37 705
40 39 708 710 41 38 707 711 42 37
709 711 40 41 39 712 708 42 38 43
712 710 41 713 709 40 42 39 43 714
711 713 710 714 41 42 715 709 40 43
714 712 715 711 716 710 42 41 43 717
713 715 712 716 717 711 710 718 42 41
716 714 717 713 712 718 719 711 720 710
715 717 714 718 719 713 712 720 721 711
718 716 719 715 714 720 721 713 722 712
717 719 716 720 721 715 714 722 723 713
718 720 717 721 722 716 715 723 724 714
721 719 722 718 723 717 724 716 715 725
720 722 719 723 724 718 717 725 726 716
723 721 724 720 719 725 726 718 717 727
722 724 721 725 720 726 719 727 728 718
725 723 722 726 721 727 728 720 719 729
724 726 723 727 722 728 721 729 720 730
727 725 724 728 729 723 722 730 721 731
728 726 729 725 730 724 731 723 722 732
727 729 726 730 731 725 724 732 733 723
730 728 731 727 726 732 733 725 724 734
729 731 728 732 727 733 726 734 735 725
732 730 733 729 728 734 735 727 230 229
731 733 730 734 729 735 230 229 728 736
732 734 731 735 229 730 736 230 228 231
735 733 736 732 229 228 230 227 231 731
734 736 228 229 227 733 737 230 226 231
228 227 737 735 229 226 738 734 230 225
227 228 736 738 226 229 735 739 225 230
739 737 227 226 228 740 736 225 229 735
738 740 737 741 226 227 225 228 736 742
739 741 742 738 226 743 737 225 227 224
742 740 743 739 738 744 226 225 745 737
741 743 740 744 745 739 738 746 1031 1030
744 742 745 741 740 746 747 739 1032 1033
743 745 742 746 747 741 740 748 1033 1034
746 744 747 743 748 742 741 749 1034 1035
747 745 748 744 743 749 750 742 1035 1036
746 748 745 749 750 744 743 1036 751 1037
749 747 750 746 745 751 1038 1037 752 744
748 750 747 751 752 746 1039 1038 1040 745
751 749 752 748 753 747 1040 1039 1041 754
752 750 753 749 754 748 1041 1042 1040 755
751 753 750 754 755 749 1042 1043 1041 1044
754 752 755 751 750 756 1043 1044 1042 1045
753 755 752 756 757 751 1044 1045 1043 1046
756 754 757 753 752 758 1045 1046 1044 1047
757 755 758 754 759 753 1047 1046 1048 1045
756 758 755 759 760 754 1048 1047 1049 1046
759 757 760 756 755 761 1049 1048 1050 1047
758 760 757 761 762 756 1050 1049 1051 1048
761 759 762 758 757 763 1051 1050 1052 1049
760 762 759 763 1052 758 764 1053 1051 160
761 763 760 764 161 160 162 1053 759 765
764 762 162 161 765 761 163 160 164 1054
763 765 162 163 161 164 766 762 160 165
163 162 766 764 164 161 767 763 165 160
163 164 765 767 162 165 764 768 161 166
768 766 164 163 769 765 165 162 1059 1058
767 769 766 770 164 165 163 1060 1059 765
770 768 771 767 1061 1060 772 766 1062 1059
769 771 768 772 1062 1061 1063 767 773 1060
772 770 773 769 1063 1062 1064 774 768 1061
771 773 774 770 1064 1063 1065 769 775 1062
774 772 775 771 1065 1066 1064 776 770 1067
773 775 772 776 1066 1067 1065 771 777 1068
776 774 773 777 1067 1068 1066 778 772 1069
775 777 778 774 1068 1069 1067 773 779 1070
778 776 779 775 1069 1070 1068 780 774 1071
777 779 776 780 1070 1071 775 781 1069 1072
780 778 777 781 1072 1071 782 776 1073 1070
779 781 778 782 1073 1072 777 783 1074 1071
782 780 783 779 1074 1073 1075 784 778 1072
781 783 780 784 1075 1074 1076 779 785 1073
784 782 781 785 1076 1075 1077 786 780 1074
783 785 782 786 1077 1076 1078 781 787 1075
786 784 787 783 1078 1079 1077 788 782 1076
785 787 784 788 1079 1080 1078 783 789 1081
788 786 789 785 352 1080 353 1081 784 1079
787 789 352 786 351 353 350 1081 1082 354
788 351 352 350 353 790 787 349 354 1082
350 351 791 349 352 789 792 348 353 1085
792 790 350 349 351 793 348 352 1086 1085
791 793 790 794 349 350 348 1087 351 795
794 792 795 791 1088 790 796 1087 1089 349
793 795 792 796 797 791 1089 1088 1090 1087
796 794 797 793 792 798 1090 1089 1091 1088
795 797 794 798 793 799 1091 1092 1090 1093
796 798 799 795 794 800 1092 1093 1091 1094
799 797 800 796 795 801 1093 1094 1092 1095
798 800 797 801 802 796 1094 1095 1093 1096
801 799 802 798 797 694 1095 1096 1094 1097
800 802 799 694 695 798 1096 1097 1098 1095
694 801 695 800 799 696 1098 1097 1099 1096
804 970 805 969 806 968 967 807 808 966
803 805 970 806 969 807 808 968 967 809
806 804 807 803 808 970 969 809 968 810
807 805 808 804 809 803 970 810 811 969
806 808 805 809 804 810 811 803 970 812
807 809 806 810 805 811 812 804 813 803
808 810 811 807 812 806 805 813 804 814
811 809 812 808 813 807 806 814 815 805
810 812 809 813 808 814 815 807 806 816
811 813 810 814 809 815 816 808 817 807
814 812 815 811 816 810 809 817 818 808
815 813 816 812 817 811 818 810 819 809
814 816 813 817 812 818 819 811 820 810
815 817 818 814 819 813 820 812 811 821
818 816 819 815 820 814 813 821 822 812
817 819 816 820 815 821 822 814 813 823
820 818 817 821 816 822 823 815 824 814
819 821 822 818 823 817 816 824 56 55
822 820 823 819 824 818 56 55 57 817
821 823 820 824 56 55 57 819 825 54
822 824 56 55 825 821 57 54 58 826
56 825 823 55 57 54 826 822 58 53
56 55 824 826 57 54 823 827 58 53
825 827 56 55 57 824 828 54 58 823
828 826 829 825 56 55 57 54 830 824
829 827 830 826 831 825 56 55 57 54
828 830 827 831 826 832 833 825 56 55
831 829 832 828 833 827 834 826 835 825
832 830 833 829 834 828 827 835 836 826
831 833 830 834 829 835 836 828 827 837
832 834 831 835 830 836 837 829 828 838
835 833 836 832 837 831 830 838 839 829
836 834 837 833 838 832 839 831 840 830
835 837 834 838 833 839 840 832 831 841
836 838 839 835 840 834 833 841 842 832
839 837 840 836 841 835 834 842 843 833
838 840 837 841 836 842 843 835 834 844
841 839 838 842 837 843 844 836 835 845
842 840 843 839 844 838 837 845 846 836
841 843 840 844 839 845 846 838 837 847
842 844 841 845 840 846 847 839 838 848
843 845 846 842 847 841 840 848 849 839
846 844 847 843 842 848 841 849 840 850
847 845 844 848 843 849 850 842 841 851
846 848 849 845 850 844 843 851 852 842
849 847 850 846 851 845 844 852 853 843
848 850 847 851 846 852 853 845 844 854
849 851 852 848 853 847 846 854 855 845
852 850 853 849 854 848 847 855 856 846
851 853 850 854 849 855 856 848 847 857
854 852 851 855 850 856 857 849 848 858
855 853 856 852 857 851 850 858 859 849
854 856 853 857 852 858 851 859 850 860
857 855 854 858 853 859 860 852 851 861
856 858 859 855 860 854 853 861 862 852
859 857 860 856 861 855 854 862 863 853
858 860 857 861 856 862 863 855 854 864
861 859 858 862 857 863 856 864 855 865
862 860 863 859 864 858 857 865 244 243
861 863 860 864 859 865 244 243 245 242
862 864 861 865 244 243 245 242 860 866
865 863 244 243 245 866 862 242 246 867
244 243 866 864 245 242 867 863 246 241
244 865 867 243 245 242 864 868 246 241
868 866 244 243 869 865 245 242 246 864
869 867 870 866 244 243 245 871 865 242
868 870 867 871 866 872 244 243 245 873
871 869 868 872 867 873 874 866 244 243
870 872 873 869 874 868 867 875 866 876
873 871 874 870 875 869 868 876 877 867
872 874 871 875 870 876 877 869 868 878
875 873 872 876 871 877 870 878 879 869
876 874 877 873 878 872 871 879 870 880
875 877 874 878 873 879 872 880 871 881
876 878 875 879 874 880 881 873 872 882
877 879 880 876 881 875 874 882 873 883
880 878 881 877 882 876 875 883 884 874
879 881 878 882 877 883 884 876 875 885
882 880 879 883 878 884 885 877 886 876
881 883 884 880 885 879 878 886 877 887
884 882 885 881 886 880 879 887 888 878
883 885 882 886 881 887 888 880 879 889
884 886 883 887 882 888 889 881 890 880
887 885 888 884 889 883 882 890 891 881
886 888 885 889 884 890 891 883 882 892
889 887 886 890 885 891 892 884 893 883
888 890 891 887 892 886 885 893 884 894
891 889 892 888 893 887 886 894 895 885
890 892 889 893 888 894 895 887 886 896
893 891 890 894 889 895 896 888 897 887
892 894 895 891 896 890 889 897 888 898
895 893 896 892 897 891 890 898 899 889
894 896 893 897 892 898 899 891 890 900
895 897 894 898 893 899 900 892 901 891
898 896 899 895 900 894 893 901 902 892
899 897 900 896 901 895 902 894 903 893
898 900 897 901 896 902 903 895 904 894
899 901 902 898 903 897 904 896 895 905
902 900 903 899 904 898 897 905 906 896
901 903 900 904 899 905 906 898 897 907
904 902 901 905 900 906 907 899 908 898
903 905 906 902 907 901 900 908 150 151
906 904 907 903 908 902 150 151 149 901
905 907 904 908 150 151 903 909 149 152
906 908 150 151 909 905 149 152 148 910
150 909 907 151 149 152 910 906 148 153
150 151 908 910 149 152 907 911 148 153
911 909 150 151 149 908 912 152 148 153
912 910 913 909 150 151 149 152 914 908
913 911 914 910 915 909 150 151 149 152
912 914 911 915 910 916 917 909 150 151
913 915 916 912 917 911 918 910 919 909
916 914 917 913 918 912 911 919 920 910
915 917 914 918 913 919 920 912 911 921
918 916 915 919 914 920 921 913 912 922
917 919 920 916 921 915 914 922 923 913
920 918 921 917 922 916 923 915 924 914
919 921 918 922 917 923 924 916 915 925
920 922 923 919 924 918 917 925 926 916
923 921 924 920 925 919 918 926 927 917
922 924 921 925 920 926 927 919 918 928
925 923 922 926 921 927 928 920 919 929
926 924 927 923 928 922 921 929 930 920
925 927 924 928 923 929 930 922 921 931
928 926 925 929 924 930 931 923 922 932
927 929 930 926 931 925 924 932 933 923
928 930 927 931 932 926 933 925 934 924
931 929 928 932 927 933 934 926 925 935
932 930 933 929 934 928 927 935 936 926
933 931 934 930 935 929 928 936 937 927
932 934 931 935 930 936 937 929 928 938
933 935 936 932 937 931 930 938 939 929
936 934 937 933 938 932 931 939 940 930
935 937 934 938 933 939 940 932 931 941
938 936 935 939 934 940 941 933 932 942
939 937 940 936 941 935 934 942 943 933
938 940 937 941 936 942 935 943 934 944
939 941 938 942 937 943 944 936 935 945
942 940 943 939 944 938 937 945 946 936
943 941 944 940 945 939 938 946 947 937
942 944 941 945 940 946 947 939 938 948
943 945 942 946 941 947 940 948 939 949
946 944 947 943 948 942 941 949 338 339
945 947 944 948 943 949 338 339 337 340
948 946 945 949 338 339 337 340 944 950
947 949 338 339 337 950 946 340 336 341
338 339 950 948 337 340 951 947 336 341
338 949 951 339 337 340 948 952 336 341
952 950 338 339 949 953 337 340 336 948
953 951 954 950 338 339 955 949 337 340
952 954 951 955 950 956 338 339 337 957
955 953 952 956 951 957 958 950 338 339
954 956 957 953 958 952 951 959 950 960
957 955 958 954 959 953 952 960 961 951
956 958 955 959 954 960 961 953 952 962
959 957 956 960 955 961 954 962 963 953
960 958 961 957 962 956 955 963 954 964
959 961 958 962 957 963 956 964 955 965
960 962 959 963 958 964 965 957 956 966
963 961 964 960 965 959 958 966 957 967
964 962 965 961 966 960 959 967 968 958
963 965 962 966 961 967 968 960 959 969
966 964 963 967 962 968 969 961 970 960
965 967 968 964 969 963 962 970 961 803
968 966 969 965 970 964 963 803 804 962
967 969 966 970 965 803 804 964 963 805
970 968 967 803 966 804 805 965 806 964
969 803 804 968 805 967 966 806 965 807
972 1102 973 1101 974 1100 697 698 975 1099
973 971 1102 974 975 1101 976 1100 698 699
974 972 975 971 1102 976 1101 977 699 700
973 975 972 976 977 971 978 1102 700 699
974 976 973 977 978 972 979 971 701 700
977 975 978 974 979 973 972 980 702 701
976 978 975 979 980 974 981 973 703 702
977 979 976 980 981 975 982 974 703 704
980 978 981 977 976 982 983 975 704 705
979 981 978 982 983 977 976 984 705 704
980 982 979 983 984 978 985 977 706 976
983 981 984 980 985 979 986 978 987 977
982 984 981 985 986 980 979 987 43 44
985 983 982 986 987 981 44 43 45 988
986 984 987 983 45 44 982 988 46 43
985 987 984 988 45 46 44 47 43 989
988 986 46 45 47 989 985 44 48 43
46 47 989 987 45 48 990 986 44 49
46 47 988 990 45 48 987 991 44 49
991 989 47 46 992 988 48 45 987 993
992 990 993 989 47 46 994 988 48 45
991 993 990 994 995 989 47 46 48 988
994 992 995 991 990 996 997 989 47 46
993 995 992 996 997 991 990 998 989 999
996 994 997 993 998 992 999 991 1000 990
997 995 998 994 993 999 1000 992 1001 991
996 998 995 999 1000 994 993 1001 1002 992
999 997 1000 996 995 1001 1002 994 1003 993
998 1000 997 1001 1002 996 995 1003 994 1004
1001 999 998 1002 1003 997 996 1004 1005 995
1002 1000 1003 999 998 1004 1005 997 1006 996
1001 1003 1000 1004 1005 999 998 1006 997 1007
1004 1002 1005 1001 1000 1006 1007 999 1008 998
1005 1003 1006 1002 1001 1007 1008 1000 1009 999
1004 1006 1003 1007 1008 1002 1001 1009 1000 1010
1007 1005 1008 1004 1003 1009 1010 1002 1011 1001
1006 1008 1005 1009 1010 1004 1003 1011 1002 1012
1007 1009 1010 1006 1005 1011 1012 1004 1003 1013
1010 1008 1011 1007 1006 1012 1013 1005 1014 1004
1009 1011 1008 1012 1013 1007 1006 1014 1005 1015
1012 1010 1013 1009 1008 1014 1015 1007 1006 1016
1011 1013 1010 1014 1015 1009 1008 1016 1007 1017
1012 1014 1011 1015 1010 1016 1009 1017 1008 1018
1015 1013 1016 1012 1011 1017 1018 1010 1019 1009
1014 1016 1013 1017 1018 1012 1011 1019 235 234
1017 1015 1018 1014 1013 1019 235 234 1020 1012
1018 1016 1019 1015 235 234 1014 1020 236 233
1017 1019 235 234 1016 1020 236 233 1021 1015
234 235 1020 1018 233 236 1021 1017 232 237
234 235 1019 1021 233 236 1018 1022 232 237
1020 1022 234 233 235 1019 1023 232 236 231
1023 1021 1024 1020 233 234 232 235 231 1019
1022 1024 1021 1025 233 232 1026 1020 234 231
1025 1023 1026 1022 1021 1027 232 231 233 1020
1026 1024 1027 1023 1022 1028 1029 1021 231 232
1025 1027 1024 1028 1029 1023 1022 1030 1021 1031
1026 1028 1029 1025 1024 1030 1023 1031 739 1022
1029 1027 1030 1026 1025 1031 1032 1024 740 741
1028 1030 1027 1031 1032 1026 1025 1033 741 742
1031 1029 1032 1028 1027 1033 1026 1034 742 741
1032 1030 1033 1029 1028 1034 1035 1027 743 742
1031 1033 1030 1034 1035 1029 1028 1036 744 743
1032 1034 1035 1031 1030 1036 1029 1037 744 745
1035 1033 1036 1032 1031 1037 1038 1030 745 746
1034 1036 1033 1037 1032 1038 1039 1031 746 747
1037 1035 1038 1034 1033 1039 1032 1040 747 746
1038 1036 1039 1035 1034 1040 748 1041 1033 747
1037 1039 1036 1040 1041 1035 749 748 1042 1034
1040 1038 1041 1037 1042 1036 749 750 1035 1043
1039 1041 1038 1042 1043 1037 750 751 749 1044
1042 1040 1039 1043 1044 1038 751 752 750 1045
1043 1041 1044 1040 1039 1045 752 753 751 1038
1042 1044 1041 1045 1046 1040 753 754 752 1039
1045 1043 1042 1046 1047 1041 754 753 755 752
1046 1044 1047 1043 1042 1048 755 754 756 753
1045 1047 1044 1048 1049 1043 756 755 757 754
1048 1046 1045 1049 1050 1044 757 756 758 755
1049 1047 1050 1046 1045 1051 757 758 756 759
1048 1050 1047 1051 1052 1046 758 759 757 760
1051 1049 1048 1052 1053 1047 759 760 758 761
1052 1050 1053 1049 1048 1054 760 761 759 159
1051 1053 1050 1054 159 158 160 157 761 1055
1054 1052 159 158 160 1055 1051 157 161 762
159 1055 1053 160 158 161 1056 1052 157 162
159 160 1054 1056 158 161 1053 1057 157 162
1055 1057 160 161 159 1058 1054 162 158 163
1058 1056 1059 1055 161 160 162 159 163 766
1057 1059 1056 1060 767 766 162 1061 1055 161
1060 1058 1061 1057 767 768 1056 1062 766 769
1059 1061 1058 1062 768 769 1063 1057 767 770
1062 1060 1059 1063 769 770 1064 1058 768 771
1063 1061 1064 1060 770 771 1059 1065 769 772
1062 1064 1061 1065 771 772 1066 1060 770 773
1065 1063 1066 1062 772 773 771 1061 1067 774
1064 1066 1063 1067 773 774 772 1068 1062 775
1065 1067 1064 1068 774 773 775 1069 1063 772
1068 1066 1069 1065 775 774 776 1064 1070 773
1067 1069 1066 1070 776 775 777 1071 1065 774
1070 1068 1071 1067 777 776 1066 1072 778 775
1071 1069 1072 1068 778 777 1073 1067 779 776
1070 1072 1069 1073 779 778 1074 1068 780 777
1073 1071 1074 1070 779 780 1069 1075 778 781
1072 1074 1071 1075 780 781 1076 1070 779 782
1073 1075 1076 1072 781 782 1071 1077 780 783
1076 1074 1077 1073 782 783 1072 1078 781 784
1075 1077 1074 1078 783 784 782 1079 1073 785
1078 1076 1079 1075 784 785 783 1074 1080 786
1077 1079 1076 1080 785 784 786 1081 1075 783
1078 1080 1077 1081 786 785 1082 1076 787 784
1081 1079 1082 1078 787 786 1077 1083 788 785
1080 1082 1079 1083 788 787 1084 1078 789 786
1083 1081 1084 1080 789 788 350 1079 1085 349
1084 1082 1085 1081 349 350 348 347 351 789
1083 1085 348 349 347 1082 1086 350 346 351
347 348 1086 1084 346 349 1087 1083 350 345
347 1085 1087 348 346 349 1084 1088 345 350
1086 1088 347 346 348 1085 1089 345 349 792
1089 1087 1090 1086 347 346 348 345 793 1085
1088 1090 1087 1091 1092 1086 794 795 793 347
1089 1091 1092 1088 1087 1093 795 794 796 793
1092 1090 1093 1089 1088 1094 796 795 797 794
1091 1093 1090 1094 1089 1095 797 796 798 795
1094 1092 1095 1091 1090 1096 798 797 799 796
1095 1093 1096 1092 1091 1097 798 799 800 797
1094 1096 1093 1097 1098 1092 799 800 798 801
1097 1095 1098 1094 1093 1099 800 801 799 802
1098 1096 1099 1095 1094 1100 801 802 800 694
1097 1099 1096 1100 1101 1095 802 694 801 1102
1098 1100 1101 1097 1096 1102 694 802 695 1095
1101 1099 1102 1098 1097 971 695 694 696 1096
1100 1102 1099 971 1098 972 696 695 697 973
1101 971 972 1100 1099 973 697 696 1098 974
1178 1104 1105 1177 1176 1106 1107 1175 1108 1174
1105 1103 1178 1106 1107 1177 1108 1176 1109 1175
1104 1106 1107 1103 1178 1108 1109 1177 1110 1176
1107 1105 1104 1108 1109 1103 1110 1178 1111 1177
1106 1108 1109 1105 1110 1104 1111 1103 1112 1178
1107 1109 1106 1110 1105 1111 1104 1112 175 174
1110 1108 1107 1111 1106 1112 175 176 174 177
1109 1111 1112 1108 175 176 174 177 1107 1113
1110 1112 175 176 174 1113 1109 177 173 178
176 175 1113 1111 177 174 1114 1110 178 173
176 1112 1114 175 177 1111 1115 174 178 1110
1113 1115 176 177 175 1112 1116 178 174 1117
1116 1114 1117 1113 177 176 178 175 1112 1118
1115 1117 1114 1118 1119 1113 177 176 178 175
1116 1118 1115 1119 1120 1114 1113 1121 177 178
1119 1117 1120 1116 1121 1115 1122 1114 1123 1113
1120 1118 1121 1117 1122 1116 1123 1115 1124 1114
1119 1121 1122 1118 1123 1117 1124 1116 1125 1115
1120 1122 1119 1123 1124 1118 1117 1125 1116 1126
1123 1121 1120 1124 1119 1125 1118 1126 1117 1127
1122 1124 1125 1121 1120 1126 1119 1127 1118 1128
1123 1125 1122 1126 1127 1121 1120 1128 1119 1129
1126 1124 1127 1123 1122 1128 1129 1121 365 366
1127 1125 1124 1128 1123 1129 365 364 366 363
1126 1128 1125 1129 365 364 366 363 1130 1124
1129 1127 364 365 363 1130 1126 366 362 1125
364 1130 1128 363 365 362 1127 1131 366 361
364 363 1129 1131 365 362 1132 1128 366 361
1130 1132 363 364 1129 1133 362 365 361 366
1133 1131 1130 1134 363 364 362 1135 1129 365
1132 1134 1135 1131 1136 1130 363 364 362 365
1135 1133 1136 1132 1137 1131 1138 1130 363 362
1136 1134 1133 1137 1132 1138 1131 1139 1130 1140
1135 1137 1138 1134 1133 1139 1132 1140 1131 1141
1138 1136 1135 1139 1140 1134 1133 1141 1132 1142
1137 1139 1140 1136 1135 1141 1134 1142 1133 1143
1138 1140 1137 1141 1136 1142 1135 1143 1134 1144
1141 1139 1138 1142 1143 1137 1136 1144 1135 1145
1140 1142 1143 1139 1138 1144 1137 1145 1136 1146
1143 1141 1140 1144 1145 1139 1146 1138 1147 1137
1142 1144 1145 1141 1140 1146 1147 1139 1148 1138
1143 1145 1146 1142 1141 1147 1148 1140 18 17
1146 1144 1143 1147 1148 1142 18 17 19 1149
1145 1147 1148 1144 18 19 1143 1149 17 20
1148 1146 19 18 1145 1149 20 17 21 1150
19 1147 1149 20 18 1150 1146 21 17 1151
19 20 1148 1150 18 21 1147 1151 17 22
1151 1149 20 19 21 18 1148 1152 22 17
1150 1152 1153 1149 20 19 21 18 1148 1154
1153 1151 1154 1150 1155 1149 20 19 21 18
1154 1152 1151 1155 1156 1150 1157 1149 20 19
1153 1155 1156 1152 1151 1157 1158 1150 1159 1149
1156 1154 1153 1157 1158 1152 1151 1159 1160 1150
1155 1157 1158 1154 1153 1159 1160 1152 1161 1151
1158 1156 1155 1159 1160 1154 1161 1153 1162 1152
1157 1159 1160 1156 1155 1161 1162 1154 1163 1153
1158 1160 1161 1157 1156 1162 1155 1163 1154 1164
1161 1159 1158 1162 1163 1157 1156 1164 1155 1165
1160 1162 1163 1159 1158 1164 1157 1165 1156 1166
1163 1161 1160 1164 1165 1159 1158 1166 1157 1167
1162 1164 1165 1161 1160 1166 1167 1159 1158 1168
1165 1163 1162 1166 1167 1161 1160 1168 208 1159
1166 1164 1163 1167 1168 1162 208 1161 1169 207
1165 1167 1168 1164 208 1163 1169 207 209 206
1168 1166 208 1165 1169 207 209 206 1170 1164
1167 1169 207 208 206 209 1170 1166 205 210
207 208 1170 1168 206 209 1171 1167 205 210
207 1171 1169 208 206 1168 1172 209 205 1173
1170 1172 207 1173 1169 206 208 205 209 1168
1173 1171 1170 1174 206 207 1175 1169 205 208
1172 1174 1175 1171 1170 1176 206 205 207 1177
1173 1175 1172 1176 1171 1177 1170 1178 206 205
1176 1174 1173 1177 1178 1172 1171 1103 1170 1104
1175 1177 1178 1174 1173 1103 1104 1172 1171 1105
1178 1176 1175 1103 1104 1174 1105 1173 1106 1172
1177 1103 1104 1176 1175 1105 1106 1174 1107 1173
