66 1 65 45 652 171 651 109 650 110
0 45 66 171 65 109 652 110 651 153
3 44 172 67 152 98 111 112 623 262
172 2 152 44 111 67 112 262 98 243
170 5 151 46 108 68 1603 920 1524 939
4 46 170 68 1603 920 151 939 1524 754
7 70 48 69 174 625 115 116 133 156
48 6 174 70 115 69 116 156 625 264
9 47 175 71 155 99 477 117 476 509
175 8 155 47 117 477 476 589 509 527
173 11 154 49 114 72 113 601 100 583
10 49 173 72 154 100 114 113 293 601
13 74 51 73 177 561 629 197 562 598
51 12 177 74 561 197 73 598 562 578
50 15 75 178 285 101 238 581 545 286
14 178 50 158 286 285 323 238 75 121
17 176 157 120 214 119 318 604 586 551
16 176 157 214 120 318 119 604 586 282
77 19 76 53 632 179 631 123 668 124
18 53 77 179 76 123 632 124 631 161
717 898 52 808 827 1659 1296 584 716 1382
54 22 672 82 634 83 727 1703 453 127
21 82 54 83 672 127 634 128 727 453
722 80 1480 1316 1590 1409 1591 721 79 1629
25 55 182 81 162 103 131 637 132 272
182 24 162 55 131 81 132 103 272 253
56 27 675 87 639 638 88 610 609 133
26 87 56 675 88 639 638 610 133 625
85 29 84 58 641 185 648 93 647 94
58 28 185 85 135 84 647 648 677 93
57 31 86 186 104 541 642 659 674 496
30 186 57 164 86 104 541 137 642 659
59 33 91 92 613 139 1429 1428 1110 1109
32 91 59 92 139 140 613 1428 1429 1110
35 89 61 643 189 594 566 141 565 142
34 61 189 89 643 141 594 566 142 565
37 60 190 90 166 105 143 144 644 280
190 36 166 60 143 90 144 280 257 256
62 39 547 583 662 601 653 624 113 458
547 662 583 653 601 624 113 458 114 432
41 94 64 93 193 648 641 84 147 640
64 40 193 94 147 148 93 640 641 169
63 43 95 194 106 649 168 535 428 678
42 194 63 168 95 149 106 649 150 535
2 67 3 98 172 623 152 111 34 89
1 171 0 109 66 110 65 153 652 261
5 68 1603 920 4 754 939 1524 940 170
8 71 9 99 175 626 155 654 477 476
174 7 115 6 116 70 156 264 69 204
11 72 10 100 173 293 154 114 332 113
75 14 101 15 600 581 630 465 545 464
177 13 561 197 12 598 578 74 577 562
20 78 603 717 898 584 469 808 1659 827
179 19 123 18 124 77 161 76 269 632
21 672 22 634 82 727 1703 453 1677 1557
24 81 25 103 182 637 162 658 131 132
675 26 639 27 638 87 610 609 88 560
86 30 104 642 541 659 674 31 564 563
185 29 135 28 136 647 677 85 648 596
32 33 91 613 92 1429 1428 1110 785 139
36 90 37 105 190 644 166 143 660 144
35 189 34 141 89 142 643 594 566 167
679 38 646 601 583 113 547 39 114 662
95 42 106 43 649 535 678 428 574 492
193 41 147 40 148 169 283 412 94 239
652 66 651 0 650 1 621 45 620 171
65 0 652 1 651 45 650 171 621 109
44 98 2 623 3 34 89 643 35 594
1603 754 46 920 686 939 1524 5 940 685
70 625 6 133 7 134 48 88 663 174
6 69 7 625 48 133 174 134 115 88
47 99 8 626 9 654 175 664 155 476
49 100 11 293 10 332 173 154 350 114
74 629 12 628 13 666 51 585 562 561
12 73 13 629 51 628 561 177 562 666
101 50 630 14 465 600 464 656 581 502
632 77 631 18 668 19 588 53 179 512
76 18 632 19 631 53 668 179 588 123
52 102 469 468 603 20 505 584 633 898
636 80 635 23 722 670 1480 1316 1409 1590
79 23 636 722 1480 1316 1590 1409 1591 1629
55 103 24 637 25 658 182 671 162 131
22 83 21 127 54 128 672 183 634 184
82 127 22 128 21 183 54 184 672 219
641 85 640 28 673 29 94 40 41 93
84 28 641 29 640 58 93 94 648 40
104 642 659 57 674 541 564 563 591 30
27 88 26 56 133 625 675 663 69 70
87 133 625 663 69 70 27 582 6 134
643 34 35 594 61 566 189 565 141 611
60 105 36 644 37 660 190 676 166 143
33 92 32 139 59 140 191 1110 1428 1429
91 139 33 140 32 59 191 192 1109 1110
94 648 40 647 41 28 677 85 29 84
40 93 41 648 64 647 85 84 641 28
106 63 649 42 535 678 428 574 492 573
97 39 547 662 583 601 653 113 624 114
145 96 146 547 39 583 662 601 653 113
67 623 44 89 34 643 35 594 61 566
71 626 47 654 8 664 9 546 175 545
72 293 49 332 11 350 10 173 208 154
630 75 656 50 464 502 465 667 520 600
78 633 468 505 469 52 523 657 603 378
81 637 55 658 24 671 25 558 182 557
86 642 659 674 564 57 541 563 591 608
90 644 60 660 36 676 37 568 190 166
649 95 535 678 428 574 492 573 405 595
622 108 661 151 680 170 580 4 579 5
107 151 622 170 661 4 680 5 580 46
171 110 45 153 1 261 0 198 66 199
109 153 171 261 45 198 1 199 0 244
112 152 262 172 243 3 200 201 2 349
262 111 243 152 200 172 201 3 349 330
601 114 583 154 547 39 173 662 10 653
113 154 601 173 583 547 10 39 11 662
116 174 156 48 264 7 204 205 6 247
156 115 264 174 204 48 205 247 7 351
477 589 118 476 155 509 557 265 527 175
117 265 477 589 476 509 557 155 246 527
120 604 157 586 176 551 16 17 550 318
157 119 176 604 16 586 17 551 318 214
122 158 268 369 178 324 370 323 408 249
268 121 249 370 158 369 408 324 212 409
124 179 161 53 269 19 215 18 216 252
161 123 269 179 215 53 216 252 19 355
126 160 834 270 868 1542 889 921 251 763
270 125 251 160 217 834 868 1542 889 218
83 128 82 183 22 184 21 219 54 220
127 183 83 184 82 219 22 220 21 273
181 130 180 163 359 358 391 307 306 274
163 129 271 181 221 180 359 358 391 307
132 162 272 182 253 25 223 24 224 301
272 131 253 162 223 182 224 25 301 300
625 663 69 134 88 70 582 6 7 187
133 187 625 663 69 70 582 6 188 88
136 185 165 58 275 596 572 29 677 571
165 135 275 185 227 572 571 58 596 228
164 138 186 276 31 255 30 229 57 230
137 276 164 255 186 229 31 230 30 360
92 140 91 191 33 32 192 59 1349 231
139 191 92 192 91 33 231 32 59 1348
189 142 61 167 35 34 279 89 233 643
141 167 189 279 61 35 233 34 234 89
144 166 280 190 257 235 256 236 314 364
280 143 257 235 236 256 314 166 364 343
146 97 195 96 196 547 583 39 601 662
195 145 196 97 237 96 238 285 583 547
148 193 169 283 239 412 64 240 260 540
169 147 283 239 412 240 260 193 367 325
168 150 194 284 43 259 42 241 63 90
149 284 168 259 194 241 43 242 42 368
108 170 107 4 622 5 661 46 680 1603
111 172 112 3 262 2 243 200 44 201
110 261 109 198 171 199 45 244 1 348
114 173 113 10 601 583 11 547 39 49
117 477 175 589 476 509 557 118 527 9
264 116 204 115 205 174 247 351 48 294
176 120 16 119 17 604 586 318 214 551
121 178 122 15 324 323 369 286 370 268
918 267 1079 1490 919 1359 210 1386 1084 211
834 125 868 1542 921 126 889 873 270 763
269 124 215 123 216 179 252 355 53 302
131 182 132 25 272 24 253 55 223 224
271 130 221 129 222 181 254 180 359 358
186 137 31 138 30 276 57 255 86 541
275 136 227 135 228 571 256 614 185 572
143 190 144 37 280 257 256 235 314 236
142 279 141 233 189 234 61 35 34 258
194 149 43 150 42 284 63 259 95 60
283 239 148 240 412 260 367 147 325 326
151 4 108 5 107 46 622 68 1603 920
45 109 1 110 0 153 66 261 65 198
152 3 111 2 112 44 262 243 67 200
154 10 114 11 113 49 601 583 547 72
115 48 116 7 156 6 264 204 70 205
155 9 117 477 476 589 509 8 557 527
16 157 17 120 119 604 318 214 586 551
197 51 598 561 13 578 577 12 618 517
15 158 14 121 323 286 324 285 50 369
123 53 124 19 161 18 269 77 215 76
359 358 181 391 307 306 129 274 443 273
180 129 359 358 391 307 306 130 274 443
162 25 131 24 132 55 272 81 253 223
128 184 127 219 83 220 82 273 22 274
183 219 128 220 127 273 83 274 82 306
135 58 136 29 165 677 596 28 647 572
31 164 30 137 57 138 86 104 541 642
134 188 133 625 225 663 69 70 582 6
187 225 134 226 133 625 277 663 69 70
61 141 35 142 34 167 89 643 594 566
166 37 143 36 144 280 60 257 256 235
140 192 139 231 92 91 232 33 32 1069
191 231 140 232 139 92 281 91 33 1269
147 64 148 169 41 283 412 239 240 540
43 168 42 149 63 150 95 106 284 36
196 146 237 145 238 97 285 96 286 50
237 195 238 146 285 145 286 97 50 14
598 177 578 51 577 561 618 13 517 498
261 199 153 244 110 348 109 289 171 290
244 198 261 348 153 289 110 290 109 331
201 243 349 262 330 112 291 111 292 152
349 200 330 243 291 262 292 112 431 111
203 347 245 329 263 288 287 923 958 461
245 202 263 347 287 329 461 288 501 923
205 264 247 156 351 116 294 295 115 334
247 204 351 264 294 156 295 334 116 433
246 207 265 352 118 333 477 476 117 509
206 352 246 333 265 296 118 297 476 509
350 209 332 248 293 266 100 72 770 49
208 248 350 266 332 770 293 1032 100 1083
267 211 159 250 918 1079 353 1490 1359 1386
210 250 267 353 159 298 918 1079 299 1490
213 249 354 268 456 409 335 457 408 122
354 212 335 249 300 456 457 223 224 253
17 16 176 318 157 385 120 386 119 420
216 269 252 161 355 124 302 123 303 433
252 215 355 269 302 161 303 433 376 334
218 251 356 270 337 126 304 125 305 160
356 217 337 251 304 270 305 126 440 125
184 220 183 273 128 274 127 306 83 307
219 273 184 274 183 306 128 307 127 358
222 271 254 163 357 130 308 129 309 181
254 221 357 271 308 163 309 130 340 129
224 253 301 272 339 300 310 437 132 311
301 223 339 253 310 300 311 437 272 442
188 226 187 277 134 278 133 625 312 69
277 225 278 188 312 187 313 134 475 474
228 275 256 257 280 165 235 144 236 364
256 227 257 280 235 236 144 364 343 143
255 230 276 360 138 341 137 316 164 317
229 360 255 341 276 316 138 317 137 446
192 232 191 281 140 139 282 92 1170 1227
231 281 192 282 191 140 318 139 821 1170
279 234 167 258 142 363 141 189 319 61
233 258 279 363 167 319 142 141 320 189
236 257 364 280 343 314 256 321 144 322
364 235 343 257 321 280 314 322 256 450
196 238 195 285 146 286 145 323 14 50
237 285 196 286 195 323 14 15 146 50
283 240 260 169 367 325 412 326 148 346
239 260 283 367 325 169 326 412 346 454
242 259 368 284 345 150 327 149 328 455
368 241 345 259 327 284 328 455 150 832
200 262 201 112 349 111 330 152 291 172
348 199 289 198 290 261 331 153 430 110
263 203 287 202 461 347 501 329 518 374
265 206 118 207 477 117 476 509 589 527
351 205 294 204 295 264 334 433 156 303
209 266 208 770 350 1083 1032 332 1403 1056
212 268 213 122 409 408 456 354 370 121
353 211 298 210 299 267 336 159 436 918
217 270 218 126 356 125 337 160 304 834
216 355 215 302 269 303 433 376 334 416
223 272 224 132 301 131 339 300 437 310
357 222 308 221 309 271 340 163 441 130
276 229 138 230 137 360 164 341 186 316
257 280 235 236 228 144 364 343 321 314
235 280 236 364 256 314 144 343 321 322
234 363 233 319 279 320 167 142 344 141
241 284 242 150 368 149 345 168 327 194
240 367 239 325 283 326 346 169 454 412
153 198 110 199 109 244 171 348 45 289
243 112 200 111 201 152 349 172 330 291
287 245 461 203 501 202 518 347 374 375
204 156 205 116 247 115 351 294 174 295
118 246 117 477 476 206 589 509 527 557
248 770 209 1083 1032 208 1056 1403 350 998
159 210 918 1079 211 1490 1359 919 1386 250
249 122 212 121 408 370 409 213 369 456
215 161 216 124 252 123 355 302 179 303
251 126 217 125 218 160 356 834 868 1542
221 163 222 130 254 129 357 181 308 180
253 132 223 131 224 162 301 300 437 339
220 274 219 306 184 307 183 358 128 359
273 306 220 307 219 358 184 359 183 180
227 165 228 136 256 257 280 235 144 236
138 255 137 229 164 230 186 360 31 341
278 226 312 225 313 188 361 187 362 510
312 277 313 226 361 225 362 188 396 607
167 233 142 234 141 258 189 61 363 35
257 144 235 236 256 364 314 143 343 321
232 282 231 318 192 191 17 16 176 214
281 318 232 17 16 176 214 157 120 231
239 169 240 260 367 412 148 325 326 346
259 150 241 149 242 168 368 194 345 43
238 286 237 323 196 324 15 178 14 195
285 323 238 324 237 178 15 369 158 14
461 263 501 245 518 203 374 202 375 414
923 329 347 1121 958 202 1183 945 1052 203
290 348 331 244 430 199 371 198 372 261
331 289 430 348 371 244 372 199 413 198
330 292 349 431 201 1146 1660 1680 1614 1710
291 431 330 1146 1660 1680 1614 1710 1634 1309
100 332 72 350 49 208 11 10 209 173
295 351 334 247 433 205 303 204 376 338
334 294 433 351 303 247 376 338 205 416
333 297 352 434 207 415 206 377 553 554
434 296 415 333 377 352 378 207 554 553
299 353 336 250 436 211 381 210 382 267
336 298 436 353 381 250 382 211 419 524
301 339 224 310 335 311 223 442 423 253
339 224 310 311 223 300 442 437 423 253
355 303 433 376 334 416 295 294 522 351
433 376 334 416 295 338 294 522 351 302
305 337 440 356 421 218 389 217 390 251
440 304 421 337 389 356 390 218 527 217
274 307 273 358 220 359 219 180 181 184
306 358 274 359 273 180 181 220 219 129
309 357 340 254 441 222 392 221 393 271
340 308 441 357 392 254 393 222 424 221
339 311 301 442 423 224 394 300 395 437
310 442 339 423 301 394 395 224 300 529
313 278 361 277 362 226 396 225 397 555
361 312 362 278 396 277 397 226 447 556
315 235 257 236 280 364 343 321 144 322
342 314 445 236 235 364 257 343 280 321
317 341 446 360 425 230 400 229 401 255
446 316 425 341 400 360 401 230 941 701
282 17 16 176 214 157 120 119 281 604
363 320 258 344 234 449 233 404 279 167
319 344 363 449 258 404 234 405 233 279
322 343 450 364 427 236 406 235 407 536
450 321 427 343 406 364 407 236 536 235
286 324 285 369 158 178 238 121 15 370
323 369 286 370 158 121 178 285 122 408
367 326 260 346 240 454 239 410 283 411
346 325 454 367 410 260 411 240 429 239
328 345 455 368 832 1138 798 1220 1176 1370
455 327 832 1138 798 1370 345 1220 1176 710
347 288 202 923 958 203 1121 945 245 1183
349 291 201 292 200 431 1146 1660 243 1680
430 290 371 289 372 348 413 244 519 199
293 350 100 208 72 209 49 11 248 10
352 296 207 297 206 434 246 415 265 553
433 295 303 294 376 351 338 247 416 205
300 354 301 224 339 310 223 311 442 253
436 299 381 298 382 353 419 250 524 470
304 356 305 218 440 217 421 251 389 270
303 433 376 439 334 416 295 294 522 351
301 310 311 224 442 423 300 223 394 437
441 309 392 308 393 357 424 254 528 222
316 360 317 230 446 229 425 255 400 276
445 315 398 314 399 364 236 343 235 321
321 364 322 236 450 235 427 257 406 314
320 449 319 404 363 405 258 428 234 233
327 368 328 242 455 832 1138 798 241 1220
454 326 410 325 411 367 429 260 539 240
202 329 203 288 245 923 958 263 1121 945
289 244 290 199 331 198 430 261 371 153
330 201 291 200 292 243 431 262 1146 1660
332 208 293 209 100 248 72 49 266 11
294 247 295 205 334 204 433 264 303 338
207 333 206 296 246 297 265 434 118 509
298 250 299 211 336 210 436 267 381 159
335 213 300 212 224 301 223 339 310 253
252 302 216 303 433 376 334 416 295 294
337 218 304 217 305 251 440 270 421 126
308 254 309 222 340 221 441 271 392 163
307 359 306 180 274 181 273 391 220 129
358 180 307 181 306 391 274 273 129 220
341 230 316 229 317 255 446 276 425 138
362 313 396 312 397 278 447 277 448 226
396 361 397 313 447 312 448 278 484 485
258 319 234 320 233 344 279 449 167 142
343 236 321 235 322 257 450 280 314 427
366 17 16 176 157 120 119 214 604 586
402 365 870 869 956 403 1118 119 604 120
260 325 240 326 239 346 283 454 410 169
345 242 327 241 328 259 455 832 1138 798
324 370 323 408 121 122 158 286 268 409
369 408 324 409 122 268 121 323 249 158
372 430 413 331 519 290 462 289 463 348
413 371 519 430 462 331 463 290 503 289
520 1092 1161 839 1139 1233 775 735 734 1000
375 518 414 501 432 461 458 624 287 653
414 374 432 518 458 624 501 653 662 461
303 416 433 334 522 338 295 294 302 466
378 415 523 434 505 657 297 669 633 468
523 377 505 415 468 633 657 434 102 669
380 521 417 504 435 837 1333 459 1447 627
417 379 435 521 459 504 627 837 1333 655
382 436 419 336 524 299 470 298 471 353
419 381 524 436 470 336 471 299 508 298
418 384 437 525 253 223 272 224 132 301
383 525 418 507 437 132 131 272 253 162
386 420 438 460 957 214 970 1379 1007 1343
385 420 438 460 957 970 1379 214 1007 1343
439 388 338 422 303 433 376 334 416 295
387 422 439 526 338 474 303 433 376 334
390 421 527 440 509 305 476 304 477 337
527 389 509 421 476 440 477 305 117 304
180 443 181 359 358 129 444 307 306 274
393 441 424 340 528 309 480 308 481 588
424 392 528 441 480 340 481 309 588 512
423 395 442 529 311 511 310 482 339 483
394 529 423 511 442 482 311 483 310 608
397 362 447 361 448 313 484 312 485 533
447 396 448 362 484 361 485 533 313 534
399 445 426 342 532 315 486 487 314 363
426 398 532 445 486 342 487 513 315 258
401 425 941 446 701 1287 1693 317 1286 702
941 400 1287 701 425 1693 1286 446 702 1323
403 366 869 802 870 451 365 1469 1543 1503
451 402 802 452 1543 869 366 713 1503 1505
449 405 344 428 320 535 678 649 574 573
404 428 449 535 678 649 574 573 595 344
407 427 536 450 514 322 494 321 495 343
536 406 514 427 494 450 495 322 615 321
370 409 369 268 456 249 122 212 324 121
408 456 370 249 457 212 268 213 122 369
411 454 429 346 539 326 497 325 498 367
429 410 539 454 497 346 498 326 517 325
540 283 239 169 240 260 367 148 325 326
519 372 462 371 463 430 503 331 599 290
432 375 458 374 624 653 518 662 39 501
377 434 378 297 523 296 669 657 554 505
376 522 303 433 466 338 334 295 302 467
435 380 459 379 627 521 655 504 665 837
437 383 224 223 301 339 253 310 311 272
524 382 381 470 436 471 336 508 299 605
386 438 385 460 957 970 1379 1343 1007 1313
389 440 390 305 527 304 509 337 476 356
388 526 387 474 439 475 338 303 433 510
442 394 311 395 310 529 339 511 301 482
528 393 480 392 481 441 512 588 552 340
400 446 401 317 941 316 701 1287 1693 341
532 399 486 398 487 513 445 611 565 233
406 450 407 322 536 321 514 343 494 364
405 535 678 649 574 573 404 595 106 615
539 411 497 410 498 454 517 346 618 326
371 331 372 290 413 289 519 348 462 244
1146 1660 292 1680 1614 1710 1634 1309 1690 1332
458 414 624 375 653 662 374 39 547 518
334 303 295 376 294 338 416 351 247 302
415 297 377 296 378 333 669 554 523 352
459 417 627 380 655 379 665 521 550 504
381 336 382 299 419 298 524 353 470 471
301 224 339 418 310 223 311 442 253 423
420 460 386 957 385 970 1379 1343 1007 1313
338 387 303 433 376 334 416 295 294 388
421 305 389 304 390 337 527 356 509 218
392 340 393 309 424 308 528 357 480 254
311 423 310 394 339 395 301 529 511 300
391 444 180 478 181 359 129 358 307 479
443 478 391 479 180 181 530 129 359 358
398 342 399 315 426 314 532 486 343 364
425 317 400 316 401 341 941 701 360 1693
448 397 484 396 485 362 533 534 361 959
484 447 485 397 533 396 534 992 959 1082
344 404 320 405 319 428 363 535 678 649
427 322 406 321 407 343 536 364 514 236
452 403 1543 490 713 402 802 1705 491 1505
490 451 491 713 403 1705 1543 537 1656 802
1703 727 1644 634 1699 1677 1557 672 767 54
410 346 411 326 429 325 539 367 497 260
832 328 1138 1370 798 1220 1176 327 1182 710
409 457 408 496 212 213 249 354 268 370
456 496 409 86 104 642 659 674 57 213
624 432 653 414 662 375 39 547 583 374
627 435 655 417 665 380 550 379 551 521
438 957 420 1379 970 386 1343 385 1313 1007
501 287 518 263 374 245 375 414 203 432
463 519 503 413 599 372 543 371 544 582
503 462 599 519 543 413 544 372 582 663
502 465 520 600 373 581 1030 1031 1233 630
464 600 502 581 520 545 373 101 75 1031
522 467 416 506 376 303 338 433 602 334
466 506 522 602 416 376 548 303 338 433
469 505 603 523 78 102 584 52 378 1119
603 468 584 505 78 52 1483 1119 1382 1296
524 471 419 508 382 605 381 436 552 336
470 508 524 605 419 382 552 381 436 512
507 473 525 606 384 587 383 553 81 55
472 606 507 587 525 553 384 352 207 333
526 475 422 510 388 607 387 555 439 556
474 510 526 607 422 555 388 556 387 590
477 509 117 527 118 155 390 589 389 265
117 476 509 118 155 589 527 265 390 557
444 479 443 530 391 531 180 181 559 129
530 478 531 444 559 443 560 391 609 181
481 528 512 424 552 588 605 393 508 668
512 480 552 588 528 605 508 424 471 668
483 511 608 529 591 395 563 394 564 423
608 482 591 511 563 529 564 395 674 394
485 448 533 447 534 1082 992 726 959 397
533 484 534 448 1082 726 992 959 947 1492
487 532 513 426 611 565 399 566 594 142
513 486 611 532 565 566 426 594 141 189
983 489 1033 853 758 1426 910 612 1105 699
488 612 983 593 1033 853 758 910 1105 1426
491 452 537 451 1705 713 1656 538 1655 1543
537 490 538 452 1656 1705 1655 569 1363 713
535 678 649 574 573 493 595 106 428 615
492 515 535 678 649 574 573 595 106 615
514 495 536 615 407 595 406 573 427 574
494 615 514 595 536 573 407 574 406 678
457 86 104 642 659 57 674 564 563 591
498 539 517 429 618 411 410 577 454 578
497 517 539 618 429 577 411 578 410 598
500 516 619 540 597 412 579 580 283 239
619 499 597 516 579 540 580 680 412 661
518 461 374 287 375 263 414 432 245 458
520 464 373 465 1233 1030 1092 1161 839 1139
599 463 543 462 544 519 582 663 413 133
521 837 379 1447 1333 380 1470 417 1260 1012
468 523 469 378 102 603 633 78 377 584
467 602 466 548 522 416 549 376 303 338
525 472 384 473 383 606 418 24 25 55
471 605 470 552 524 419 512 382 481 381
476 527 477 390 117 389 118 155 421 265
475 607 474 555 526 556 422 590 388 670
482 529 483 395 608 394 591 423 563 442
552 481 605 588 480 508 528 471 668 470
611 487 565 486 566 594 532 643 61 35
536 494 407 495 406 615 427 595 450 573
493 614 492 535 678 649 574 573 571 595
499 540 500 412 619 283 239 240 169 260
498 618 497 577 539 578 429 598 411 197
374 501 375 461 414 287 432 458 263 624
462 413 463 372 503 371 599 430 543 544
373 502 1092 1233 1161 839 464 1139 775 735
379 504 380 837 1333 417 1447 435 1470 1012
416 466 376 303 467 433 338 334 302 295
505 378 468 377 633 469 102 415 657 603
419 470 382 471 381 508 436 605 336 299
384 507 383 472 418 473 437 162 182 131
422 474 388 475 387 510 439 607 338 303
509 390 476 389 477 421 117 440 118 155
480 424 481 393 512 588 392 552 605 668
511 395 482 394 483 423 608 442 591 311
531 479 559 478 560 444 609 443 610 391
559 530 560 479 609 478 610 444 638 639
486 426 487 399 513 611 398 565 566 279
534 485 726 1082 992 484 959 1492 947 946
726 533 1082 992 1492 959 485 947 1491 946
678 649 574 428 573 492 595 405 106 615
407 514 406 494 427 495 450 615 322 595
538 491 569 490 1655 1656 1363 570 452 1705
569 537 570 491 1363 1655 1639 616 490 1656
497 429 498 411 517 410 618 454 577 346
516 412 499 283 239 169 240 260 367 148
86 542 104 642 659 57 674 564 563 591
541 575 86 104 642 576 659 674 57 564
544 599 582 503 663 463 133 134 88 625
582 543 663 599 133 134 88 625 503 187
581 546 600 664 465 654 464 14 50 626
545 664 581 654 600 626 465 14 99 15
39 583 601 662 113 653 624 114 458 154
602 549 506 585 467 666 466 522 628 416
548 585 602 666 506 628 467 629 466 522
551 665 586 655 604 627 119 459 120 157
586 550 604 665 119 655 120 627 157 176
605 512 481 508 471 480 470 588 524 528
554 587 669 606 297 434 296 415 657 333
669 553 657 587 434 415 297 377 296 378
607 556 510 590 475 670 474 635 526 636
590 555 670 607 635 510 475 636 474 79
558 589 671 117 118 155 477 658 476 265
671 557 658 589 637 117 118 155 477 103
560 531 609 530 610 479 638 639 478 675
609 559 610 531 638 639 530 675 56 479
177 51 197 13 562 598 12 578 74 577
561 592 13 51 12 177 74 197 73 598
564 591 674 608 659 483 642 482 104 511
674 563 659 591 642 608 104 483 86 482
566 611 594 513 643 89 34 35 487 61
594 565 643 611 89 34 35 513 61 189
568 593 676 612 660 489 644 488 105 983
676 567 660 593 644 612 105 489 90 488
570 538 616 537 1639 1363 1288 617 491 1655
616 569 538 617 1288 1639 1601 537 645 1363
614 572 515 596 493 165 275 136 492 227
571 596 614 677 515 136 165 135 647 275
595 574 615 678 495 535 494 428 649 514
573 678 595 535 615 649 428 495 492 494
542 576 541 620 104 86 642 659 674 564
575 620 542 621 541 650 104 642 86 659
618 578 517 598 498 197 497 539 177 429
577 598 618 197 517 177 498 497 51 539
580 597 680 619 661 500 622 499 107 108
680 579 661 597 622 619 107 500 108 499
600 545 465 546 464 664 502 50 75 14
663 544 133 543 134 88 625 69 187 599
547 601 39 113 662 114 653 154 624 458
1382 603 1296 1483 1659 1119 808 1564 469 898
549 666 548 628 602 629 506 73 467 74
604 551 119 550 120 665 157 176 655 16
606 553 473 554 472 296 669 333 297 352
668 512 481 480 552 631 528 605 424 508
557 117 118 477 155 558 476 265 509 175
670 556 635 555 636 607 79 510 80 475
563 608 564 483 674 482 659 511 642 529
562 673 561 12 74 13 73 640 51 629
612 567 489 568 488 676 983 1033 660 853
566 643 565 89 34 35 611 61 189 513
615 573 495 574 494 678 514 535 536 428
572 677 571 647 614 135 185 136 648 165
579 619 580 500 680 499 661 516 622 107
578 197 577 177 618 51 517 561 498 13
543 503 544 463 582 462 663 133 134 519
465 581 464 545 502 546 520 75 101 50
583 113 547 114 39 154 662 653 173 624
506 548 467 549 466 585 522 416 666 376
584 469 1483 1382 1296 1119 468 1659 52 808
119 586 120 551 157 550 176 16 665 17
508 552 471 512 470 481 524 419 480 382
473 587 472 553 507 554 333 352 296 207
510 555 475 556 474 590 526 670 422 635
591 483 563 482 564 511 674 529 659 395
610 560 638 559 639 675 531 56 26 27
638 609 639 560 675 56 559 26 27 531
565 513 566 487 594 643 486 89 34 35
489 593 488 567 983 1033 568 853 758 1105
785 1429 1428 1602 59 1110 867 32 1109 776
515 571 493 572 492 535 678 574 649 573
495 595 494 573 514 574 536 678 407 535
570 617 569 645 1601 1288 538 1325 646 690
616 645 570 646 1325 1601 569 679 1520 755
517 577 498 578 497 598 539 197 429 411
597 500 579 499 580 516 680 540 661 622
576 621 575 650 542 651 541 652 642 659
620 650 576 651 575 652 542 65 541 66
107 661 108 680 151 580 170 579 4 597
98 89 34 35 643 61 594 566 189 565
653 458 662 432 39 414 547 583 375 601
69 133 70 663 134 6 88 7 582 48
99 654 71 664 47 546 8 545 9 581
655 459 665 435 550 417 551 380 586 379
666 629 585 73 549 74 548 12 602 13
73 628 74 666 12 585 13 549 51 548
656 101 667 75 502 520 464 1383 1648 1635
632 668 76 588 77 512 481 480 528 424
76 631 77 668 18 588 19 512 481 480
102 657 523 505 78 378 468 669 377 469
672 453 1703 727 1644 54 1677 1557 1699 21
636 670 79 590 80 556 23 555 722 1480
79 635 80 670 23 590 722 1480 556 1316
103 658 81 671 55 558 24 557 25 589
639 610 675 609 56 26 560 27 559 87
675 638 56 610 26 609 27 87 560 88
673 641 592 84 562 85 561 629 73 628
640 84 673 85 592 28 40 41 562 64
104 659 86 674 564 563 541 591 57 608
89 594 34 566 35 565 61 189 611 141
105 660 90 676 60 568 36 567 37 593
617 646 616 679 570 1520 1325 62 1421 789
645 679 617 62 616 1421 1520 38 789 1574
677 648 596 93 58 572 29 94 185 28
93 647 94 677 40 29 596 28 58 85
535 678 106 428 574 573 492 595 405 615
621 651 620 652 576 65 575 66 542 0
650 652 621 65 620 66 576 0 575 1
651 65 650 66 621 0 620 1 576 45
662 624 39 458 547 432 583 601 414 113
664 626 546 99 545 71 581 47 178 600
665 627 550 459 551 435 586 417 604 380
667 630 1635 1322 1383 1648 700 1595 1700 760
633 669 378 102 523 377 554 505 415 468
637 671 103 558 81 557 55 589 24 117
642 674 104 564 86 563 591 608 541 483
644 676 105 568 90 567 60 593 36 612
622 680 107 580 108 579 151 597 170 619
653 39 547 624 583 458 601 432 113 114
133 582 625 134 88 544 69 70 187 87
546 654 545 626 581 99 600 71 15 178
550 655 551 627 586 459 604 435 119 417
585 628 549 629 548 73 602 74 506 12
1322 1635 1383 656 1648 1595 700 1700 760 1563
631 588 632 512 481 480 528 76 552 424
657 554 633 377 415 553 378 434 523 297
635 590 636 556 79 555 80 607 23 510
658 558 637 557 103 589 81 117 155 118
54 634 21 453 727 1703 1677 1557 1644 22
592 640 562 641 561 74 73 12 629 13
659 564 642 563 104 591 86 608 483 541
56 639 26 638 27 610 87 609 560 88
660 568 644 567 105 593 90 612 60 489
596 647 572 648 185 571 58 135 93 29
574 535 573 649 428 595 492 615 405 495
646 62 645 38 617 1479 1421 854 1574 114
661 580 622 579 107 597 108 619 151 500
783 682 782 752 1669 936 1668 847 1667 848
681 752 783 936 782 847 1669 848 1668 909
684 751 937 784 908 828 849 850 1626 1074
937 683 908 751 849 784 850 1074 828 1048
935 686 907 754 844 68 1603 920 1524 939
685 754 935 68 1603 920 907 939 1524 46
753 688 1023 1162 846 1200 845 1235 906 1122
1162 687 1200 753 1235 1023 1122 846 1211 1199
690 1687 755 1671 1288 1601 1639 1325 570 1546
755 689 789 1687 1601 1325 1288 1520 1639 616
1643 692 1688 790 1630 1529 1629 1605 1591 855
691 790 1643 1529 1688 1605 1630 855 1629 946
694 787 757 786 943 1631 856 857 883 914
757 693 943 787 856 786 857 914 1631 1080
696 756 944 788 913 829 1413 858 1412 1454
944 695 913 756 858 1413 1412 1572 1454 1482
942 698 911 759 852 791 851 1592 830 1562
697 759 942 791 911 830 852 851 1128 1592
792 1105 1204 758 1129 1033 1130 983 488 1426
1700 1648 760 1383 796 1635 1578 1322 863 916
941 702 401 1287 400 1286 425 1323 797 1693
701 797 941 1536 401 1287 400 1286 425 1323
704 794 762 793 950 1532 1637 981 1533 1585
762 703 950 794 1532 981 793 1585 1533 1554
761 706 795 951 1113 831 1042 1559 1508 1114
705 951 761 917 1114 1113 1177 1042 795 865
708 948 915 861 1005 860 1171 1597 1567 1516
707 948 915 1005 861 1171 860 1597 1567 1107
1070 710 949 1176 862 798 977 1138 932 832
709 1176 1070 798 949 1138 862 832 455 1370
712 1654 763 1542 1362 834 160 921 125 873
763 711 1542 1654 834 160 921 125 873 126
1705 1543 1656 452 1368 802 451 1367 490 1431
800 715 799 765 1641 955 1640 871 1695 872
714 765 800 955 799 871 1641 872 1640 922
717 898 764 808 827 1659 1296 1564 20 1382
898 827 808 20 716 1659 1296 1197 1382 52
984 1075 980 766 938 867 1123 1602 1184 785
767 720 1699 809 1644 810 453 727 1703 875
719 809 767 810 1699 875 1644 876 453 727
722 806 1480 1316 1590 1409 1591 23 805 1629
1480 1316 23 721 1590 1409 1591 1629 80 806
724 768 962 807 924 835 879 1647 880 1095
962 723 924 768 879 807 880 835 1095 1062
769 1052 1131 958 836 923 288 1121 329 1183
1082 534 1492 992 959 533 1491 947 946 485
453 634 1644 1557 1703 672 1699 1677 54 767
771 729 1704 814 1650 1649 815 1608 1607 883
728 814 771 1704 815 1650 1649 1608 883 1631
812 731 811 773 1652 966 1664 822 1663 823
773 730 966 812 885 811 1663 1664 1708 822
772 733 813 967 838 1501 1653 1678 1702 1439
732 967 772 928 813 838 1501 887 1653 1678
735 1000 775 927 1139 952 839 916 1161 863
775 734 1139 1000 839 927 1161 952 1092 916
1086 774 1140 965 816 953 1223 881 1224 1262
776 738 819 820 892 1429 1428 1110 1109 785
737 819 776 820 892 893 1428 1429 1110 1109
740 817 778 1657 971 1580 1539 894 1538 895
739 778 971 817 1657 894 1580 1539 895 1538
742 777 972 818 930 840 896 897 1658 1104
972 741 930 777 896 818 897 1104 1067 1065
1148 1091 821 1007 1170 970 1227 957 1269 460
779 745 1510 1562 1683 1592 1670 1627 851 1375
1510 1683 1562 1670 1592 1627 851 1375 852 1334
747 823 781 822 975 1664 1652 811 902 1651
781 746 975 823 902 903 822 1651 1652 934
780 749 824 976 842 1665 933 1493 1327 1709
748 976 780 933 824 904 842 1665 905 1493
1694 1682 1571 1344 1524 1666 68 46 754 1625
683 784 684 828 937 1626 908 849 739 817
682 936 681 847 783 848 782 909 1669 1073
1023 687 846 688 845 1162 906 1200 882 1229
68 686 1603 920 685 46 939 1524 940 935
789 690 1574 689 1325 1520 1601 1421 1288 854
695 788 696 829 944 1632 913 1672 1413 1412
943 694 856 693 857 787 914 1080 786 993
1105 1033 699 983 488 1426 792 853 1204 489
698 791 697 830 942 1128 911 852 1187 851
796 1700 1578 700 863 1648 916 1383 952 1635
795 705 831 706 1588 1559 1638 1392 1508 1391
950 704 1532 981 703 1585 1554 794 1553 1533
1542 712 834 160 921 125 873 711 868 126
716 801 1594 717 898 1564 1400 808 1659 827
955 715 871 714 872 800 922 799 1088 1641
1075 1123 718 1184 984 1214 980 938 1192 867
719 1699 720 1644 453 809 727 1703 1677 1557
723 807 724 835 962 1647 924 1676 879 880
1131 725 836 1052 1153 958 1196 923 288 1121
266 1083 248 1056 1032 209 998 1403 208 997
1704 728 1650 729 1649 814 1608 1607 815 1531
813 732 838 1653 1501 1678 1702 733 1535 1534
966 731 885 730 886 1663 1708 812 1664 1582
736 965 1086 953 1140 881 816 926 1223 1224
1139 735 839 734 1161 1000 1092 927 952 916
737 738 819 820 1429 1428 1110 785 613 892
741 818 742 840 972 1658 930 896 1679 897
740 971 739 894 817 895 1657 1580 1539 931
1711 744 1662 1592 1562 851 1510 745 852 1683
824 748 842 749 1665 1493 1709 1327 1550 1433
975 747 902 746 903 934 1111 1301 823 1043
1669 783 1668 681 1667 682 1621 752 1620 936
782 681 1669 682 1668 752 1667 936 1621 847
751 828 683 1626 684 739 817 1657 740 1580
1602 613 867 1429 938 1428 59 776 980 1110
787 1631 693 883 694 884 757 815 1685 943
693 786 694 1631 757 883 943 884 856 815
756 829 695 1632 696 1672 944 1686 913 1412
1574 755 854 690 1520 1421 1325 1479 1601 912
692 1529 691 1605 1643 855 1688 946 1630 947
759 830 698 1128 697 1187 942 911 1216 852
1204 699 1129 1105 1130 758 1289 1033 1055 983
794 1637 703 1636 704 1691 762 1565 1533 1532
703 793 704 1637 762 1636 1532 950 1533 1691
831 761 1638 705 1392 1588 1391 1674 1559 1445
1578 760 863 1700 916 700 952 1648 927 1383
1536 702 864 701 926 941 401 1287 400 1286
1176 1138 710 832 455 1370 709 328 1182 1070
1641 800 1640 714 1695 715 1570 765 955 1458
799 714 1641 715 1640 765 1695 955 1570 871
764 833 1400 1399 1594 716 1449 1564 1642 898
1543 869 403 1291 402 1290 713 451 1367 870
1077 804 1076 1215 985 1145 954 1248 940 1249
803 1215 1077 1145 1076 1248 985 1249 954 1013
1646 806 1645 721 722 1697 1480 1316 1409 1590
805 721 1646 722 1480 1316 1590 1409 1591 1629
768 835 723 1647 724 1676 962 1698 924 879
898 1659 1296 717 1382 20 716 584 1564 1483
720 810 719 875 767 876 1699 963 1644 964
809 875 720 876 719 963 767 964 1699 1015
1652 812 1651 730 1701 731 823 746 747 822
811 730 1652 731 1651 773 822 823 1664 746
838 1653 1678 772 1702 1501 1535 1534 1576 732
729 815 728 771 883 1631 1704 1685 786 787
814 883 1631 1685 786 787 729 1560 693 884
1223 1140 1224 1086 1262 736 1066 774 1032 965
1657 739 740 1580 778 1539 971 1538 894 1609
777 840 741 1658 742 1679 972 1706 930 896
738 820 737 892 776 893 973 1110 1428 1429
819 892 738 893 737 776 973 974 1109 1110
1170 1148 1227 743 1269 1091 1069 1348 1007 1349
823 1664 746 1663 747 730 1708 812 731 811
746 822 747 1664 781 1663 812 811 1652 730
842 780 1665 748 1493 1709 1327 1550 1433 1549
826 745 1510 1683 1562 1592 1670 851 1627 852
900 825 901 1510 745 1562 1683 1592 1670 851
717 1197 20 716 898 808 1230 1659 52 764
784 1626 751 817 739 1657 740 1580 778 1539
788 1632 756 1672 695 1686 696 1509 944 1508
791 1128 759 1187 698 1216 697 942 997 911
1638 795 1674 761 1391 1445 1392 1692 1468 1588
1138 455 1370 798 328 1182 1220 1176 710 327
801 1642 1399 1449 1400 764 1472 1675 1594 1259
868 160 921 1542 125 873 889 126 874 763
807 1647 768 1676 723 1698 724 1528 962 1527
1153 1131 1196 769 1228 725 1306 1052 1339 958
504 1447 1333 521 1470 379 1260 1012 380 1261
813 1653 1678 1702 1535 772 1501 1534 1576 1606
1161 1139 1092 775 735 734 1000 927 1233 373
818 1658 777 1679 741 1706 742 1541 972 930
1511 891 1561 910 1684 853 1628 983 488 1426
1665 824 1493 1709 1327 1550 1433 1549 1293 1581
1622 844 1681 907 1712 935 1556 685 1555 686
843 907 1622 935 1681 685 1712 686 1556 754
906 846 882 1023 1586 753 1558 1557 727 687
845 1023 906 753 882 687 1586 1558 688 1557
936 848 752 909 682 1073 681 986 783 987
847 909 936 1073 752 986 682 987 681 1049
850 908 1074 937 1048 684 988 989 683 1213
1074 849 1048 908 988 937 989 684 1213 1185
1592 852 1562 911 1510 745 942 1683 697 1670
851 911 1592 942 1562 1510 697 745 698 1683
983 910 488 1426 1033 891 758 489 1427 841
912 1574 945 789 1479 1421 1404 923 288 1121
1605 946 1529 947 790 959 692 992 691 1082
857 943 914 757 1080 694 993 994 693 1054
914 856 1080 943 993 757 994 1054 694 1217
1413 1572 859 1412 913 1454 1527 1081 1482 944
858 1081 1413 1572 1412 1454 1527 913 1053 1482
861 1597 915 1567 948 1516 707 708 1515 1171
915 860 948 1597 707 1567 708 1516 1171 1005
977 949 932 1070 899 709 1518 710 1517 1566
916 1578 952 796 927 760 1000 1700 734 700
926 1536 881 797 953 702 965 701 774 941
866 917 1085 1245 951 1178 1246 1177 1297 1057
1085 865 1057 1246 917 1245 1297 1178 1003 1298
1602 938 980 785 984 613 1429 718 1428 1110
834 889 160 921 125 873 1542 890 126 874
802 870 402 1290 366 1242 403 1291 1543 1469
869 956 366 1242 365 1241 402 1290 1118 802
872 955 922 765 1088 715 1008 714 1009 1061
922 871 1088 955 1008 765 1009 1061 715 1225
874 921 834 1089 868 1542 889 160 1060 763
1089 873 1060 921 1010 834 868 1542 889 1011
810 876 809 963 720 964 719 1015 767 1016
875 963 810 964 809 1015 720 1016 719 1096
961 878 960 925 1232 1231 1276 1156 1155 1097
925 877 1094 961 1017 960 1232 1231 1276 1156
880 924 1095 962 1062 724 1019 723 1020 1144
1095 879 1062 924 1019 962 1020 724 1144 1143
953 926 965 864 774 1536 736 797 1086 702
1586 906 1558 845 1557 727 453 634 1644 672
1631 1685 786 884 815 787 1560 693 694 968
883 968 1631 1685 786 787 1560 693 969 815
886 966 929 773 1098 1582 1548 731 1708 1547
929 885 1098 966 1026 1548 1547 773 1582 1027
928 888 967 1099 733 1064 732 1028 772 1029
887 1099 928 1064 967 1028 733 1029 732 1234
868 890 834 160 921 982 125 873 1542 126
889 982 868 1006 834 160 921 125 873 126
910 841 853 1511 983 1561 488 1426 1033 489
820 893 819 973 738 737 974 776 1349 1034
892 973 820 974 819 738 1034 737 776 1348
971 895 778 931 740 739 1103 817 1036 1657
894 931 971 1103 778 740 1036 739 1037 817
897 930 1104 972 1067 1038 1065 1039 1165 1240
1104 896 1067 1038 1039 1065 1165 930 1240 1205
808 717 1659 1296 20 716 1382 827 584 1564
1518 932 1517 977 1566 862 1690 949 1634 1710
901 826 978 825 979 1510 1562 745 1592 1683
978 900 979 826 1041 825 1042 1113 1562 1510
903 975 934 1111 1043 1301 781 1044 1072 1500
934 902 1111 1043 1301 1044 1072 975 1243 1179
933 905 976 1112 749 1071 748 1045 780 818
904 1112 933 1071 976 1045 749 1046 748 1244
882 845 1586 846 1558 1557 1023 727 453 634
844 935 843 685 1622 686 1681 754 1712 68
849 937 850 684 1074 683 1048 988 751 989
848 1073 847 986 936 987 752 1049 682 1212
853 891 983 841 488 1426 1033 1511 489 1427
852 942 851 697 1592 1562 698 1510 745 759
945 854 923 288 1121 1574 329 1183 347 1210
858 1413 944 1572 1412 1454 1527 859 1482 696
1080 857 993 856 994 943 1054 1217 757 1134
948 861 707 860 708 1597 1567 1171 1005 1516
952 863 927 1578 1000 796 734 760 735 1700
865 951 866 706 1178 1177 1245 1114 1246 1085
1079 159 919 1490 1359 267 1084 1386 210 1001
918 1084 1079 1490 159 1359 1001 1386 267 1002
1603 939 68 940 46 754 954 5 686 985
834 873 868 1542 160 874 889 125 1089 763
1088 872 1008 871 1009 955 1061 1225 765 1149
288 1121 958 329 1183 347 1210 945 1052 202
879 962 880 724 1095 723 1062 768 1019 1020
1094 878 1017 877 1018 961 1063 960 1232 1231
881 864 953 1536 965 797 774 702 736 701
1000 952 734 916 735 863 775 1578 1139 796
967 887 733 888 732 1099 772 1064 813 1501
1098 886 1026 885 1027 1547 1065 1612 966 1548
896 972 897 742 1104 1067 1065 1038 1165 1039
895 1103 894 1036 971 1037 778 740 739 1068
899 977 1518 862 1517 949 1566 1070 1690 1634
976 904 749 905 748 1112 780 1071 824 777
1111 1043 903 1044 1301 1072 1243 902 1179 1180
907 685 844 686 843 754 1622 68 1603 920
752 847 682 848 681 909 783 1073 782 986
908 684 849 683 850 751 1074 1048 784 988
867 980 1602 984 785 718 613 1429 1075 1428
920 940 1603 954 68 985 46 754 5 686
939 954 920 985 1603 1076 68 46 754 1077
401 1287 701 400 1286 1693 425 1323 702 446
911 697 852 698 851 759 1592 1562 1510 791
856 757 857 694 914 693 1080 993 787 994
913 696 858 1413 1412 1572 1454 695 1527 1482
923 912 288 1121 329 1183 347 1210 958 202
855 947 1605 959 1529 992 790 1082 692 726
946 959 855 992 1605 1082 1529 726 534 1492
707 915 708 861 860 1597 1171 1005 1567 1516
862 1070 977 709 932 710 899 1176 1518 1517
981 762 1585 1532 704 1554 1553 703 1617 1465
706 917 705 865 1177 1114 1178 1113 761 1245
927 916 1000 863 734 1578 735 796 775 760
965 881 774 926 736 864 1086 1536 1140 797
940 985 939 1076 920 1077 1603 803 68 46
871 765 872 715 922 714 1088 800 1008 799
870 957 460 1379 438 1343 420 1313 386 1268
460 1379 438 1343 970 420 1313 386 1268 1007
1052 923 288 1121 329 1183 347 1210 725 202
947 992 946 1082 855 726 534 1492 1605 533
1232 1231 961 1276 1156 1155 877 1097 1353 1096
960 877 1232 1231 1276 1156 1155 878 1097 1353
924 724 879 723 880 768 1095 807 1062 1019
876 964 875 1015 810 1016 809 1096 720 1097
963 1015 876 1016 875 1096 810 1097 809 1155
774 953 736 881 1086 926 1140 864 816 1223
885 773 886 731 929 1708 1582 730 1663 1548
733 928 732 887 772 888 813 838 1501 1653
884 969 883 1631 1024 1685 786 787 1560 693
968 1024 884 1025 883 1631 1100 1685 786 787
1007 957 460 1379 438 1343 420 1313 1091 386
778 894 740 895 739 931 817 1657 1580 1539
930 742 896 741 897 1104 777 1067 1065 1038
893 974 892 1034 820 819 1035 738 737 1069
973 1034 893 1035 892 820 1106 819 738 1269
902 781 903 934 747 1111 1301 1043 1044 1500
749 933 748 904 780 905 824 842 1112 741
932 862 899 949 1518 1070 1517 709 1566 1690
979 901 1041 900 1042 826 1113 825 1114 761
1041 978 1042 901 1113 900 1114 826 761 705
938 984 867 718 1602 1075 785 613 766 1429
1585 950 1554 762 1553 1532 1617 704 1465 1441
890 1006 889 1059 868 834 160 921 1090 125
1033 853 488 1426 758 910 1105 489 1427 699
980 718 938 1075 867 1602 766 785 1123 613
954 1076 940 1077 939 803 920 804 1603 1215
1073 987 909 1049 848 1212 847 1124 936 1125
1049 986 1073 1212 909 1124 848 1125 847 1186
989 1048 1213 1074 1185 850 1126 849 1127 908
1213 988 1185 1048 1126 1074 1127 850 1332 849
991 1210 1051 1183 1078 1121 1116 923 958 1385
1051 990 1078 1210 1116 1183 1385 1121 1444 923
959 1082 947 726 534 1492 946 533 1491 855
994 1080 1054 914 1217 857 1134 1135 856 1189
1054 993 1217 1080 1134 914 1135 1189 857 1337
1053 996 1081 1218 859 1188 1413 1412 858 1454
995 1218 1053 1188 1081 1136 859 1137 1412 1454
1216 998 1187 1056 1128 1083 830 791 770 759
997 1056 1216 1083 1187 770 1128 1032 830 266
1430 1366 1461 1055 1495 1289 1393 1130 1544 1309
734 927 735 952 775 916 1139 863 839 1578
1084 1002 919 1058 918 1079 1221 1490 1359 1386
1001 1058 1084 1221 919 1141 918 1079 1142 1490
1004 1057 1222 1085 1372 1298 1190 1373 1297 866
1222 1003 1190 1057 1143 1372 1373 1019 1020 1062
708 707 948 1171 915 1267 861 1268 860 1313
982 1059 890 1090 889 1117 868 834 160 921
1091 970 743 957 460 1379 438 1343 420 1313
1009 1088 1061 922 1225 872 1149 871 1150 1337
1061 1008 1225 1088 1149 922 1150 1337 1257 1189
1011 1060 1226 1089 1194 874 1151 873 1152 921
1226 1010 1194 1060 1151 1089 1152 874 1346 873
1247 1333 1192 837 504 1447 521 1470 379 1260
1249 1014 1248 1388 1145 1093 1215 1409 804 722
1013 1388 1249 1093 1248 1409 1145 722 23 721
964 1016 963 1096 876 1097 875 1155 810 1156
1015 1096 964 1097 963 1155 876 1156 875 1231
1018 1094 1063 925 1229 878 1157 877 1158 961
1063 1017 1229 1094 1157 925 1158 878 1199 877
1020 1062 1144 1095 1198 1143 1159 1342 880 1160
1144 1019 1198 1062 1159 1143 1160 1342 1095 1352
1022 1256 1395 1255 1396 1219 1473 1154 1474 1133
1021 1395 1256 1396 1255 1473 1219 1474 1154 1512
846 753 845 687 906 688 882 1162 1586 1558
969 1025 968 1100 884 1101 883 1631 1163 786
1100 1024 1101 969 1163 968 1164 884 1411 1410
1027 1098 1065 1067 1104 929 1038 897 1039 1240
1065 1026 1067 1104 1038 1039 897 1240 1205 896
1064 1029 1099 1234 888 1201 887 1167 928 1168
1028 1234 1064 1201 1099 1167 888 1168 887 1358
1233 1031 1092 1161 373 1252 839 1378 1139 775
1030 1378 1233 1102 1092 373 1252 1161 839 520
1066 770 266 1083 248 1056 209 998 1262 208
758 983 488 1426 1105 853 699 489 1427 910
974 1035 973 1106 893 892 1107 820 1170 1227
1034 1106 974 1107 973 893 1171 892 821 1170
1103 1037 931 1068 895 1239 894 971 1172 778
1036 1068 1103 1239 931 1172 895 894 1173 971
1039 1067 1240 1104 1205 1165 1065 1174 897 1175
1240 1038 1205 1067 1174 1104 1165 1175 1065 1365
1347 1238 1380 1203 1108 1169 1119 1483 1193 603
979 1042 978 1113 901 1114 900 1177 705 761
1041 1113 979 1114 978 1177 705 706 901 761
1111 1044 1072 934 1243 1179 1301 1180 903 1209
1043 1072 1111 1243 1179 934 1180 1301 1209 1369
1046 1071 1244 1112 1208 905 1181 904 1182 1370
1244 1045 1208 1071 1181 1112 1182 1370 905 832
1381 1318 1115 1275 1120 1207 1437 1230 1504 1197
988 1074 989 850 1213 849 1185 908 1126 937
1212 987 1124 986 1125 1073 1186 909 1331 848
1359 1211 918 159 919 267 1084 1079 1122 210
1078 991 1116 990 1385 1210 1444 1183 1466 1253
725 958 769 923 288 1121 329 1183 347 1210
1081 995 859 996 1413 858 1412 1454 1572 1482
1217 994 1134 993 1135 1080 1189 1337 914 1150
1366 1289 999 1130 1430 1129 1461 1204 1495 1393
998 1083 997 770 1216 266 1032 1187 1403 248
1003 1085 1004 866 1298 1297 1372 1222 1246 865
1221 1002 1141 1001 1142 1084 1191 919 1341 918
1006 1090 982 1117 890 1147 889 868 1193 834
1010 1089 1011 874 1226 873 1194 921 1151 834
1009 1225 1008 1149 1088 1150 1337 1257 1189 1308
1019 1095 1020 880 1144 879 1198 1143 1342 1159
1229 1018 1157 1017 1158 1094 1199 925 1351 878
1099 1028 888 1029 887 1234 928 1201 967 1167
1067 1104 1038 1039 1027 897 1240 1205 1174 1165
1262 1032 1224 770 266 1083 248 1056 209 998
1038 1104 1039 1240 1065 1165 897 1205 1174 1175
1037 1239 1036 1172 1103 1173 931 895 1206 894
1348 1269 1349 1227 1109 1170 1110 1428 1429 821
949 709 862 710 977 1176 932 798 899 1518
1045 1112 1046 905 1244 904 1208 933 1181 976
1044 1243 1043 1179 1111 1180 1209 934 1369 1301
909 986 848 987 847 1049 936 1212 752 1124
1048 850 988 849 989 908 1213 937 1185 1126
718 766 984 1123 980 938 1184 867 1602 1214
985 1077 954 803 940 804 939 1215 920 1145
1076 803 985 804 954 1215 940 1145 939 1248
1116 1051 1385 991 1444 990 1466 1210 1253 1254
918 1490 159 919 1386 267 1084 1359 1537 210
993 914 994 857 1054 856 1217 1134 943 1135
859 1053 858 1413 1412 995 1572 1454 1482 1527
992 726 534 1492 959 947 533 1491 946 855
1056 770 998 266 1032 997 248 1403 1216 209
919 1001 918 1079 1002 1490 1359 159 1386 1058
1057 866 1003 865 1297 1246 1298 1004 1245 1372
1140 736 816 774 1223 965 1224 953 1262 1066
1438 1401 1384 1402 1371 1475 1328 1583 1220 1619
1008 922 1009 872 1061 871 1225 1149 955 1150
1060 874 1010 873 1011 921 1226 834 868 1542
1059 1117 1006 1147 982 1193 890 1169 889 868
743 1007 1148 970 821 957 460 1379 438 1343
1161 839 1139 775 1233 735 734 373 1252 1000
1388 1409 1014 722 23 721 1480 1316 1013 80
1017 925 1018 878 1063 877 1229 961 1157 960
1062 880 1019 879 1020 924 1144 1143 1342 1198
1016 1097 1015 1155 964 1156 963 1231 876 1232
1096 1155 1016 1156 1015 1231 964 1232 963 960
1026 929 1027 886 1065 1067 1104 1038 897 1039
888 1064 887 1028 928 1029 967 1234 733 1201
1101 1025 1163 1024 1164 969 1236 968 1237 1455
1163 1100 1164 1025 1236 1024 1237 969 1282 1604
1378 1451 1031 1478 1030 1459 1233 1092 373 1252
931 1036 895 1037 894 1068 971 778 1239 740
1067 897 1038 1039 1065 1240 1165 896 1205 1174
699 758 792 1033 1204 983 488 1426 1129 853
1035 1107 1034 1171 974 973 708 707 948 1005
1106 1171 1035 708 707 948 1005 915 861 1034
1119 1380 1483 1347 1382 584 1564 1296 603 1594
1110 1349 1428 1348 1429 1069 613 1269 59 776
1428 1109 1429 1349 1348 613 59 776 1069 785
1043 934 1044 1072 1243 1301 903 1179 1180 1209
1071 905 1045 904 1046 933 1244 976 1208 749
1042 1114 1041 1177 979 1178 706 951 705 978
1113 1177 1042 1178 1041 951 706 1245 917 705
1120 1381 1437 1047 1504 1318 1498 1275 1575 1302
1385 1078 1444 1051 1466 991 1253 990 1254 1305
1090 1147 1059 1193 1006 1169 982 1203 890 1238
1469 1387 1503 837 504 1447 521 1470 870 379
1483 1108 1382 584 1564 1296 1380 603 1594 1659
1437 1115 1504 1381 1498 1047 1575 1318 1302 1330
923 1183 1210 288 958 990 329 945 1052 991
1211 1235 1050 1200 1359 918 1162 159 919 267
766 1184 1075 1214 718 1192 984 980 1247 938
1125 1212 1186 1049 1331 987 1250 986 1251 1073
1186 1124 1331 1212 1250 1049 1251 987 1303 986
1185 1127 1213 1332 989 1146 1660 1680 1614 1710
1126 1332 1185 1146 1660 1680 1614 1710 1634 1309
830 1187 791 1216 759 997 698 697 998 942
1130 1204 1289 792 1055 699 1366 1105 999 1430
1289 1129 1055 1204 1366 792 999 699 1430 1461
836 769 1153 725 1196 1052 1228 958 1306 923
1133 726 534 1492 1082 533 1491 992 485 1423
1154 1132 1219 726 534 1492 533 1491 1082 485
1135 1217 1189 1054 1337 994 1150 993 1257 1195
1189 1134 1337 1217 1150 1054 1257 1195 994 1308
1188 1137 1218 1338 996 1307 995 1258 1522 1523
1338 1136 1307 1188 1258 1218 1259 996 1523 1522
798 832 455 1370 1176 328 1182 710 709 1220
839 775 1161 735 1092 734 1000 927 952 373
816 1086 1223 736 1224 774 1262 965 1066 1032
1142 1221 1191 1058 1341 1002 1263 1001 1264 1084
1191 1141 1341 1221 1263 1058 1264 1002 1312 1476
1144 1198 1020 1159 1190 1160 1019 1352 1319 1062
1198 1020 1159 1160 1019 1143 1352 1342 1319 1062
1215 1248 804 1249 803 1013 1077 1014 1076 1388
1660 1680 1614 1710 431 1332 1634 1309 1690 1544
1117 1193 1090 1169 1059 1203 1006 1238 982 1040
821 743 1170 1091 1227 1007 1269 1069 970 1348
1225 1150 1337 1257 1189 1308 1135 1134 1471 1217
1337 1257 1189 1308 1135 1195 1134 1471 1217 1149
1152 1194 1346 1226 1314 1011 1272 1010 1273 1060
1346 1151 1314 1194 1272 1226 1273 1011 1482 1010
1196 836 1228 1131 1306 769 1339 725 1376 1052
1219 1133 1255 1132 1256 726 534 1492 533 1491
1097 1156 1096 1231 1016 1232 1015 960 961 964
1155 1231 1097 1232 1096 960 961 1016 1015 877
1158 1229 1199 1063 1351 1018 1277 1017 1278 1094
1199 1157 1351 1229 1277 1063 1278 1018 1320 1017
1198 1160 1144 1352 1319 1020 1279 1143 1280 1342
1159 1352 1198 1319 1144 1279 1280 1020 1143 1486
1092 839 1139 775 735 734 1233 1000 373 1252
1200 688 1235 687 1122 753 1211 1023 1050 1351
1164 1101 1236 1100 1237 1025 1282 1024 1283 1525
1236 1163 1237 1101 1282 1100 1283 1025 1360 1526
1166 1038 1067 1039 1104 1240 1205 1174 897 1175
1202 1165 1357 1039 1038 1240 1067 1205 1104 1174
1168 1201 1358 1234 1323 1029 1286 1028 1287 1064
1358 1167 1323 1201 1286 1234 1287 1029 941 701
1203 1193 1238 1147 1040 1117 1347 1090 1380 1059
1227 821 1269 1148 1069 743 1348 1349 1091 1109
1107 708 707 948 1005 915 861 860 1106 1597
1239 1173 1068 1206 1037 1364 1036 1292 1103 931
1172 1206 1239 1364 1068 1292 1037 1293 1036 1103
1175 1205 1365 1240 1326 1039 1294 1038 1295 1494
1365 1174 1326 1205 1294 1240 1295 1039 1494 1038
710 798 709 1138 1070 832 455 1370 949 328
1114 1178 1113 1245 917 951 1042 865 706 1246
1177 1245 1114 1246 917 865 951 1113 866 1297
1243 1180 1072 1209 1044 1369 1043 1299 1111 1300
1209 1179 1369 1243 1299 1072 1300 1044 1329 1043
1182 1208 1370 1244 832 1138 798 1220 1176 455
1370 1181 832 1138 798 455 1208 1220 1176 710
1210 1121 990 923 958 991 288 945 1051 329
1123 1214 766 1192 1075 1247 718 984 1012 980
1213 1126 989 1127 988 1332 1146 1660 1048 1680
1331 1125 1250 1124 1251 1212 1303 1049 1467 987
1128 1216 830 997 791 998 759 698 1056 697
1218 1136 996 1137 995 1338 1053 1307 1081 1522
1337 1135 1150 1134 1257 1217 1195 1054 1308 994
1143 1222 1144 1020 1198 1159 1019 1160 1352 1062
1341 1142 1263 1141 1264 1221 1312 1058 1476 1405
1214 1247 1184 1012 1123 1333 766 1075 837 504
1147 1169 1117 1203 1090 1238 1059 1040 1006 1347
1151 1226 1152 1011 1346 1010 1314 1060 1272 1089
1150 1337 1257 1345 1189 1308 1135 1134 1471 1217
1228 1153 1306 836 1339 1131 1376 769 1394 725
827 1230 717 1207 20 716 898 808 52 764
1144 1159 1160 1020 1352 1319 1143 1019 1279 1342
1351 1158 1277 1157 1278 1229 1320 1063 1485 1018
1235 1162 1122 688 1211 687 1050 753 1359 918
1167 1234 1168 1029 1358 1028 1323 1064 1286 1099
1357 1166 1284 1165 1285 1240 1039 1205 1038 1174
1238 1169 1040 1193 1347 1147 1380 1117 1108 1090
1129 792 1130 699 1289 1105 1055 758 1366 999
1174 1240 1175 1039 1365 1038 1326 1067 1294 1165
1173 1364 1172 1292 1239 1293 1068 1327 1037 1036
1230 1275 1197 1318 827 1047 717 20 716 1381
1181 1244 1182 1046 1370 832 1138 798 1045 1220
1369 1180 1299 1179 1300 1243 1329 1072 1499 1044
990 1183 991 1121 1051 923 958 1078 288 945
1050 1122 1359 1235 918 159 919 267 1084 1079
1124 1049 1125 987 1186 986 1331 1073 1250 909
1185 989 1126 988 1127 1048 1332 1074 1146 1660
1184 1192 1123 1247 766 1012 1075 718 1333 984
804 1145 803 1248 1077 1249 1076 1013 985 1014
1187 997 1128 998 830 1056 791 759 1083 698
1134 1054 1135 994 1189 993 1337 1080 1150 1195
996 1188 995 1136 1053 1137 1081 1338 859 1454
1255 1154 1256 1133 1021 1132 1022 726 534 1492
832 1328 455 1370 328 1182 1138 798 327 1181
1141 1058 1142 1002 1191 1001 1341 1084 1263 919
1190 1004 1143 1003 1020 1144 1019 1198 1159 1062
1224 816 1262 1140 1066 1086 1032 736 770 266
1262 1223 1066 816 1032 1140 770 1086 266 1083
1061 1149 1009 1150 1337 1257 1189 1308 1135 1134
1194 1011 1151 1010 1152 1060 1346 1089 1314 874
1269 1170 1069 821 1348 1148 1349 1109 743 1110
1306 1196 1339 1153 1376 836 1394 1131 1448 769
1157 1063 1158 1018 1199 1017 1351 1094 1277 925
1197 1207 827 1275 717 1318 20 716 898 808
1156 1232 1155 960 1097 961 1096 1276 1016 877
1231 960 1156 961 1155 1276 1097 1096 877 1016
1092 1030 1161 839 1139 373 1252 775 735 734
1201 1029 1167 1028 1168 1064 1358 1099 1323 888
1122 1200 1211 1162 1050 688 1359 918 159 919
1237 1164 1282 1163 1283 1101 1360 1100 1361 1025
1282 1236 1283 1164 1360 1163 1361 1101 1422 1423
1040 1203 1347 1169 1380 1193 1108 1147 1119 1483
1068 1172 1037 1173 1036 1206 1103 1364 931 895
1205 1039 1174 1038 1175 1067 1365 1104 1165 1326
1242 708 707 948 915 861 860 1005 1597 1567
1290 1241 870 869 956 1291 1118 860 1597 861
1072 1179 1044 1180 1043 1209 1111 1369 1299 934
1208 1046 1181 1045 1182 1071 1370 832 1138 798
1178 1246 1177 1297 865 866 917 1114 1085 1298
1245 1297 1178 1298 866 1085 865 1177 1057 917
1192 1012 1214 1333 1184 837 504 1447 521 1470
1145 1249 1215 1013 804 1014 803 1388 1077 1093
1248 1013 1145 1014 1215 1388 804 1093 803 1409
1251 1331 1303 1186 1467 1125 1389 1124 1390 1212
1303 1250 1467 1331 1389 1186 1390 1125 1446 1124
1468 1092 1161 839 1139 1233 775 735 734 1000
1254 1466 1305 1444 1334 1385 1375 1627 1116 1670
1305 1253 1334 1466 1375 1627 1444 1670 1683 1385
1256 1219 1021 1154 1022 1133 1395 1132 1396 726
1021 1255 1022 1219 1395 1154 1396 1133 1473 1132
1150 1308 1337 1189 1471 1195 1135 1134 1149 1397
1259 1307 1472 1338 1449 1675 1137 1696 1642 1399
1472 1258 1449 1307 1399 1642 1675 1338 833 1696
1261 1470 1310 1447 1340 837 1333 1377 504 1633
1310 1260 1340 1470 1377 1447 1633 837 1333 1673
1224 1066 1223 1032 816 770 266 1083 248 1056
1264 1341 1312 1191 1476 1142 1405 1141 1406 1221
1312 1263 1476 1341 1405 1191 1406 1142 1453 1141
1311 1266 1342 1477 1062 1019 1095 1020 880 1144
1265 1477 1311 1452 1342 880 879 1095 1062 924
1268 1313 1343 1379 957 1005 970 460 1007 438
1267 1313 1343 1379 957 970 460 1005 1007 438
1069 1227 1348 1170 1349 821 1109 1110 1148 1428
1345 1271 1195 1315 1150 1337 1257 1189 1308 1135
1270 1315 1345 1481 1195 1410 1150 1337 1257 1189
1273 1314 1482 1346 1454 1152 1412 1151 1413 1194
1482 1272 1454 1314 1412 1346 1413 1152 858 1151
1589 1505 1317 1503 713 1543 1705 452 1368 451
1207 1318 1230 1047 1197 1381 827 1115 717 20
960 1353 961 1232 1231 877 1354 1156 1155 1097
1278 1351 1320 1199 1485 1158 1417 1157 1418 1570
1320 1277 1485 1351 1417 1199 1418 1158 1570 1458
1319 1280 1352 1486 1160 1457 1159 1419 1198 1420
1279 1486 1319 1457 1352 1419 1160 1420 1159 1606
1321 1596 1512 1355 1474 1356 1473 1693 1396 941
1283 1237 1360 1236 1361 1164 1422 1163 1423 1491
1360 1282 1361 1237 1422 1236 1423 1491 1164 1492
1285 1357 1324 1202 1489 1166 1424 1425 1165 1239
1324 1284 1489 1357 1424 1202 1425 1460 1166 1068
1287 1323 941 1358 701 401 1693 1168 400 702
941 1286 401 701 1323 1693 400 1358 702 425
1601 1639 1325 1363 689 690 1687 570 1546 616
1055 1130 1366 1129 999 1204 1430 792 1461 1495
1291 1242 869 802 870 1367 1241 1469 1543 1503
1367 1290 802 1368 1543 869 1242 713 1503 1505
1364 1293 1206 1327 1173 1493 1709 1665 1550 1549
1292 1327 1364 1493 1709 1665 1550 1549 1581 1206
1295 1326 1494 1365 1462 1175 1435 1174 1436 1205
1494 1294 1462 1326 1435 1365 1436 1175 1613 1174
1382 1659 1483 808 584 1564 898 1119 603 1594
1246 1298 1245 1085 1372 1057 866 1003 1178 865
1297 1372 1246 1057 1373 1003 1085 1004 866 1245
1300 1369 1329 1209 1499 1180 1440 1179 1441 1243
1329 1299 1499 1369 1440 1209 1441 1180 1465 1179
1500 1111 1043 934 1044 1072 1243 903 1179 1180
1330 1575 1374 1498 1677 1703 453 634 1644 672
1467 1251 1389 1250 1390 1331 1446 1186 1587 1125
1537 1611 1386 1624 1490 1079 918 159 919 1335
1334 1254 1375 1253 1627 1670 1466 1683 745 1444
1339 1228 1376 1196 1394 1153 1448 836 1414 1131
1258 1338 1259 1137 1472 1136 1696 1675 1523 1449
1257 1471 1150 1337 1397 1195 1189 1135 1149 1398
1544 1614 1393 1146 1660 1680 1710 431 1332 1634
1340 1261 1377 1260 1633 1470 1673 1447 1689 837
1342 1265 1020 1019 1144 1198 1062 1159 1160 1095
1476 1264 1263 1405 1341 1406 1191 1453 1142 1598
1268 1343 1267 1379 957 970 460 438 1007 420
1272 1346 1273 1152 1482 1151 1454 1194 1412 1226
1271 1481 1270 1410 1345 1411 1195 1150 1337 1455
1590 1480 1591 722 1629 23 721 1630 1409 1688
1350 1589 1671 1274 1656 1705 1655 491 1432 713
1047 1275 1381 1207 1115 1230 1120 1197 1437 827
1352 1279 1160 1280 1159 1486 1198 1457 1144 1419
1485 1278 1417 1277 1418 1351 1458 1570 1521 1199
1512 1281 1474 1596 1473 1355 1396 1356 1395 1693
1635 1383 1595 1648 700 1700 1563 760 667 1692
1286 1358 1287 1168 941 1167 701 401 1693 1201
1489 1285 1424 1284 1425 1460 1357 1609 1538 1036
1601 1520 1288 1421 755 690 789 1616 617 1639
1294 1365 1295 1175 1494 1174 1462 1205 1435 1240
1293 1493 1709 1665 1550 1549 1292 1581 842 1613
1220 1371 832 455 1370 328 1182 1384 1138 327
1499 1300 1440 1299 1441 1369 1465 1209 1617 1180
1374 1302 1677 1703 1575 453 634 1644 672 1699
1250 1186 1251 1125 1303 1124 1467 1212 1389 1049
1146 1660 1127 1680 1614 1710 1634 1309 1690 431
1012 837 504 1447 521 1470 379 1260 1247 380
1375 1305 1627 1254 1670 1683 1253 745 1510 1466
1624 1336 1611 1707 1304 1628 1537 1386 1684 1490
1335 1707 1624 1628 1611 1684 1304 1537 1561 1386
1189 1150 1135 1257 1134 1195 1308 1217 1054 1149
1307 1137 1258 1136 1259 1188 1696 1523 1472 1218
1376 1306 1394 1228 1448 1196 1414 1153 1456 836
1377 1310 1633 1261 1673 1260 1689 1470 1515 1447
1263 1191 1264 1142 1312 1141 1476 1221 1405 1406
1144 1020 1198 1311 1159 1019 1160 1352 1062 1319
1313 1379 1268 957 1267 970 460 438 1007 420
1666 1682 1625 750 1619 1694 1583 1571 1475 1524
1195 1270 1150 1337 1257 1189 1308 1135 1134 1271
1314 1152 1272 1151 1273 1194 1482 1226 1454 1011
1380 1040 1108 1238 1119 1203 1483 1382 584 1564
1349 1069 1109 1269 1110 1428 1227 1429 1170 91
1109 1348 1110 1069 1428 1429 1269 1227 613 59
1671 1317 1687 1589 1655 1656 1363 537 1496 1705
1277 1199 1278 1158 1320 1157 1485 1229 1417 1063
1160 1319 1159 1279 1198 1280 1144 1486 1457 1143
1276 1354 960 1415 961 1232 877 1231 1156 1416
1353 1415 1276 1416 960 961 1487 877 1232 1231
1596 1356 1281 1693 1321 941 401 1287 400 1286
1355 1693 1596 941 401 1287 400 1286 425 1323
1284 1202 1285 1166 1324 1165 1489 1424 1205 1240
1323 1168 1286 1167 1287 1201 941 701 1234 1693
918 1050 159 919 1079 267 1084 1490 210 1001
1361 1283 1422 1282 1423 1237 1491 1492 1236 959
1422 1360 1423 1283 1491 1282 1492 992 959 1082
1623 1654 711 1600 712 1568 763 1519 1542 834
1639 1655 1288 1656 538 1497 1671 1687 569 1545
1206 1292 1173 1293 1172 1327 1239 1493 1709 1665
1326 1175 1294 1174 1295 1205 1494 1240 1462 1039
999 1055 1430 1289 1461 1130 1495 1129 1393 1544
1368 1291 1543 1431 713 1290 802 1705 1432 1505
1431 1367 1432 713 1291 1705 1543 1496 1656 802
1299 1209 1300 1180 1329 1179 1499 1243 1440 1072
832 1182 1138 455 798 1220 1176 1181 328 710
1328 1384 1220 1438 832 455 1370 328 1182 327
1298 1373 1297 1439 1003 1004 1057 1222 1085 1246
1372 1439 1298 813 838 1653 1678 1702 772 1004
1677 1330 1703 453 634 1644 672 1699 727 1302
1627 1334 1670 1305 1683 1254 745 1510 1562 1253
1394 1339 1448 1306 1414 1228 1456 1196 1484 1153
1633 1340 1673 1310 1689 1261 1515 1260 1516 1470
1031 1102 1030 1451 1233 1092 373 1252 1478 1161
1343 957 1313 460 970 1268 438 1267 420 1007
1108 1347 1119 1040 1483 1382 584 1564 1238 603
1115 1047 1120 1318 1437 1275 1504 1207 1498 1230
1296 1483 1659 584 1564 1119 808 898 603 1594
1648 1635 700 1322 1700 760 796 1595 1578 863
1371 1438 1328 1087 1220 1401 832 455 1370 328
1444 1116 1466 1078 1253 1051 1254 1305 991 1334
1490 1537 1079 918 159 919 1304 267 1084 1359
1118 837 504 1447 521 1470 379 1260 380 1261
1014 1093 1013 1409 1249 722 23 721 1480 1248
1390 1467 1446 1303 1587 1251 1506 1250 1507 1560
1446 1389 1587 1467 1506 1303 1507 1251 1560 1685
1445 1392 1468 1588 1252 1559 1030 1031 1233 1638
1391 1588 1445 1559 1468 1508 1252 831 795 1031
1544 1495 1309 1461 1614 1430 1660 1146 1680 1710
1448 1376 1414 1339 1456 1306 1484 1228 1563 1196
1022 1396 1021 1473 1256 1474 1255 1512 1219 1321
1395 1473 1022 1474 1021 1512 1256 1321 1255 1281
1471 1398 1308 1450 1257 1150 1195 1337 1593 1189
1397 1450 1471 1593 1308 1257 1513 1150 1195 1337
1400 1449 1594 1472 801 833 1564 764 1259 1119
1594 1399 1564 1449 801 764 1483 1119 1382 1296
1087 1402 1438 1475 1384 1583 1371 1619 1328 1625
1401 1475 1087 1583 1438 1619 1384 1625 1371 1666
1404 770 266 1083 248 1056 209 998 208 997
1479 1403 1421 770 266 1083 248 1056 209 998
1476 1406 1312 1453 1264 1598 1263 1341 1521 1191
1405 1453 1476 1598 1312 1264 1521 1263 1341 1458
1452 1408 1477 1599 1266 1569 1265 1522 807 768
1407 1599 1452 1569 1477 1522 1266 1218 996 1188
1093 722 1480 23 721 1316 1590 1388 80 806
1481 1411 1315 1455 1271 1604 1270 1525 1345 1526
1410 1455 1481 1604 1315 1525 1271 1526 1270 1573
1413 1454 858 1482 859 913 1273 1572 1272 1081
858 1412 1454 859 913 1572 1482 1081 1273 1527
1456 1448 1484 1394 1563 1376 1595 1339 1322 1635
1354 1416 1353 1487 1276 1488 960 961 1530 877
1487 1415 1488 1354 1530 1353 1531 1276 1607 961
1418 1485 1458 1320 1521 1570 1598 1278 1453 1695
1458 1417 1521 1570 1485 1598 1453 1320 1406 1695
1420 1457 1606 1486 1576 1280 1534 1279 1535 1319
1606 1419 1576 1457 1534 1486 1535 1280 1702 1279
1520 1479 1325 1404 1574 789 854 1601 755 1403
1423 1361 1491 1360 1492 1082 992 726 959 1283
1491 1422 1492 1361 1082 726 992 959 947 534
1425 1489 1460 1324 1609 1538 1285 1539 1580 895
1460 1424 1609 1489 1538 1539 1324 1580 894 971
983 1427 1033 853 758 488 910 1610 1105 699
1426 1610 983 1579 1033 853 758 910 1105 488
1429 1110 1109 613 1349 785 1348 59 776 32
1428 1110 613 1109 785 1349 59 776 1602 32
1461 999 1495 1366 1393 1055 1544 1289 1309 1614
1432 1368 1496 1367 1705 713 1656 1497 1655 1543
1496 1431 1497 1368 1656 1705 1655 1545 1363 713
1493 1709 1665 1550 1549 1434 1581 842 1327 1613
1433 1463 1493 1709 1665 1550 1549 1581 842 1613
1462 1436 1494 1613 1295 1581 1294 1549 1326 1550
1435 1613 1462 1581 1494 1549 1295 1550 1294 1709
1504 1120 1498 1115 1575 1381 1302 1330 1047 1374
1384 1087 1371 1401 1328 1402 1220 1475 832 455
1373 813 838 1653 1678 772 1702 1535 1534 1576
1441 1499 1465 1329 1617 1300 1299 1553 1369 1554
1440 1465 1499 1617 1329 1553 1300 1554 1299 1585
1443 1464 1618 1500 1584 1301 1555 1556 1111 1043
1618 1442 1584 1464 1555 1500 1556 1712 1301 1681
1466 1385 1253 1116 1254 1078 1305 1334 1051 1375
1468 1391 1252 1392 1233 1030 1092 1161 839 1139
1587 1390 1506 1389 1507 1467 1560 1685 1303 883
1470 837 1260 504 1333 1261 521 1310 379 1012
1414 1394 1456 1376 1484 1339 1563 1306 1595 1228
1399 1472 1400 1259 833 1594 1642 801 1258 1564
1398 1593 1397 1513 1471 1308 1514 1257 1150 1195
1102 1478 1378 1459 1031 1519 1030 1233 1568 464
1477 1407 1266 1408 1265 1599 1311 723 724 768
1406 1598 1405 1521 1476 1312 1458 1264 1418 1263
1412 1482 1413 1273 858 1272 859 913 1314 1081
1411 1604 1410 1525 1481 1526 1315 1573 1271 1697
1484 1414 1563 1448 1595 1394 1322 1635 1376 667
1419 1486 1420 1280 1606 1279 1576 1319 1534 1352
1521 1418 1598 1570 1417 1453 1485 1406 1695 1405
1478 1519 1451 1568 1102 1600 1378 1623 1031 1030
1609 1425 1538 1424 1539 1580 1489 1657 778 740
1495 1430 1393 999 1544 1366 1309 1055 1614 1710
1494 1435 1295 1436 1294 1613 1326 1581 1365 1549
1434 1612 1433 1493 1709 1665 1550 1549 1547 1581
1442 1500 1443 1301 1618 1111 1043 1044 934 1072
1441 1617 1440 1553 1499 1554 1329 1585 1300 981
1253 1444 1254 1385 1305 1116 1334 1375 1078 1627
1389 1303 1390 1251 1446 1250 1587 1331 1506 1507
1252 1445 1092 1233 1161 839 1391 1139 775 735
1503 1118 1505 1387 869 870 802 402 1290 366
1260 1447 1261 837 1333 1310 504 1340 521 1012
1308 1397 1257 1150 1398 1337 1195 1189 1149 1135
1449 1259 1399 1258 1642 1400 833 1307 1675 1594
1396 1474 1395 1512 1022 1321 1021 1281 1256 1596
1473 1512 1396 1321 1395 1281 1022 1596 1021 1355
1402 1583 1401 1619 1087 1625 1438 1666 1384 1344
1312 1405 1264 1406 1263 1453 1341 1598 1191 1142
1266 1452 1265 1407 1311 1408 1342 924 962 879
1451 1459 1102 1519 1378 1568 1031 1600 1030 1233
1421 1404 1520 1403 854 1574 912 1325 789 770
1316 722 1590 1591 23 721 1629 1409 1630 80
1315 1410 1271 1411 1270 1455 1345 1604 1195 1150
1454 1273 1412 1272 1413 1314 858 1346 859 913
1382 1119 1296 584 1564 1659 1108 603 1594 808
1563 1456 1595 1414 1322 1635 1448 1383 667 1692
1417 1320 1418 1278 1458 1570 1277 1521 1598 1695
1457 1280 1419 1279 1420 1319 1606 1352 1576 1160
1488 1416 1530 1415 1531 1354 1607 1353 1608 1276
1530 1487 1531 1416 1607 1415 1608 1354 1649 1650
1424 1324 1425 1285 1460 1609 1284 1538 1539 1103
1079 1386 918 159 919 1537 267 1084 1359 210
1492 1423 726 1082 992 1422 959 534 947 946
726 1491 1082 992 534 959 1423 947 533 946
1709 1665 1550 1327 1549 1433 1581 1293 842 1613
1295 1462 1294 1435 1326 1436 1365 1613 1175 1581
1393 1461 1544 1430 1309 999 1614 1366 1680 1660
1497 1432 1545 1431 1655 1656 1363 1546 1368 1705
1545 1496 1546 1432 1363 1655 1639 1615 1431 1656
1575 1504 1302 1437 1330 1374 1120 1677 1703 453
1440 1329 1441 1300 1465 1299 1617 1369 1553 1209
1464 1301 1442 1111 1043 934 1044 1072 1243 903
813 1502 838 1653 1678 772 1702 1535 1534 1576
1501 1551 813 838 1653 1552 1678 1702 772 1535
1505 1469 1274 1118 802 869 1543 403 1291 402
1498 1437 1575 1120 1302 1115 1330 1374 1677 1381
1274 1503 1589 1469 1543 802 713 451 1367 403
1507 1587 1560 1446 1685 1390 883 884 815 1631
1560 1506 1685 1587 883 884 815 1631 1446 968
1559 1509 1588 1686 1392 1672 1391 705 761 1632
1508 1686 1559 1672 1588 1632 1392 705 829 706
745 1562 1592 1683 851 1670 1627 852 1375 911
1561 841 1684 891 1628 910 1707 853 1336 983
1474 1321 1473 1281 1396 1596 1395 1355 1022 1356
1593 1514 1450 1565 1398 1691 1397 1471 1636 1308
1513 1565 1593 1691 1450 1636 1398 1637 1397 1471
1516 1689 1567 1673 1597 1633 860 1377 861 915
1567 1515 1597 1689 860 1673 861 1633 915 948
1566 1518 1690 899 1634 932 1710 1680 977 1660
1517 899 1566 932 1690 977 1634 1710 862 1680
1459 1568 1478 1600 1451 1623 1102 1362 1378 1031
1325 1421 1601 1479 789 755 1574 1288 1661 645
1598 1458 1418 1453 1406 1417 1405 1570 1476 1485
1523 1569 1696 1599 1137 1338 1136 1307 1675 1188
1696 1522 1675 1569 1338 1307 1137 1258 1136 1259
68 1571 46 754 1603 5 686 920 4 685
1604 1526 1455 1573 1411 1697 1410 1645 1481 1646
1573 1525 1697 1604 1645 1455 1411 1646 1410 805
1528 1572 1698 858 859 913 1413 1676 1412 1081
1698 1527 1676 1572 1647 858 859 913 1413 835
790 1605 692 855 691 946 1643 947 1688 959
1531 1488 1607 1487 1608 1416 1649 1650 1415 1704
1607 1530 1608 1488 1649 1650 1487 1704 771 1416
950 762 981 704 1533 1585 703 1554 794 1553
1532 1577 704 762 703 950 794 981 793 1585
1535 1576 1702 1606 1678 1420 1653 1419 838 1457
1702 1534 1678 1576 1653 1606 838 1420 813 1419
864 797 926 702 881 701 953 941 401 1287
1386 1304 1490 1079 1611 918 159 919 267 1084
1539 1609 1580 1460 1657 817 739 740 1425 778
1580 1538 1657 1609 817 739 740 1460 778 971
1541 1579 1706 1610 1679 1427 1658 1426 840 983
1706 1540 1679 1579 1658 1610 840 1427 818 1426
834 763 160 921 868 125 873 126 874 889
713 802 451 1367 1705 403 1291 869 452 1368
1309 1393 1614 1495 1146 1660 1461 1680 1710 431
1546 1497 1615 1496 1639 1363 1288 1616 1432 1655
1615 1545 1497 1616 1288 1639 1601 1496 1661 1363
1612 1548 1463 1582 1434 929 1098 886 1433 1026
1547 1582 1612 1708 1463 886 929 885 1663 1098
1581 1550 1613 1709 1436 1493 1435 1327 1665 1462
1549 1709 1581 1493 1613 1665 1327 1436 1433 1435
1502 1552 1501 1620 838 813 1653 1678 1702 1535
1551 1620 1502 1621 1501 1667 838 1653 813 1678
1617 1554 1465 1585 1441 981 1440 1499 950 1329
1553 1585 1617 981 1465 950 1441 1440 762 1499
1556 1584 1712 1618 1681 1443 1622 1442 843 844
1712 1555 1681 1584 1622 1618 843 1443 844 1442
727 1558 453 634 1644 1703 672 1699 54 767
1557 1586 727 453 634 1644 672 1699 1703 54
1588 1508 1392 1509 1391 1686 1445 761 795 705
1685 1507 883 1506 884 815 1631 786 968 1587
1684 1511 1628 841 1707 891 1336 910 1335 853
1510 1592 745 851 1683 852 1670 911 1627 1375
1595 1484 1322 1456 1635 1383 1648 667 1692 1414
1382 1594 1296 1483 1659 1119 808 584 1400 898
1514 1691 1513 1636 1593 1637 1450 793 1398 794
1690 1517 1634 1518 1710 899 1680 1660 932 1146
1597 1516 860 1515 861 1689 915 948 1673 707
1519 1600 1459 1623 1478 1362 1451 1102 1654 1378
1599 1522 1408 1523 1407 1136 1696 1188 1137 1218
1695 1458 1418 1417 1521 1640 1485 1598 1320 1453
1524 1694 68 750 46 754 5 686 1603 4
1527 858 859 1413 913 1528 1412 1081 1454 944
1697 1526 1645 1525 1646 1604 805 1455 806 1411
854 789 912 755 1421 1479 1520 945 1404 1325
1302 1498 1330 1504 1374 1677 1437 1703 453 634
1534 1606 1535 1420 1702 1419 1678 1457 1653 1486
1533 1701 1532 703 794 704 793 1651 762 1637
863 796 916 760 952 1700 927 700 1000 1648
1610 1540 1427 1541 1426 1706 983 1033 1679 853
1539 1657 1538 817 739 740 1609 778 971 1460
1613 1549 1436 1550 1435 1709 1462 1493 1494 1327
1548 1708 1547 1663 1612 885 966 886 1664 929
1475 1619 1402 1625 1401 1666 1087 1344 1438 1682
1555 1618 1556 1443 1712 1442 1681 1464 1622 843
1554 981 1553 950 1617 762 1465 1532 1441 704
1558 882 1557 727 906 453 634 1644 672 1699
1506 1446 1507 1390 1560 1389 1685 883 884 1467
1392 1559 1391 1508 1445 1509 1468 795 831 761
1317 1274 1350 1505 1705 713 1656 490 1431 1543
1591 1316 1629 1480 1630 722 1688 23 721 1643
1590 1629 1316 1630 1480 1688 722 1643 23 721
1562 851 1510 852 745 911 1683 1670 942 1627
1450 1513 1398 1514 1397 1565 1471 1308 1691 1257
1564 1400 1483 1382 1296 1119 1399 1659 764 808
1322 1563 1635 1383 1648 1484 700 667 1692 1700
1281 1355 1321 1356 1512 1693 1474 941 401 1287
860 1567 861 1516 915 1515 948 707 1689 708
1453 1521 1406 1458 1405 1418 1476 1312 1417 1264
1408 1569 1407 1522 1452 1523 1188 1218 1136 996
1623 1568 1519 1362 1459 1654 1478 711 1451 712
1325 1288 1520 1639 690 689 755 616 1615 1616
867 785 938 613 980 1429 984 1428 1110 59
68 920 46 754 939 940 5 686 1524 954
1455 1525 1411 1526 1410 1573 1481 1697 1315 1645
1529 855 790 946 692 947 691 959 1643 992
1576 1420 1534 1419 1535 1457 1702 1486 1678 1280
1608 1531 1649 1530 1650 1704 1488 771 728 729
1649 1607 1650 1531 1704 771 1530 728 729 1488
1538 1460 1539 1425 1580 1657 1424 817 739 740
1427 1579 1426 1540 983 1033 1541 853 758 1105
1304 1624 1537 1335 1386 1490 1336 1079 918 159
1463 1547 1434 1548 1433 1493 1709 1550 1665 1549
1436 1581 1435 1549 1462 1550 1494 1709 1295 1493
1309 1146 1660 1680 1710 431 1332 1544 1634 1690
1546 1616 1545 1661 1601 1288 1497 1325 1662 690
1615 1661 1546 1662 1325 1601 1545 1711 1520 755
1465 1553 1441 1554 1440 1585 1499 981 1329 1300
1584 1443 1555 1442 1556 1464 1712 1500 1681 1622
1583 1625 1475 1666 1402 1344 1401 1682 1087 750
1552 1621 1551 1667 1502 1668 1501 1669 1653 1678
1620 1667 1552 1668 1551 1669 1502 782 1501 783
843 1681 844 1712 907 1556 935 1555 685 1584
1600 1362 1568 1654 1519 711 1459 712 1478 763
1611 1335 1304 1336 1537 1386 1707 1490 1079 918
1619 1666 1583 1344 1475 1682 1402 750 1401 1694
828 817 739 740 1657 778 1580 1539 971 1538
1670 1375 1683 1334 745 1305 1510 1562 1254 1592
1707 1684 1336 1561 1335 1511 1624 841 1611 1304
1591 1630 1590 1688 1316 1643 1480 691 722 692
1629 1688 1591 1643 1590 691 1316 692 1480 790
786 883 787 1685 884 693 815 694 1560 757
829 1672 788 1686 756 1509 695 1508 696 1559
1673 1377 1689 1340 1515 1310 1516 1261 1567 1260
1710 1690 1680 1566 1660 1517 1146 1614 431 1332
1383 1322 1648 700 1595 1700 760 796 1578 1563
1691 1637 1565 793 1514 794 1513 703 1593 704
793 1636 794 1691 703 1565 704 1514 762 1513
1674 831 1692 795 1445 1468 1391 1383 1648 1635
1288 1363 1601 1655 1687 569 1545 689 570 1546
1641 1695 799 1570 800 1458 1418 1417 1485 1320
799 1640 800 1695 714 1570 715 1458 1418 1417
833 1675 1472 1449 801 1259 1399 1696 1258 1400
1688 691 1630 692 1629 790 1591 1529 1590 1605
453 1699 1703 727 634 767 1677 1557 672 719
1646 1697 805 1573 806 1526 721 1525 722 1480
805 1645 806 1697 721 1573 722 1480 1526 1316
835 1676 807 1698 768 1528 723 1527 724 1572
700 1383 1700 1635 760 1322 796 1578 863 1595
1650 1608 1704 1607 771 728 1531 729 1530 814
1704 1649 771 1608 728 1607 729 814 1531 815
1701 1652 1577 811 1533 812 1532 1637 793 1636
1651 811 1701 812 1577 730 746 747 1533 781
838 1678 813 1702 1535 1534 1501 1576 772 1606
711 1362 712 763 1623 1542 834 160 921 125
1363 1656 1639 1705 537 1496 1350 491 1432 538
1655 1705 1363 713 491 1432 490 1431 537 1496
817 1580 739 1539 740 1538 778 971 1609 894
840 1679 818 1706 777 1541 741 1540 742 1579
1296 808 1382 898 584 1564 1483 717 20 716
1146 1680 1710 1614 1634 431 1332 1309 1690 1566
1616 1662 1615 1711 1546 1520 1325 779 1421 789
1661 1711 1616 779 1615 1421 1520 744 789 1574
1708 1664 1582 822 773 1548 731 823 966 730
822 1663 823 1708 746 731 1582 730 773 812
1493 1709 842 1327 1550 1549 1433 1581 1293 1613
1625 1344 1619 1682 1583 750 1475 1694 1402 1571
1621 1668 1620 1669 1552 782 1551 783 1502 681
1667 1669 1621 782 1620 783 1552 681 1551 682
1668 782 1667 783 1621 681 1620 682 1552 752
1683 1627 745 1375 1510 1334 1562 1592 1305 851
1687 1350 689 1317 1363 1655 1639 538 1497 1656
1686 1632 1509 829 1508 788 1559 756 951 1588
1689 1633 1515 1377 1516 1340 1567 1310 1597 1261
1692 1638 1635 1322 1383 1648 700 1595 1700 760
1642 1696 1259 833 1472 1258 1523 1449 1307 1399
1647 1698 835 1528 807 1527 768 1572 723 858
1703 1374 453 634 1644 727 672 1699 54 767
1653 1702 838 1535 813 1534 1576 1606 1501 1420
1658 1706 840 1541 818 1540 777 1579 741 1610
1660 1710 1146 1634 1614 1690 431 1332 1309 1566
1622 1712 843 1556 844 1555 907 1584 935 1618
750 1344 1694 1666 1571 1625 1524 1619 68 1583
1670 745 1510 1627 1562 1375 1592 1334 851 852
1628 1561 1707 1511 1336 841 1335 891 1624 910
883 1560 1631 884 815 1507 786 787 968 814
1509 1672 1508 1632 1559 829 1588 788 706 951
689 1671 690 1350 1639 1288 1363 1601 569 1545
1630 1643 1629 691 1591 692 1590 790 1316 1529
1515 1673 1516 1633 1567 1377 1597 1340 860 1310
1634 1566 1710 1517 1680 1518 1660 1146 899 1614
1565 1636 1514 1637 1513 793 1593 794 1450 703
1322 1635 1383 1674 1648 1595 700 1700 760 1563
1356 941 401 1287 400 1286 425 1323 701 446
1571 750 1524 1682 68 46 754 1344 5 686
1640 1570 1641 1458 1418 1417 1485 799 1521 1320
1675 1523 1642 1258 1307 1522 1259 1338 1472 1137
1645 1573 1646 1526 805 1525 806 1604 721 1455
1676 1528 1647 1527 835 1572 807 858 913 859
767 1644 453 719 727 1703 1677 1557 634 720
760 700 796 1648 1578 1383 863 1635 916 1322
1577 1651 1533 1652 1532 794 793 703 1637 704
1678 1535 1653 1534 838 1576 813 1606 1420 1501
453 634 1644 1677 727 672 1699 1557 1374 54
771 1650 728 1649 729 1608 814 1607 1531 815
1656 713 1655 1543 490 1431 452 1368 491 1432
1679 1541 1658 1540 840 1579 818 1610 777 1427
1336 1628 1335 1684 1624 1561 1611 1511 1304 1537
1582 1663 1548 1664 966 1547 773 885 822 731
1550 1493 1549 1665 1327 1581 1433 1613 1293 1436
1680 1634 1660 1690 1146 1566 1614 431 1332 1517
1662 779 1661 744 1616 1479 1421 854 1574 852
1681 1556 1622 1555 843 1584 844 1618 907 1443
