419 5 7 648 46 59 702 633 469 225
117 610 657 208 496 207 353 467 502 538
443 650 683 692 494 638 661 152 753 585
638 692 622 152 252 585 683 327 677 2
604 299 153 245 767 390 536 65 70 573
0 402 702 46 196 633 213 18 40 59
123 627 36 656 447 28 278 345 611 379
0 419 648 436 59 297 469 5 372 633
677 774 248 563 661 116 78 683 252 112
747 660 462 361 289 20 273 135 417 366
454 15 456 735 518 301 295 738 640 363
191 378 745 688 160 761 268 716 142 377
476 769 274 488 202 682 17 646 61 188
187 386 581 654 515 180 166 780 47 719
319 58 221 392 260 223 233 705 312 444
301 456 518 10 454 363 640 67 479 295
481 132 457 490 369 25 383 551 279 450
119 375 476 646 669 202 12 782 635 488
174 469 402 575 335 224 633 531 217 5
501 25 30 159 94 162 259 551 641 558
121 366 554 747 385 9 387 664 361 660
780 784 423 452 685 654 187 386 612 104
154 582 272 701 729 420 672 590 329 96
772 151 625 546 80 24 43 205 398 700
215 772 732 80 23 632 398 156 307 39
551 490 19 457 16 162 501 259 668 383
77 193 223 73 100 144 473 797 444 705
295 598 788 128 454 93 301 724 640 789
345 656 359 611 6 379 123 715 282 627
206 340 564 489 62 42 783 262 509 371
641 501 159 19 426 94 558 352 358 540
219 218 114 177 714 137 499 577 711 98
534 728 40 335 507 594 196 758 402 103
164 664 387 414 722 121 751 231 296 786
655 107 256 271 699 86 321 576 376 480
717 783 143 520 340 75 591 418 748 62
517 627 417 6 123 361 278 447 620 84
467 437 341 496 634 133 589 621 208 653
307 243 670 400 632 362 156 732 396 215
161 464 332 80 215 750 156 49 24 546
492 196 758 32 402 213 584 5 251 46
579 560 693 631 229 367 315 382 115 360
524 564 364 495 206 29 371 337 399 685
165 357 183 151 171 23 546 205 336 666
320 566 110 674 210 195 145 639 630 270
508 350 497 83 569 339 471 216 759 333
5 225 213 492 0 419 158 652 547 702
515 600 654 259 166 698 383 541 180 13
760 487 120 426 94 641 606 358 562 763
63 608 415 464 332 314 201 39 696 559
425 433 129 284 442 474 775 409 382 725
237 557 390 167 536 573 90 304 172 153
590 323 762 617 623 154 615 636 184 420
500 778 768 376 373 406 576 113 321 699
428 576 406 779 118 228 559 86 768 553
528 230 739 209 538 117 653 467 592 99
348 343 642 458 681 531 334 575 723 446
561 776 250 706 351 211 257 381 124 71
444 14 233 319 223 346 200 144 26 392
633 297 372 702 224 667 0 158 5 648
64 580 567 624 566 122 210 430 308 270
630 568 483 274 488 12 626 674 188 709
520 509 340 651 249 418 489 29 143 35
49 608 332 696 464 621 634 415 750 559
60 624 567 430 308 580 220 370 122 404
153 245 514 675 643 605 172 536 102 4
609 736 122 281 673 528 99 74 592 404
326 583 518 456 363 738 186 777 15 317
553 539 86 257 779 589 355 351 687 655
715 189 170 678 85 263 611 707 669 691
214 604 505 767 88 388 637 192 545 440
381 271 264 561 599 256 655 512 57 124
734 290 131 746 267 270 434 639 110 526
705 77 223 26 710 392 399 466 193 784
281 99 188 682 736 66 460 528 538 568
525 280 783 169 35 717 606 120 524 564
395 362 675 629 400 459 398 102 732 338
26 73 399 473 193 92 223 710 364 705
532 328 112 435 248 774 461 8 594 103
134 181 544 470 519 241 97 438 504 486
546 24 39 215 23 464 772 171 314 161
704 687 354 480 796 86 277 257 68 107
303 155 521 440 157 446 389 236 269 642
497 137 45 508 333 569 219 339 114 711
517 347 361 204 289 306 135 620 36 316
263 678 197 69 359 282 785 309 453 353
779 68 655 576 553 34 257 480 704 81
169 350 748 508 511 717 45 120 737 313
388 192 587 604 227 70 299 505 637 449
595 127 405 288 752 323 703 786 762 485
182 167 712 172 588 557 643 536 397 51
471 763 759 261 339 352 216 540 242 45
371 399 403 473 77 262 364 206 193 549
788 724 645 665 128 598 27 130 212 327
501 641 358 259 30 19 426 48 760 487
203 425 144 233 346 100 775 474 200 725
701 339 216 729 139 540 272 497 614 471
743 181 163 317 578 79 111 519 310 413
714 798 374 394 137 795 384 118 31 742
74 538 528 281 739 66 460 673 55 682
203 144 474 797 95 200 193 725 26 596
331 794 550 393 628 647 668 162 618 551
395 459 605 493 675 730 535 76 514 65
534 389 594 461 468 728 112 532 435 32
187 235 781 21 780 386 13 581 612 685
294 311 607 185 740 603 246 424 485 427
765 411 175 150 676 516 330 432 138 782
480 376 34 271 699 655 704 256 354 321
147 136 549 659 448 451 572 431 403 792
754 318 618 614 550 791 159 794 686 139
145 270 44 131 566 734 639 195 320 567
163 578 407 312 141 392 317 97 221 310
594 774 116 78 103 435 248 328 507 532
658 406 742 394 455 373 778 321 118 177
499 711 672 31 333 137 177 714 219 329
792 579 659 315 226 258 179 451 631 572
507 594 661 774 112 251 494 8 753 563
1 739 538 657 55 207 610 502 230 496
394 228 406 54 374 113 428 98 576 500
17 635 375 516 175 782 150 669 646 691
169 759 48 280 242 350 763 487 240 606
385 387 20 664 554 751 512 747 33 9
404 580 308 66 736 60 210 609 281 592
278 6 627 36 379 656 417 28 776 517
599 561 776 366 554 250 278 57 379 71
652 179 482 744 146 475 662 547 315 258
626 663 680 483 709 630 522 694 552 61
485 89 405 323 703 288 615 595 786 607
292 788 598 724 789 27 130 472 93 409
472 433 409 50 292 789 382 442 479 284
292 724 367 409 176 560 665 128 382 788
72 270 734 290 110 746 145 639 267 567
441 16 457 279 491 450 481 713 647 286
785 496 707 37 353 309 263 208 657 589
79 486 544 470 504 719 241 401 498 698
462 306 347 289 361 9 84 517 417 273
482 108 448 659 258 475 315 549 179 547
83 714 711 798 114 219 98 31 508 333
330 238 765 782 275 175 375 150 106 646
614 463 754 272 96 729 216 540 558 109
449 349 587 222 227 573 302 299 88 601
144 346 775 312 111 407 392 322 223 95
771 523 597 378 745 11 761 410 243 268
336 418 591 520 35 717 232 666 357 249
141 346 223 95 100 775 233 425 26 203
110 639 552 195 320 44 131 734 566 270
652 547 584 125 492 744 213 662 482 758
451 108 797 193 659 473 733 136 549 431
773 613 286 548 422 287 527 543 593 279
324 735 787 365 738 583 529 518 391 556
175 330 516 765 106 119 676 411 635 782
205 23 625 43 165 239 772 700 546 232
585 622 638 650 3 692 749 342 2 212
65 536 245 4 390 172 299 767 514 643
420 22 329 590 582 636 52 672 757 729
82 269 303 446 348 214 440 718 521 642
632 215 161 254 397 745 243 670 38 24
344 440 429 236 82 799 586 521 303 545
448 530 547 297 213 225 46 59 419 549
318 558 30 19 162 614 109 551 501 540
688 716 268 378 220 11 370 191 690 377
39 156 254 215 750 445 332 80 632 745
794 551 668 318 159 19 25 101 109 647
407 111 578 317 97 743 312 181 221 141
722 33 296 786 414 703 246 664 595 751
232 43 357 336 205 151 418 285 183 666
298 760 780 654 47 180 13 581 515 606
90 557 51 172 712 536 690 182 588 643
276 686 463 791 617 754 684 184 272 793
87 280 120 75 350 759 748 717 525 240
189 69 764 533 678 707 669 502 202 715
546 293 314 183 43 506 80 201 795 464
643 536 167 90 182 65 675 153 588 51
793 550 393 618 791 686 684 628 276 101
18 531 335 224 633 402 702 196 728 575
150 516 782 765 119 106 330 411 375 138
665 342 212 229 130 749 560 367 724 650
499 373 742 455 31 218 114 714 394 113
190 436 570 217 619 571 469 537 648 542
125 482 258 315 475 631 744 115 136 659
581 166 13 760 358 562 47 515 487 298
79 519 97 413 470 241 743 544 310 578
90 643 588 362 172 675 632 732 397 536
506 357 43 171 666 293 546 165 795 384
465 276 477 617 762 684 623 168 590 793
424 427 105 740 607 615 757 294 636 658
743 556 583 438 67 317 519 97 391 324
104 13 386 581 21 780 781 654 612 235
74 281 568 210 682 736 674 274 61 769
69 170 707 263 764 678 669 611 715 85
570 571 178 266 741 542 217 619 198 681
712 11 377 716 745 397 378 160 690 688
227 388 88 505 299 604 587 70 449 767
26 473 797 77 147 100 223 451 721 92
331 450 491 647 628 713 668 101 457 132
639 709 552 320 145 44 110 734 663 630
402 702 40 213 5 174 758 32 335 492
453 359 770 731 484 85 282 706 785 263
285 239 542 644 649 205 619 537 723 190
756 207 755 209 368 653 244 739 610 673
721 444 203 233 100 596 95 797 725 58
795 293 415 374 228 314 506 171 49 118
476 769 17 12 669 533 170 682 375 764
725 95 200 596 100 474 425 233 797 144
347 316 84 306 620 726 517 432 265 135
151 239 165 285 625 232 198 43 23 649
371 29 42 262 364 564 489 399 92 340
756 199 610 739 117 1 653 209 55 467
689 1 309 353 657 610 133 602 496 37
592 653 244 55 679 756 528 673 368 739
736 674 566 580 122 44 188 60 281 568
250 381 796 57 561 257 351 770 706 277
665 585 749 176 327 645 342 152 622 650
492 547 196 46 146 40 158 702 652 758
70 718 767 303 412 269 604 155 440 505
156 24 632 161 80 39 732 38 254 397
339 96 540 352 497 471 91 139 45 729
681 469 575 570 343 619 18 178 224 436
31 177 373 500 394 714 98 118 742 499
577 31 569 137 114 83 333 508 714 798
430 688 555 268 160 370 308 64 404 679
319 312 421 578 392 111 310 14 260 705
601 302 349 140 565 449 356 573 237 587
26 144 392 73 705 141 233 58 346 319
633 667 174 469 702 59 18 619 648 217
247 46 419 158 475 547 448 652 325 0
596 451 693 579 115 792 725 360 659 797
192 449 587 88 299 140 388 573 604 349
118 374 201 428 415 54 795 394 608 406
342 560 176 513 41 631 650 367 130 212
460 502 496 764 55 538 657 707 117 533
387 664 747 660 273 722 33 121 9 20
418 165 249 336 285 205 143 357 520 644
444 346 95 58 144 200 223 319 100 203
305 612 260 235 421 423 466 413 310 241
234 612 104 423 187 784 21 305 260 466
799 157 344 545 586 440 521 303 82 429
51 573 356 390 349 304 302 557 449 536
138 694 275 782 646 522 375 680 330 765
205 625 649 198 700 151 285 542 571 790
313 242 261 255 120 350 763 759 169 487
305 470 310 413 401 423 79 452 134 181
240 487 763 261 255 120 759 91 562 48
523 38 771 670 156 142 632 397 745 307
761 209 439 653 679 445 755 592 410 368
65 153 514 4 605 767 412 536 643 718
607 703 414 485 311 105 786 751 603 164
225 325 419 448 475 158 572 530 258 136
328 774 8 563 78 112 435 677 661 116
418 285 651 232 644 62 520 509 198 143
211 57 776 561 379 706 731 124 351 381
507 753 584 494 758 116 662 40 443 32
677 563 692 683 3 661 638 8 2 774
740 424 778 321 699 658 294 455 113 185
445 745 761 156 161 750 523 397 11 142
240 242 671 562 120 487 313 280 261 169
264 616 34 271 603 300 655 71 512 699
655 351 57 796 381 211 68 704 86 561
475 572 179 325 136 482 115 792 659 315
501 94 600 358 47 490 19 25 383 760
421 234 466 221 14 705 310 235 392 319
240 91 313 242 471 763 759 350 45 569
489 371 206 503 766 403 92 29 509 399
282 707 85 785 189 678 69 611 484 359
256 512 71 599 300 385 271 616 655 561
676 432 316 720 726 620 411 204 447 627
741 570 458 723 535 681 542 190 649 571
526 746 72 290 434 291 734 131 270 565
555 688 160 410 220 378 11 679 597 716
155 718 334 708 348 303 412 446 214 730
131 567 110 290 746 734 72 566 434 60
71 107 256 655 34 381 264 616 699 704
463 729 22 139 96 701 590 168 614 617
289 660 462 747 9 231 306 387 135 361
568 61 12 488 682 483 188 476 630 769
375 238 138 646 782 330 522 476 694 488
168 184 793 684 791 686 617 477 463 754
574 770 687 796 351 211 539 453 257 602
123 776 656 366 36 6 379 417 124 706
481 132 286 422 441 773 543 16 457 369
75 169 525 120 606 48 255 760 87 337
74 528 188 99 66 736 122 460 210 592
263 359 484 611 85 656 197 706 785 28
642 468 531 335 728 446 575 56 534 174
382 360 474 725 50 693 409 129 367 425
644 249 198 232 205 239 418 651 165 537
773 148 422 441 279 543 548 132 481 593
613 548 527 422 148 787 391 773 529 543
752 405 89 323 127 623 762 465 595 615
273 462 361 9 306 84 135 747 660 517
72 746 131 434 270 267 734 291 567 526
434 526 408 601 267 565 290 478 695 746
409 789 128 130 129 472 724 598 367 382
795 201 506 171 314 183 415 374 384 546
105 740 311 603 424 253 616 185 607 699
301 27 454 598 10 640 15 479 128 789
722 164 595 703 786 414 33 405 246 89
59 372 530 503 158 766 702 633 419 7
337 166 606 780 760 581 685 781 180 525
604 4 587 227 192 573 449 390 88 153
512 751 603 385 616 264 256 311 121 599
295 15 454 479 640 10 363 598 456 789
601 222 356 573 349 449 237 565 140 304
82 155 440 545 269 214 521 236 718 446
408 695 356 557 510 237 51 690 478 565
401 612 413 241 234 470 423 310 452 421
135 347 462 289 84 204 273 517 361 9
396 38 400 629 732 670 243 24 632 398
404 580 122 64 609 430 220 555 60 66
353 453 689 602 208 785 133 85 678 657
413 466 241 421 578 97 392 305 423 221
294 105 603 246 607 300 751 616 414 740
319 221 111 346 141 578 392 407 163 144
240 261 577 350 569 242 255 508 45 87
171 464 415 293 201 546 49 80 795 39
659 631 179 482 115 744 579 136 41 258
347 204 620 265 517 726 84 432 627 306
163 407 326 111 97 743 186 322 67 777
159 109 558 162 614 754 794 618 19 139
312 221 14 392 346 58 233 223 141 421
44 674 630 552 195 145 709 566 568 663
253 699 778 740 658 576 113 34 406 376
442 777 775 407 326 141 433 425 317 50
52 762 615 127 288 623 752 636 89 485
149 738 365 583 787 391 735 556 529 186
572 247 258 475 136 225 448 431 108 792
777 317 363 67 322 442 407 456 186 163
585 622 749 645 212 665 152 3 176 93
248 78 435 532 112 727 774 8 461 429
672 711 757 420 582 154 499 742 22 427
138 150 765 782 275 175 375 106 119 238
628 194 647 101 393 668 794 491 450 550
464 63 39 49 750 161 621 608 415 314
569 497 83 701 339 114 45 672 137 582
348 458 730 708 269 56 446 723 155 642
728 174 402 283 18 531 32 534 196 468
143 357 232 418 165 591 666 43 520 249
298 524 495 685 606 525 780 166 42 760
395 629 790 535 741 700 493 396 649 76
96 471 497 216 333 701 91 45 540 569
29 783 62 520 564 35 509 489 206 143
621 467 634 37 653 439 437 750 496 696
229 176 650 749 212 152 513 560 665 585
619 681 56 542 575 217 531 723 570 458
799 157 586 236 429 727 440 545 637 461
697 28 715 691 611 6 447 627 720 635
233 141 144 312 95 319 775 223 392 425
316 204 306 84 517 135 620 289 462 361
56 334 446 642 155 269 708 458 730 723
140 222 573 356 237 302 449 587 565 601
45 87 508 759 261 169 120 313 240 91
257 706 57 484 770 211 539 731 250 277
641 540 558 216 759 91 471 763 30 426
657 678 309 707 133 208 502 85 785 1
480 81 768 376 704 86 107 576 779 687
696 589 553 437 559 634 68 539 779 608
237 408 565 304 349 302 601 222 573 51
666 336 43 183 165 591 232 506 143 737
94 501 259 426 180 487 48 600 760 30
282 731 197 28 85 656 484 379 611 706
693 474 725 284 382 451 226 596 797 579
417 9 289 84 36 517 135 366 20 462
588 400 76 182 675 670 732 632 643 172
640 326 456 777 479 67 15 472 454 301
399 42 371 206 495 710 92 524 77 564
529 324 583 556 149 391 787 738 735 186
554 20 278 417 124 361 385 599 9 776
560 382 409 130 41 284 176 292 693 229
755 410 673 555 679 609 592 756 209 199
481 498 383 541 593 16 486 490 773 279
624 695 430 220 510 716 160 478 64 690
206 92 262 399 364 403 42 489 29 473
59 297 766 667 416 503 633 224 537 702
177 53 500 113 778 455 218 394 406 742
795 228 98 201 118 394 293 798 415 384
646 275 17 782 119 476 330 175 138 150
107 53 699 480 768 778 576 34 354 321
191 397 712 378 771 588 745 690 670 11
11 160 771 377 268 142 191 745 688 716
656 250 731 776 706 123 278 28 359 6
438 504 613 544 519 391 556 593 773 529
561 71 211 796 257 655 271 57 704 250
284 367 360 409 693 560 129 474 50 41
541 369 498 600 490 481 47 16 698 259
737 798 506 511 795 666 98 293 374 183
121 512 554 20 300 751 599 264 366 664
187 13 452 719 612 654 401 515 21 698
121 664 33 660 231 747 20 9 273 751
88 192 505 637 70 227 604 545 587 299
461 521 468 103 82 429 534 642 728 283
573 51 237 536 4 153 299 349 449 587
529 556 787 324 438 365 613 380 527 287
705 221 223 111 319 312 141 310 466 578
628 550 173 101 331 618 794 194 793 791
118 113 742 406 714 98 373 177 374 218
76 102 338 629 459 535 493 398 700 675
629 307 400 338 398 790 38 76 732 395
745 191 632 377 156 712 588 670 771 90
732 459 700 772 629 76 395 625 24 493
364 92 371 77 473 710 73 206 42 403
362 76 307 38 670 629 732 396 632 588
305 470 719 612 452 241 386 134 423 413
196 5 335 18 174 702 40 633 32 728
92 549 473 503 530 262 371 108 399 147
679 308 122 609 592 430 555 220 66 688
786 127 89 288 595 485 703 607 323 615
113 118 54 576 394 53 321 373 778 500
163 317 111 322 141 312 326 578 775 777
304 356 565 291 695 478 434 601 526 302
292 129 367 789 382 130 284 50 472 724
268 555 368 597 755 679 244 688 142 378
516 106 676 720 432 175 726 150 265 697
718 514 708 605 269 245 214 767 730 334
310 305 241 181 421 470 578 234 97 401
751 246 33 664 164 703 722 311 296 786
49 201 314 608 228 464 293 63 428 795
766 667 537 372 651 509 644 59 489 224
361 36 517 366 278 123 135 9 627 84
249 232 520 143 336 62 285 165 651 35
0 7 225 46 247 158 5 648 59 297
154 636 329 427 672 22 757 582 615 52
221 260 310 413 234 578 466 392 305 319
548 543 286 279 148 287 773 613 441 481
784 21 452 466 241 612 305 234 310 401
427 740 253 185 294 658 757 105 455 321
775 50 95 474 442 203 322 144 284 725
641 763 487 30 358 94 48 501 352 242
424 185 757 636 420 658 329 615 455 740
54 559 779 228 608 553 118 576 415 406
727 799 157 344 461 435 236 389 532 521
220 624 64 404 308 688 370 60 122 555
572 792 733 325 147 108 258 451 115 659
265 726 411 676 720 316 204 106 620 516
479 442 129 50 472 777 789 322 425 409
291 290 478 746 267 526 408 270 567 72
727 328 532 429 78 461 112 103 248 799
648 178 469 7 667 217 224 619 537 0
589 634 37 355 696 341 133 621 467 539
380 519 556 186 391 504 79 544 743 181
445 653 244 750 761 621 341 467 209 254
303 157 82 545 586 236 637 155 214 70
132 713 543 286 491 279 450 422 16 457
322 775 433 777 50 425 129 326 472 479
753 2 650 494 662 513 744 251 683 342
233 58 200 721 100 95 203 223 144 26
254 439 761 750 244 161 745 621 653 156
642 348 155 521 269 283 334 82 56 303
627 620 726 720 6 345 36 697 517 123
158 136 547 549 530 482 108 225 475 247
573 140 227 587 299 349 302 222 192 390
713 194 491 457 132 668 647 441 279 331
147 797 659 226 360 596 792 115 108 579
423 21 401 654 386 719 698 241 612 134
602 197 309 770 574 85 785 484 689 277
640 301 10 295 15 456 363 27 479 472
658 499 742 113 177 778 757 373 253 424
738 518 15 363 10 67 454 640 735 583
16 132 450 668 25 551 481 647 491 279
334 681 723 266 730 56 535 348 343 570
605 102 398 675 76 395 493 643 700 732
230 764 533 538 769 502 682 99 281 74
532 389 429 521 103 799 435 727 78 468
135 289 273 9 306 660 361 747 84 347
272 168 139 754 590 729 791 276 617 614
49 332 39 314 415 63 80 546 608 161
184 477 762 752 623 617 684 276 288 323
705 310 423 784 421 234 392 241 260 710
341 37 653 496 55 610 439 209 1 621
728 283 389 642 534 103 531 521 335 446
648 18 217 224 633 436 0 575 5 174
401 79 134 241 544 181 305 413 486 719
91 339 763 759 261 216 352 540 45 497
479 129 789 640 292 433 363 128 442 409
193 92 77 403 147 399 26 797 108 549
725 360 284 100 425 203 50 95 775 382
258 482 179 125 652 325 547 136 225 448
202 488 12 17 646 375 274 275 769 522
465 623 184 617 684 276 762 168 752 686
624 434 567 695 370 408 746 291 270 510
472 433 789 640 301 363 777 129 442 598
107 704 354 376 81 86 34 655 271 768
369 279 16 383 132 457 498 490 773 593
136 179 125 547 475 744 315 448 146 258
61 626 630 522 488 126 274 680 568 663
282 351 706 197 785 731 770 359 539 263
607 127 703 246 615 405 105 786 185 323
134 498 593 544 504 719 541 698 470 369
562 242 426 48 763 358 760 120 180 641
522 476 274 12 646 483 61 275 694 375
509 262 766 29 206 62 503 371 340 416
25 600 16 383 259 501 551 369 19 541
713 450 647 132 194 441 331 457 668 16
213 40 652 584 146 46 758 547 196 5
102 535 700 649 459 730 395 605 708 723
753 251 443 2 683 662 661 116 507 584
685 524 42 337 364 710 780 784 564 298
133 230 37 467 657 1 707 55 117 353
45 83 339 333 216 701 96 729 569 582
369 486 541 593 383 504 698 134 481 719
177 114 742 455 711 672 329 757 714 31
53 768 373 406 218 376 778 118 576 394
94 358 259 19 30 490 600 25 426 641
538 657 230 533 764 460 117 170 353 678
297 530 262 766 372 403 549 489 59 158
593 544 486 380 498 134 438 79 773 519
388 545 192 637 70 88 604 767 214 586
293 183 795 384 666 171 737 201 357 374
116 251 594 32 758 494 112 534 753 584
45 83 350 511 87 569 137 497 798 577
489 651 62 766 416 29 340 262 249 520
690 695 716 557 304 370 712 160 478 191
798 737 384 508 748 87 83 137 350 45
599 300 264 385 554 616 71 121 256 751
631 744 229 443 662 342 650 315 125 179
412 605 245 65 718 767 102 153 708 675
47 698 654 600 541 13 719 386 166 180
175 411 119 150 635 697 720 106 676 691
84 36 620 627 347 417 361 135 316 447
456 738 15 735 67 583 10 149 324 363
438 79 181 743 544 380 97 556 186 470
418 62 143 340 35 249 783 336 232 651
82 389 461 446 236 303 157 468 155 799
488 483 694 680 275 626 646 126 238 476
243 142 771 745 254 597 156 38 378 670
42 564 495 337 525 783 685 364 606 298
75 280 606 524 337 783 564 298 169 120
267 291 565 434 601 408 746 290 72 356
613 287 529 787 391 148 548 380 365 422
281 592 55 99 66 673 209 739 74 122
365 391 527 787 556 613 324 380 149 287
549 297 158 503 448 403 59 547 372 108
283 174 575 642 335 56 343 18 728 468
78 461 435 727 328 799 103 429 112 389
764 769 682 502 170 460 202 538 230 189
32 103 728 594 468 335 283 389 507 461
741 338 493 730 266 395 102 649 723 458
153 172 643 51 390 65 245 167 4 90
644 667 416 619 651 198 224 542 372 285
502 99 117 460 230 739 55 657 533 528
68 589 351 484 574 785 602 553 355 277
352 216 614 558 96 471 139 91 339 30
383 369 698 498 515 600 719 486 47 490
723 619 343 198 570 649 266 681 190 458
422 441 548 286 713 279 148 132 773 287
79 504 134 486 470 519 380 593 438 181
505 440 303 586 236 637 70 157 214 82
171 80 23 314 43 464 183 24 293 151
448 652 146 482 158 213 475 492 125 46
422 287 148 543 286 613 527 773 279 441
530 108 448 403 136 158 503 147 473 297
173 393 618 101 109 686 791 794 628 793
25 162 668 647 457 19 16 490 159 794
663 320 195 709 145 630 639 44 126 110
68 779 559 355 86 589 428 539 696 54
599 366 20 385 121 512 124 9 264 417
268 679 220 410 404 368 609 688 308 430
391 186 438 365 583 529 324 519 380 743
51 167 510 690 304 712 90 695 237 716
318 159 352 540 614 30 641 19 139 216
428 553 355 779 608 696 54 63 68 86
367 229 41 382 176 130 342 693 631 579
381 57 250 71 124 211 599 776 264 257
671 487 581 180 760 48 242 606 255 781
252 677 661 774 8 683 248 692 116 2
42 524 29 783 340 206 525 495 75 364
601 356 408 526 222 291 302 349 304 237
44 110 210 580 60 674 320 270 736 145
64 624 270 60 478 434 566 430 580 290
61 274 674 630 188 483 320 210 682 736
333 219 83 45 577 508 497 339 261 313
190 266 681 217 542 178 343 619 741 458
190 741 790 266 570 649 338 178 239 198
258 325 431 792 136 115 659 475 108 179
449 237 390 349 302 299 587 140 51 356
602 277 453 770 687 539 689 197 68 351
681 531 217 343 18 56 283 174 469 335
54 406 779 86 321 376 34 768 53 428
219 569 313 508 31 83 137 511 45 261
163 111 221 312 310 97 421 413 392 407
41 115 693 226 315 659 631 451 360 792
60 122 308 736 566 210 64 66 404 567
781 180 13 562 166 671 187 298 760 780
672 22 701 729 329 711 154 497 420 333
738 365 324 67 186 556 518 149 735 456
251 492 758 146 662 753 40 652 213 494
622 327 152 212 749 692 3 650 645 638
637 344 545 157 236 440 799 505 429 303
227 140 88 449 299 349 573 604 192 390
362 670 182 90 397 377 172 632 400 712
437 355 539 68 553 37 696 133 785 634
52 617 154 22 463 272 623 168 184 729
717 666 143 748 336 737 357 35 418 520
209 679 528 404 673 609 368 66 122 55
504 773 486 498 369 544 380 481 541 134
112 116 507 103 534 32 774 78 728 251
89 296 405 786 703 127 485 164 288 722
725 226 203 797 200 451 721 360 100 733
142 410 755 761 268 244 523 378 368 11
128 789 27 724 295 788 292 93 301 479
512 554 264 124 71 561 385 366 300 776
47 490 259 515 541 383 501 358 698 369
302 222 565 356 291 408 526 349 304 140
689 453 574 309 539 208 277 770 197 785
616 300 294 311 105 256 740 751 512 246
70 4 299 88 767 192 587 214 505 388
514 459 102 412 65 245 675 493 643 708
298 760 280 525 337 48 562 671 120 166
485 246 105 311 185 294 703 786 615 405
49 63 415 559 428 696 228 332 464 355
66 673 404 592 308 555 368 122 679 528
1 207 117 208 467 199 657 496 37 756
715 282 28 691 345 263 69 359 656 189
305 401 234 386 423 235 452 241 187 21
527 287 148 773 380 391 529 422 548 593
139 540 109 754 558 318 159 96 463 272
636 323 485 127 52 185 607 427 420 288
603 256 300 512 294 264 271 311 699 34
590 623 477 184 168 52 276 762 463 465
791 550 109 173 794 754 393 793 318 101
343 542 537 217 667 570 224 644 681 198
627 726 517 447 316 265 720 36 84 347
341 634 750 439 63 696 332 445 437 37
585 152 327 749 3 638 212 692 645 650
477 617 762 465 288 752 52 184 323 590
64 430 567 478 60 370 220 308 270 695
700 151 772 239 23 205 398 649 790 493
126 483 709 680 694 630 663 522 61 488
620 36 6 447 123 517 345 417 28 726
393 331 794 101 194 668 647 618 550 173
396 395 338 76 400 398 307 700 790 732
61 483 568 320 663 709 674 626 552 126
315 513 41 744 179 229 579 115 125 659
156 215 397 732 670 182 38 588 24 362
224 702 59 174 667 469 18 5 402 648
696 437 621 341 37 355 63 589 467 750
697 119 691 516 669 150 17 715 375 175
420 615 427 154 52 185 323 757 329 424
586 505 388 545 440 70 88 344 192 157
3 152 683 692 2 252 622 650 677 585
195 734 145 110 131 552 44 72 320 709
454 363 479 472 301 456 15 789 295 128
30 352 94 426 558 48 763 759 19 501
446 283 348 56 468 531 155 389 521 575
172 675 182 65 536 459 605 90 245 153
285 537 198 651 249 619 416 542 232 667
327 93 665 212 788 749 724 585 622 176
375 476 17 488 782 275 12 694 522 119
331 491 668 194 551 101 450 457 132 628
469 7 436 0 633 224 59 5 667 419
723 239 700 493 741 535 542 266 198 338
2 342 443 152 585 692 513 212 638 229
509 249 416 644 62 537 766 285 418 489
125 146 492 547 475 584 482 213 46 225
209 467 439 244 341 55 207 199 756 592
698 47 166 452 515 13 780 386 21 719
34 257 271 381 86 256 71 704 107 264
379 28 6 706 278 776 123 282 359 611
353 1 502 117 496 230 538 208 678 707
113 455 253 757 321 740 424 778 742 185
315 115 451 136 108 792 579 147 258 482
273 9 747 387 462 231 289 121 20 664
563 683 774 116 677 8 2 252 692 494
753 584 744 443 146 125 494 513 251 652
126 552 709 630 626 483 320 195 680 61
387 33 121 231 751 414 747 20 722 385
212 176 724 749 645 93 130 788 327 342
357 591 737 183 336 506 748 384 143 43
416 224 537 372 633 59 619 436 766 648
794 162 551 647 457 628 450 194 331 101
691 17 202 635 189 119 170 715 69 769
38 588 362 400 243 632 397 771 377 156
562 781 581 255 606 487 298 760 180 242
329 582 711 114 420 499 22 701 154 333
609 592 368 756 66 739 528 209 99 404
210 568 320 736 44 566 630 188 61 580
643 76 65 459 362 172 102 605 182 395
720 265 411 432 150 106 516 697 726 175
252 563 8 683 661 774 692 638 248 3
353 85 707 69 170 263 189 309 657 502
404 555 592 688 368 410 209 244 268 609
126 694 522 626 483 238 663 488 709 275
575 343 458 217 570 56 266 723 542 619
769 533 74 274 188 12 460 202 764 568
692 677 661 2 638 252 494 563 3 152
793 686 276 477 168 184 791 173 465 617
495 780 21 337 784 298 710 524 166 423
684 168 793 791 276 173 550 618 109 754
81 277 796 704 574 68 257 354 86 480
160 268 220 11 716 679 430 555 378 404
602 208 309 453 574 133 353 589 785 1
510 716 712 557 695 191 167 160 377 370
715 635 669 697 345 611 119 516 69 189
683 638 3 2 252 152 585 661 650 563
360 579 41 226 284 382 725 451 367 596
680 238 522 626 646 483 275 488 126 782
510 304 370 690 478 408 557 716 291 434
634 355 437 63 559 608 621 589 553 341
720 635 345 691 516 447 715 676 411 119
654 719 515 541 47 498 452 134 383 486
321 253 107 376 778 34 616 740 271 256
625 398 649 493 338 239 772 395 459 535
96 729 582 333 339 497 22 672 272 216
633 59 196 5 402 224 174 213 0 46
246 485 786 595 296 127 414 405 607 164
480 81 796 381 655 107 257 687 354 271
392 73 466 223 710 310 221 784 260 14
776 731 57 351 484 656 250 379 282 359
189 263 678 133 764 785 353 170 230 69
412 730 334 269 348 493 718 605 514 458
626 663 195 630 552 126 320 483 61 639
784 73 364 705 495 685 399 466 77 423
329 672 114 499 714 582 137 742 757 333
191 90 690 377 557 397 716 167 510 588
491 450 441 543 132 194 279 457 647 286
137 98 711 742 394 31 114 798 177 499
69 611 691 345 28 189 697 669 635 263
160 510 191 690 688 712 11 370 378 220
748 35 591 143 75 87 169 783 737 666
412 214 269 767 514 708 303 155 245 70
698 401 386 452 515 486 134 541 654 470
697 676 726 447 411 265 516 620 432 345
200 733 596 444 797 203 100 193 147 226
296 164 33 414 231 664 786 703 387 595
542 649 458 266 56 343 730 681 535 493
93 788 128 130 665 292 598 409 789 645
596 203 474 360 284 693 226 100 425 95
620 720 447 432 265 411 316 204 676 627
429 435 799 532 344 461 328 157 78 236
335 534 468 32 283 174 531 103 196 402
701 272 96 582 22 139 497 216 463 339
708 334 458 535 493 102 723 412 269 266
359 706 197 379 770 250 484 656 351 282
398 632 24 400 362 772 76 182 459 215
431 721 792 596 147 226 797 451 200 572
72 639 131 110 746 270 145 290 195 44
149 738 518 10 324 456 583 365 15 787
210 66 580 122 674 281 188 74 566 308
384 511 748 666 591 506 798 717 87 357
456 324 583 735 518 149 67 365 10 15
756 117 55 538 99 673 207 528 209 592
294 424 253 105 321 185 658 603 699 427
266 571 535 790 338 649 190 570 723 700
113 499 455 394 714 177 757 711 658 329
186 97 519 163 181 317 556 438 79 583
125 482 513 662 146 315 631 179 443 652
254 11 191 397 771 761 156 378 142 377
267 72 290 434 270 734 131 478 526 567
9 660 273 20 387 231 289 664 121 361
717 737 591 87 511 666 169 35 143 508
327 212 622 585 665 152 176 342 645 650
445 621 332 439 161 254 39 341 63 761
300 414 385 664 121 311 33 512 246 603
762 288 465 89 623 323 477 127 184 405
443 494 251 662 584 758 2 146 744 507
109 791 463 139 614 618 168 318 686 272
368 410 597 199 244 756 209 679 555 673
739 199 207 673 209 368 755 592 55 117
329 427 658 742 455 420 424 185 499 711
584 40 251 753 492 196 507 146 32 213
91 763 352 120 350 471 261 641 242 45
48 606 298 166 180 562 487 358 581 94
445 244 254 11 745 439 597 142 410 679
752 323 465 623 52 184 288 477 617 127
91 426 242 759 471 487 261 352 641 120
533 460 170 230 769 502 189 707 202 678
106 138 330 175 150 782 238 411 516 275
416 372 509 489 503 262 651 297 667 59
718 214 4 604 70 245 514 412 153 299
500 53 354 376 576 480 406 54 373 107
682 12 533 202 764 460 476 274 188 669
197 277 731 351 453 484 211 574 706 359
142 523 378 377 745 243 397 670 191 11
23 625 24 398 732 700 151 80 396 215
148 593 286 613 422 279 504 369 481 380
248 112 661 8 563 116 677 328 78 594
425 442 141 322 144 95 50 474 346 100
278 706 57 250 124 379 656 561 366 123
322 326 442 363 433 479 67 472 407 640
253 53 321 699 455 658 113 373 376 406
86 553 576 54 559 428 68 355 354 406
21 685 298 166 654 337 187 13 784 581
581 671 104 187 298 562 780 13 180 166
175 375 138 646 238 275 330 119 765 17
340 35 564 75 525 29 520 524 717 280
423 21 710 685 466 780 452 705 235 495
133 263 484 707 309 85 282 453 539 353
405 703 164 595 296 246 485 607 127 89
391 324 529 149 365 527 287 613 556 738
93 128 724 27 645 598 665 130 292 212
292 472 479 598 409 128 129 433 640 724
571 338 741 629 396 700 649 535 239 395
618 793 754 276 686 168 173 109 550 463
115 431 572 659 226 258 451 733 579 136
684 173 791 276 686 618 168 550 184 393
162 628 668 101 618 393 318 331 550 551
293 201 374 506 384 98 228 798 415 183
704 211 381 257 277 687 81 351 655 770
147 451 193 100 596 360 721 203 226 474
511 384 98 137 714 508 737 83 795 374
236 344 429 727 157 461 532 521 586 435
