261 491 289 27 106 292 143 196 302 229
183 368 332 456 152 478 470 474 40 244
127 479 451 159 307 403 20 104 166 482
299 367 282 44 53 105 141 496 41 56
459 369 276 374 252 239 414 11 91 380
222 487 385 135 481 267 470 145 74 454
396 302 347 336 106 472 79 268 261 409
104 172 12 29 303 47 492 127 158 403
185 408 417 23 314 156 262 502 400 245
308 366 215 418 257 344 363 165 96 58
97 117 114 17 148 248 378 283 170 201
459 91 154 376 279 213 239 4 253 339
303 7 104 127 403 47 29 172 20 354
182 475 191 54 194 184 489 352 243 325
21 322 84 221 484 121 51 218 471 69
380 369 187 17 283 239 170 374 399 117
238 212 115 341 349 357 264 116 457 310
170 15 10 187 117 283 378 380 369 169
425 224 334 304 217 151 145 37 206 122
316 324 80 284 228 421 295 466 288 361
109 451 250 354 127 166 2 86 303 481
14 84 83 476 121 424 322 393 226 221
318 138 371 23 102 271 32 502 199 81
502 185 8 22 138 156 408 371 271 400
186 67 237 201 223 333 111 97 114 107
41 157 311 367 455 402 56 3 158 53
176 92 372 411 447 356 280 296 147 434
491 49 292 0 261 466 483 306 361 495
141 66 68 469 44 407 229 410 496 56
104 315 158 7 337 492 172 12 403 53
198 45 501 241 128 360 63 452 272 93
119 54 136 71 61 489 482 297 101 164
138 264 328 318 163 349 270 116 22 212
471 444 160 226 101 175 218 164 322 155
82 392 155 218 444 258 160 200 490 254
306 228 331 227 49 399 440 80 389 483
193 323 245 234 365 189 375 48 417 397
425 334 312 122 429 59 493 132 291 151
402 437 157 272 209 492 172 256 311 41
43 113 120 360 452 178 477 256 216 345
476 332 244 183 83 118 393 135 1 249
158 25 157 53 492 367 3 311 315 402
494 342 209 89 435 437 47 432 477 443
39 345 216 113 452 259 360 93 233 120
66 367 56 141 3 28 299 410 496 455
30 63 311 128 241 501 402 455 272 198
257 344 387 418 96 412 9 225 215 366
303 172 494 432 7 209 354 12 42 251
363 417 262 365 156 245 193 165 36 8
466 306 27 228 483 35 292 491 361 316
169 359 123 162 170 416 378 187 355 401
221 64 235 484 423 14 164 61 322 242
168 436 291 397 335 189 381 95 57 348
247 282 158 315 3 41 367 299 281 105
489 182 31 13 119 184 475 101 94 325
181 208 386 124 203 505 405 353 300 463
129 455 66 44 410 367 25 409 3 28
207 335 397 436 150 52 381 234 149 348
308 85 180 366 467 81 9 464 190 383
149 429 291 132 95 37 436 364 52 312
379 503 285 499 428 333 70 237 76 103
235 423 119 136 164 31 101 489 482 51
327 277 330 130 350 340 313 355 274 286
45 419 128 129 455 30 311 409 501 446
242 51 221 423 370 111 223 428 235 465
498 297 281 269 71 232 497 307 231 337
44 410 56 28 68 141 129 367 409 455
465 201 220 111 24 110 223 114 174 248
229 410 28 336 66 469 106 409 56 44
484 322 218 460 82 94 235 101 490 34
167 76 407 379 285 469 143 496 60 289
297 482 31 307 136 65 479 498 119 497
253 405 173 448 230 188 279 91 252 208
85 246 265 258 317 383 346 305 190 444
487 341 115 249 175 135 338 86 118 267
95 429 442 493 349 328 132 381 199 77
285 70 167 143 107 237 379 266 60 407
132 458 426 328 163 149 95 343 75 312
390 301 197 445 450 406 340 275 420 326
396 472 446 293 268 6 347 419 99 336
228 227 19 394 324 35 430 449 440 316
271 383 308 363 371 58 9 156 85 102
34 490 460 218 305 69 444 377 392 325
424 244 476 40 21 84 98 183 393 121
21 424 14 465 221 83 220 111 476 51
73 58 383 190 180 81 265 317 246 346
109 135 249 166 481 74 250 226 175 20
210 488 88 464 205 153 179 467 180 309
488 309 294 467 87 210 179 308 202 58
204 42 494 435 468 432 342 251 273 406
500 280 382 147 214 473 284 373 92 219
253 11 279 459 252 154 72 4 213 188
296 147 176 26 280 411 507 219 90 447
133 345 452 198 501 233 278 43 441 30
184 460 489 325 101 69 377 182 119 235
75 429 381 149 442 59 291 132 52 426
257 412 179 165 366 344 46 9 308 418
148 114 10 117 186 201 413 24 248 107
474 244 255 174 424 183 83 220 313 368
300 268 485 293 124 431 134 79 353 396
356 438 480 171 195 411 219 203 192 448
164 119 94 489 325 235 33 61 471 482
318 371 22 317 190 200 383 81 467 85
499 105 281 269 415 496 379 503 282 299
7 29 12 403 337 127 315 303 172 2
103 496 299 282 3 379 499 141 281 53
229 289 261 6 302 336 0 68 469 167
186 266 237 76 148 285 413 24 196 97
140 259 146 404 422 233 216 321 131 345
86 250 20 481 166 451 354 135 249 159
220 201 174 248 362 67 114 255 465 98
465 223 67 242 221 64 24 333 84 428
236 430 394 414 125 449 188 434 373 276
39 178 43 462 216 120 422 286 259 445
97 248 201 10 110 378 148 24 362 117
341 16 74 457 212 487 267 310 357 161
200 264 318 392 254 32 310 238 16 357
10 283 148 97 17 413 389 380 15 114
338 393 161 40 332 476 135 74 487 470
101 31 164 61 482 489 54 136 71 235
39 477 178 443 113 256 342 462 450 43
155 393 476 21 218 14 175 322 338 226
334 364 37 291 425 429 59 168 18 493
50 378 359 362 274 355 170 248 169 416
300 55 353 386 99 181 134 505 485 208
373 447 434 236 112 449 176 280 372 500
361 495 504 288 292 295 466 316 211 290
2 451 12 20 104 403 7 303 479 159
501 63 419 30 446 45 278 198 93 133
410 455 56 409 63 419 66 336 367 44
350 286 330 404 62 422 401 277 340 327
351 439 146 441 384 142 233 134 108 133
59 77 429 312 149 493 95 458 37 75
93 441 278 233 345 431 501 439 131 198
300 439 142 505 431 384 441 124 99 463
86 249 5 481 74 487 118 109 222 40
497 61 31 297 423 71 119 482 164 370
346 194 263 461 352 180 464 153 243 246
32 22 502 328 23 318 199 343 349 271
153 395 388 205 225 412 387 366 263 180
108 321 404 146 401 144 416 259 351 422
28 44 299 496 66 3 407 105 367 469
505 384 439 134 463 131 351 300 181 441
289 167 76 196 266 70 0 491 469 229
339 321 351 213 384 140 146 162 154 416
267 217 385 391 260 304 151 18 329 454
131 108 351 140 233 259 441 144 439 321
92 280 90 507 296 382 219 176 411 26
413 97 186 117 10 266 107 114 177 24
59 95 132 207 436 426 77 381 429 291
314 319 381 57 207 234 245 408 375 397
493 457 329 312 217 425 145 18 267 334
478 368 327 1 456 340 183 313 474 420
464 139 180 388 263 137 205 87 366 225
339 11 213 376 91 279 459 144 162 239
121 34 218 392 254 160 393 175 338 33
365 271 417 48 199 8 363 23 262 81
402 41 25 38 492 311 158 272 437 455
41 315 29 53 492 247 157 25 337 7
451 166 479 226 2 471 482 33 86 127
175 258 357 444 341 33 155 392 34 265
486 310 338 118 487 270 470 267 453 74
416 169 50 339 321 359 376 144 401 154
458 328 270 32 77 264 493 75 212 427
101 119 471 235 61 482 423 33 484 51
96 262 257 344 308 9 179 363 366 400
159 86 451 226 109 249 20 175 135 2
70 469 407 76 143 289 229 379 285 496
348 52 364 291 189 335 397 436 122 59
50 162 187 376 170 239 359 416 339 123
187 17 378 50 169 15 123 10 239 369
192 100 298 438 480 195 203 356 386 473
7 47 492 209 303 29 494 38 12 104
230 434 236 372 188 72 448 253 195 112
255 110 220 98 362 424 474 201 248 244
249 160 341 226 74 33 166 155 121 393
26 447 280 92 373 147 125 372 90 434
483 196 413 266 389 331 491 306 148 117
113 120 462 450 443 445 39 286 216 43
210 96 309 308 165 88 366 412 294 87
464 263 58 153 137 388 366 346 461 85
55 208 505 463 405 124 386 203 142 279
13 54 475 489 184 325 191 94 101 352
1 332 244 368 40 474 98 83 152 456
325 94 352 475 377 182 489 460 246 13
400 8 23 262 371 408 156 417 502 294
107 24 148 237 97 266 413 114 333 285
170 15 169 239 17 369 376 50 380 378
252 236 414 253 173 112 72 434 430 276
323 168 52 375 397 234 193 36 348 291
317 467 202 102 305 85 488 58 371 73
194 243 13 475 346 263 182 352 137 246
433 171 473 298 480 240 100 320 219 290
36 365 375 323 189 48 245 234 156 417
475 137 346 191 352 243 263 13 461 246
448 356 230 438 100 372 171 480 203 173
177 266 491 483 143 413 289 0 107 27
420 301 326 390 78 275 358 287 478 406
452 30 501 360 93 241 345 128 45 43
271 349 156 442 365 138 75 22 502 238
116 317 392 318 102 265 357 34 238 254
110 114 67 248 24 220 97 362 174 465
488 190 461 467 464 305 180 88 87 58
438 208 386 55 448 171 298 100 195 405
273 89 468 251 432 494 435 42 275 398
412 139 210 87 153 395 366 387 96 179
224 304 358 287 391 326 273 398 18 385
57 436 149 319 381 150 426 335 95 52
181 405 55 203 386 448 438 463 124 505
42 437 172 38 494 47 492 342 272 7
179 87 88 205 309 412 96 488 366 308
504 347 485 495 268 302 506 126 290 396
16 349 457 115 270 264 238 493 75 32
154 339 384 463 279 11 144 376 351 91
382 284 320 421 90 473 500 433 192 147
9 344 363 418 257 46 165 366 48 308
259 43 422 113 345 462 108 233 286 39
425 145 329 304 151 18 260 391 312 224
322 34 155 69 82 121 33 444 484 14
507 480 411 473 147 296 382 356 100 92
110 174 424 67 465 201 98 84 255 362
51 64 14 84 111 465 484 242 21 423
398 5 287 385 481 275 326 135 487 454
333 242 111 428 237 24 67 64 465 370
304 206 18 217 425 391 145 358 287 334
388 387 395 418 139 46 412 366 153 263
249 166 471 175 159 33 86 121 160 21
440 80 35 228 394 430 276 399 331 306
80 35 227 49 19 466 306 316 440 331
469 106 68 289 28 167 336 407 143 0
448 372 195 173 72 356 434 438 236 26
498 307 403 337 232 65 71 2 104 281
247 337 281 315 498 65 231 53 282 307
345 441 133 259 146 108 93 131 216 43
397 245 323 375 381 150 57 36 189 314
61 484 51 164 423 101 119 94 69 322
112 434 188 173 125 414 372 430 252 447
333 285 107 186 24 223 76 428 60 266
16 265 349 357 383 116 318 212 271 200
369 376 187 4 15 459 169 11 374 154
506 290 298 433 353 192 386 320 504 288
272 360 30 256 198 45 402 452 39 437
428 64 223 370 111 333 503 423 221 51
194 191 263 388 137 346 475 153 13 352
83 183 40 98 474 424 476 332 368 1
417 234 314 375 365 150 36 323 381 48
346 73 377 352 325 461 305 490 184 444
53 315 232 282 281 337 158 3 105 29
114 362 201 378 110 10 97 123 174 170
175 86 135 226 74 166 393 476 341 118
109 481 354 20 251 398 86 222 166 273
354 432 273 250 204 494 468 398 89 47
188 414 253 459 4 91 276 72 236 11
91 72 252 188 279 459 11 173 405 414
338 392 310 155 116 341 393 264 357 161
174 98 474 313 274 362 110 220 277 244
272 477 437 241 360 120 342 39 38 402
344 46 96 165 9 418 366 215 412 387
160 444 357 265 73 34 392 246 33 341
216 108 422 233 345 43 404 146 113 140
453 427 329 486 145 217 454 391 267 151
0 302 292 106 27 491 495 289 6 126
165 48 363 400 417 156 8 185 308 81
346 388 137 180 243 194 153 191 464 461
116 32 270 310 16 318 163 212 349 254
357 73 258 238 383 200 85 317 16 160
196 107 413 177 148 143 186 76 483 491
145 457 487 115 151 486 260 5 385 161
396 485 99 347 79 211 293 6 472 302
297 415 497 65 499 281 103 370 503 136
310 264 163 486 427 32 457 212 161 458
199 156 81 383 22 365 363 238 349 23
256 402 241 437 38 311 360 157 477 45
468 204 398 251 275 358 287 206 89 406
277 355 313 255 123 359 362 350 62 474
406 390 468 287 358 398 273 197 326 222
440 414 374 430 4 252 399 369 227 459
313 62 274 355 350 327 130 474 255 368
133 431 441 293 93 128 501 446 233 439
91 11 405 463 213 253 72 459 154 181
90 147 176 500 373 92 26 447 382 125
232 247 65 103 269 282 315 105 498 53
3 299 53 247 105 281 103 367 315 496
380 117 389 15 399 17 10 374 331 369
421 324 500 214 19 320 90 295 316 449
76 60 237 379 70 333 107 167 428 503
330 422 130 462 445 404 216 113 178 340
326 398 358 222 275 385 206 391 197 273
295 290 504 126 320 421 316 361 433 240
143 229 0 106 167 469 491 261 196 70
240 288 504 506 433 320 211 126 485 353
429 364 59 52 168 95 436 122 37 149
361 126 495 27 466 261 49 0 302 316
431 79 446 99 278 268 396 472 300 441
467 88 309 371 400 308 179 488 58 190
288 316 421 361 126 320 19 466 284 504
92 507 411 147 219 26 176 280 356 480
497 269 71 65 136 482 415 498 479 31
386 240 171 353 192 506 433 203 290 438
3 282 105 141 496 44 367 53 103 247
134 124 99 505 431 439 55 142 353 293
197 78 340 420 478 390 445 327 326 330
347 495 6 261 106 211 396 292 126 504
12 47 7 354 432 172 494 127 104 20
391 224 206 217 18 145 385 425 287 358
490 317 82 190 202 246 377 461 73 460
331 35 49 483 228 27 389 466 177 491
498 231 71 479 2 403 65 337 297 482
9 58 366 165 81 179 96 294 363 257
88 294 179 400 210 467 308 87 488 165
270 264 161 254 338 115 116 486 16 341
402 25 45 455 157 272 63 38 41 241
329 493 132 151 37 458 425 429 217 59
277 474 274 255 368 62 327 98 152 355
245 408 150 417 8 234 381 502 319 375
29 247 337 158 53 232 104 281 41 282
466 19 295 361 421 126 288 228 284 49
190 200 102 305 73 265 85 392 318 383
22 102 116 200 32 138 264 238 371 383
426 150 343 207 381 314 408 149 502 57
421 433 288 214 284 295 290 240 473 192
144 140 416 401 162 339 404 146 351 108
484 218 69 14 121 33 51 235 471 21
36 234 189 397 375 193 245 52 168 348
449 284 19 500 80 373 394 421 90 316
184 94 444 182 460 101 377 246 489 352
197 287 358 420 391 454 385 275 390 206
62 340 152 330 277 478 313 368 301 130
163 343 32 77 138 75 426 458 502 442
312 427 151 260 217 458 493 425 145 457
286 130 340 62 327 445 462 422 350 301
306 389 35 399 483 177 49 228 283 227
40 183 1 118 470 244 456 368 476 135
237 223 428 285 242 60 503 24 111 370
122 425 37 18 151 429 493 291 312 364
348 57 436 397 52 168 207 234 291 189
409 472 68 6 410 106 229 419 129 396
315 232 403 29 104 231 498 247 307 65
118 393 254 161 310 74 341 121 155 249
154 144 213 162 376 321 11 169 351 416
327 301 330 78 62 478 445 152 286 197
115 74 357 175 16 160 254 338 487 249
477 42 437 435 256 443 209 120 89 494
502 426 328 319 442 138 381 77 408 95
257 46 165 215 9 96 418 363 366 308
43 93 233 452 216 259 133 39 198 441
137 263 194 246 352 461 191 180 475 73
302 396 211 268 6 495 485 79 504 472
168 335 397 52 189 364 436 57 291 323
212 199 238 16 75 32 442 271 138 264
130 401 355 62 404 277 359 330 416 274
131 384 146 144 439 142 441 321 140 213
475 377 194 346 184 246 137 461 325 191
506 386 124 298 240 485 55 290 99 300
251 250 20 303 432 47 109 494 12 127
359 274 350 277 401 123 416 62 50 313
100 195 411 480 26 438 219 372 230 171
265 258 341 160 238 16 392 200 116 115
326 287 206 275 390 197 273 398 468 304
355 50 416 123 401 162 274 350 169 321
452 241 198 39 256 30 43 272 477 120
466 126 316 295 292 288 495 49 27 504
248 110 174 378 123 255 274 201 114 220
48 215 9 262 81 165 156 344 308 271
291 168 122 52 59 37 348 436 429 334
156 48 193 417 245 375 199 442 271 36
9 418 96 308 58 412 257 180 179 46
3 44 56 25 455 41 66 299 53 141
1 474 183 152 313 478 327 332 244 98
239 15 374 380 4 187 399 459 276 376
242 428 415 503 423 64 497 499 269 136
102 22 294 81 467 23 400 185 318 190
230 434 173 26 195 447 356 176 236 448
449 125 500 280 447 176 324 90 112 434
399 380 369 276 4 440 15 283 239 414
381 442 234 245 365 189 52 323 193 95
239 154 169 11 339 187 162 459 213 369
490 352 460 246 184 325 461 305 94 346
170 123 248 362 17 50 10 114 187 169
60 496 70 407 285 499 105 503 103 76
283 15 399 374 369 17 389 117 187 239
95 375 442 150 52 207 234 149 57 436
473 214 90 147 219 507 280 500 284 480
81 85 265 271 238 102 73 58 318 371
351 142 439 463 213 131 134 144 505 339
454 391 222 5 145 287 326 304 267 398
298 353 55 124 203 208 171 240 506 181
46 225 412 395 418 257 96 139 366 205
225 263 139 153 243 180 418 366 395 137
331 283 399 177 413 117 483 380 306 35
197 78 275 406 358 468 326 450 301 287
304 385 454 145 217 326 206 287 260 358
34 254 200 155 116 357 258 160 317 82
476 338 118 121 40 249 155 254 175 74
430 80 449 112 227 440 324 414 228 373
139 387 225 412 205 388 46 153 418 366
79 6 347 268 472 302 293 211 336 446
234 335 57 52 323 348 189 436 168 375
287 222 275 481 273 250 358 468 385 251
374 380 389 283 331 440 35 276 369 15
185 309 294 262 371 165 179 8 308 23
416 350 321 404 359 140 355 130 162 108
311 272 38 157 437 241 25 45 256 492
104 337 307 231 12 127 2 29 498 7
140 108 130 422 401 350 286 259 321 216
208 181 72 279 55 463 448 203 253 386
275 450 468 435 390 443 78 197 273 358
496 469 167 70 379 28 141 229 105 76
314 8 502 23 150 417 185 319 343 245
336 419 410 472 129 446 68 63 56 455
129 66 409 56 68 336 44 455 28 419
219 356 296 507 480 92 26 147 100 195
96 387 205 366 46 257 395 139 179 225
148 177 266 117 389 196 97 107 186 283
276 252 430 188 112 440 4 236 394 459
497 269 499 503 370 297 103 428 136 65
401 162 359 321 50 355 169 140 350 144
245 8 48 156 314 365 262 408 185 363
366 46 9 225 257 215 387 344 96 412
446 409 63 472 128 129 79 336 410 45
197 478 326 301 454 287 456 385 78 390
320 284 295 214 316 288 19 324 433 361
286 259 216 462 404 108 130 113 43 330
61 235 64 51 370 136 164 497 242 119
83 84 220 98 244 21 174 465 476 40
37 334 18 217 151 312 329 122 493 304
319 343 77 149 207 95 328 381 132 150
486 329 260 458 453 270 163 151 312 267
242 333 503 370 223 60 499 415 64 237
95 59 291 75 493 132 37 149 312 334
440 394 414 112 276 227 80 236 449 188
293 278 441 134 439 99 133 300 79 446
494 251 47 354 303 89 204 42 273 209
192 240 320 290 473 298 288 214 506 171
236 173 125 372 447 230 112 188 373 176
468 406 443 89 342 42 450 275 390 204
52 335 207 57 149 59 291 381 397 95
38 256 272 209 342 477 402 42 241 120
203 100 195 171 448 356 480 230 208 298
134 131 142 441 384 351 431 505 133 146
276 430 227 374 399 414 394 35 80 228
133 439 431 233 131 278 134 146 93 351
381 375 75 95 199 343 365 502 328 349
450 435 120 178 406 477 342 445 468 78
258 325 33 160 34 82 101 246 218 460
462 78 450 178 286 330 340 301 443 113
419 79 472 293 128 409 278 63 396 336
125 176 434 373 26 372 280 236 92 173
230 195 438 72 203 405 208 173 171 100
373 324 394 500 112 125 80 284 430 19
406 443 178 78 445 390 435 275 120 301
159 2 166 20 127 109 479 86 226 250
198 360 43 93 345 39 30 241 501 113
470 260 486 454 427 456 161 385 145 267
385 391 453 420 326 470 456 260 145 5
129 56 25 311 367 63 45 410 44 409
470 1 478 454 152 332 453 420 368 183
212 267 151 115 493 270 16 145 329 487
163 77 312 132 329 427 493 328 270 151
11 4 91 252 239 253 376 279 369 154
490 94 377 82 69 325 184 444 101 246
137 202 464 346 352 377 246 180 305 194
286 113 445 178 422 216 330 120 39 43
181 505 384 279 213 142 405 134 55 208
153 180 461 87 137 488 202 263 58 467
111 67 220 84 221 424 223 110 242 201
49 316 361 292 126 228 27 19 295 306
488 294 190 88 202 58 371 87 102 309
273 406 275 435 204 390 89 398 358 251
167 229 407 28 70 68 289 106 496 141
453 456 332 486 454 5 1 161 118 385
33 164 226 482 101 159 14 322 119 235
79 409 446 336 419 6 396 410 293 347
382 192 480 219 214 433 90 147 320 171
98 368 313 255 183 244 1 174 152 277
352 194 13 184 191 182 346 325 377 137
40 393 83 21 121 244 118 249 338 332
256 120 342 437 443 39 360 272 178 42
152 420 456 301 1 340 327 368 197 454
2 482 159 307 71 451 297 127 471 119
100 219 356 171 473 192 411 195 438 507
250 109 86 222 398 135 5 487 20 287
479 119 71 164 471 297 159 101 31 136
177 306 491 196 331 27 49 389 35 413
322 235 69 51 14 164 101 218 94 221
506 268 211 353 99 347 504 124 290 240
161 427 453 260 267 270 470 310 329 487
74 267 5 115 135 161 145 341 385 457
88 467 202 87 464 190 294 58 210 180
54 94 182 184 119 101 325 31 61 475
377 82 305 460 246 461 325 69 34 352
0 27 483 196 261 289 49 177 143 306
172 157 38 158 41 29 7 209 402 47
151 312 429 75 132 37 457 458 329 163
432 42 47 89 209 251 172 303 354 204
126 302 292 211 504 261 347 361 288 466
407 105 379 141 299 103 70 28 3 469
297 136 415 269 370 65 71 423 61 499
231 65 307 71 232 337 297 281 403 479
503 103 415 269 60 379 428 105 370 497
90 324 373 284 280 449 214 382 147 473
128 198 30 93 278 45 133 452 63 241
343 23 138 408 8 314 442 22 328 156
499 428 60 415 370 333 379 103 242 269
211 290 126 288 495 506 485 240 295 347
142 181 463 134 55 300 384 439 124 208
240 353 290 485 504 211 298 433 386 288
219 296 147 411 92 382 473 480 90 280
