286 403 463 141 202 436 23 118 233 273
221 339 249 114 138 102 129 424 402 393
300 51 50 96 159 29 206 488 172 307
416 222 349 233 21 7 125 286 242 109
136 408 330 9 70 291 400 471 390 398
124 33 274 178 243 104 224 283 338 442
209 99 326 372 365 478 17 385 118 196
83 125 416 383 109 3 139 242 91 305
341 495 419 141 305 287 112 45 109 181
359 56 136 4 186 465 471 270 400 30
200 461 319 298 309 182 244 116 327 263
266 483 382 496 154 14 348 153 422 77
211 246 39 68 258 91 486 216 86 280
94 110 203 81 135 132 230 306 368 247
422 31 287 112 266 382 11 371 134 495
281 332 210 75 20 148 456 475 236 65
390 140 271 250 380 32 408 406 400 101
209 478 366 161 197 99 66 279 6 326
261 335 396 381 190 184 356 389 225 314
389 335 108 356 185 232 61 497 18 173
456 285 15 447 332 210 364 65 240 281
222 239 24 349 353 3 92 306 233 58
187 370 440 241 179 219 314 491 381 228
196 299 202 403 277 0 436 365 426 118
306 239 21 353 110 60 222 58 349 92
321 170 123 80 105 71 338 283 84 44
360 142 379 496 204 348 382 371 168 410
310 145 326 82 197 385 441 377 209 73
275 288 454 350 470 320 244 426 57 369
429 488 253 307 206 388 51 300 2 448
223 186 400 56 406 136 9 450 465 390
371 287 181 14 382 495 62 360 112 45
271 333 101 152 226 250 291 16 192 157
5 124 104 178 213 77 154 146 274 442
46 472 387 49 284 411 107 427 377 331
74 276 417 457 295 367 228 402 378 208
238 248 361 439 482 156 467 430 78 90
70 394 414 398 490 264 330 188 63 471
169 180 171 329 423 41 79 363 453 92
246 12 191 86 258 269 323 224 91 211
174 257 415 464 204 142 188 413 55 348
194 79 468 475 329 38 180 58 435 325
279 161 484 163 101 98 369 333 366 199
134 280 153 422 269 266 139 246 469 112
457 179 212 321 228 80 444 370 25 241
419 181 495 479 407 343 8 62 287 372
34 322 387 455 427 284 145 472 107 120
309 69 263 48 105 123 200 386 116 183
309 200 47 367 208 123 263 10 327 74
144 331 411 472 34 404 122 284 53 107
172 2 300 446 311 159 354 96 268 254
448 2 429 488 147 96 29 206 87 300
303 315 384 168 445 89 252 431 498 392
144 331 177 432 140 316 49 380 472 122
95 493 451 487 113 412 218 308 128 78
126 146 213 464 297 415 131 155 104 77
9 186 30 359 136 465 400 223 406 270
485 244 275 461 193 368 182 81 298 460
239 329 468 60 92 24 41 391 306 21
138 236 339 235 317 102 418 143 249 1
306 391 230 58 24 239 468 418 110 317
420 185 108 428 336 19 294 149 103 497
89 371 407 181 31 477 360 45 384 495
220 398 354 443 471 446 401 414 97 268
352 340 477 93 252 384 343 441 82 385
447 251 332 435 481 194 20 475 421 364
478 426 369 454 196 17 161 299 99 288
304 427 107 120 437 229 207 166 455 46
486 216 245 211 12 363 258 282 158 262
183 47 263 386 105 243 338 309 116 442
37 330 398 490 4 394 471 414 157 291
84 321 272 212 170 25 323 283 86 44
234 452 225 117 375 237 175 296 314 219
458 377 316 310 215 197 366 177 472 279
35 367 208 378 457 276 402 80 48 327
148 391 475 15 332 281 468 317 60 210
248 90 127 467 492 364 433 260 481 36
483 146 348 33 154 213 415 11 55 104
430 487 218 482 238 151 227 493 36 54
194 180 41 346 325 38 435 453 171 475
123 367 25 321 457 44 105 74 48 212
94 485 368 182 135 13 203 110 461 319
441 385 340 27 93 145 326 462 64 352
305 109 7 139 341 134 383 416 112 280
86 71 283 170 323 272 224 274 321 25
357 455 462 322 259 437 119 256 120 106
84 323 39 191 258 224 283 71 12 272
301 431 147 429 253 434 51 252 448 303
160 149 128 376 113 103 294 318 420 425
62 384 477 407 168 52 371 181 64 360
76 260 248 492 482 493 467 318 36 127
383 211 280 246 139 12 216 125 134 39
423 329 349 239 58 21 242 38 363 169
385 343 340 64 477 82 352 441 407 372
81 13 110 368 395 485 135 460 353 203
308 54 412 113 451 494 493 376 337 487
256 159 2 51 434 201 106 147 357 172
471 359 443 220 270 63 398 9 354 229
101 279 215 458 380 271 42 366 73 177
478 365 6 196 209 17 202 66 372 326
294 438 497 376 214 337 149 296 108 308
333 98 32 271 484 42 380 279 152 489
129 339 236 59 210 221 281 1 138 317
160 420 425 149 336 421 88 318 61 294
213 442 124 131 33 5 297 146 243 55
123 338 47 25 69 170 243 80 48 309
201 259 357 256 434 96 437 85 147 120
427 207 122 67 304 284 34 411 49 46
497 19 356 61 294 335 185 214 420 100
341 463 83 416 7 305 141 286 233 8
306 13 94 24 230 353 395 203 81 135
115 328 494 176 175 234 399 296 133 412
305 287 422 134 14 8 341 495 83 31
128 376 95 54 308 493 88 260 160 451
221 1 276 393 402 249 424 295 339 129
175 133 111 399 165 176 234 156 494 433
263 298 386 470 309 255 244 10 69 47
237 195 175 72 234 165 452 219 115 312
202 479 365 141 372 419 0 23 99 196
301 352 434 357 85 462 252 441 340 87
437 455 427 259 67 85 256 166 46 322
231 167 358 240 195 237 499 312 491 355
404 107 207 450 144 411 49 432 284 427
80 25 105 367 47 48 321 170 338 69
5 104 243 442 33 274 183 131 213 338
242 383 7 216 349 3 211 363 91 416
55 155 297 464 405 213 131 146 302 150
76 433 364 467 312 285 248 492 481 90
113 88 260 160 493 376 318 54 90 149
102 221 499 240 339 210 393 1 236 358
164 206 300 307 373 311 254 29 374 351
442 297 104 265 213 302 124 183 55 126
203 230 418 235 13 143 247 135 317 110
115 156 399 165 198 175 433 361 467 111
139 43 280 422 112 305 83 91 153 14
182 247 81 203 319 13 485 327 94 461
400 4 9 408 56 390 30 186 406 465
396 480 292 184 173 262 289 389 473 282
339 249 59 235 143 1 102 424 236 418
280 134 83 383 91 305 7 43 246 112
406 390 16 400 432 53 380 250 271 30
463 341 8 0 419 118 109 479 286 202
348 26 204 496 379 415 40 360 257 483
235 138 249 313 247 424 132 203 59 339
53 331 49 404 432 122 472 450 411 177
387 310 27 322 462 377 441 46 82 34
55 213 77 415 464 348 104 33 126 483
448 201 51 434 87 429 96 301 488 106
75 317 281 391 236 15 418 210 59 475
88 294 420 103 160 376 100 61 497 128
489 152 155 192 449 333 405 226 484 199
345 218 227 162 342 78 430 466 487 290
333 226 150 32 192 489 484 101 157 291
269 266 43 469 154 422 11 178 191 280
483 266 178 469 153 11 77 33 269 348
126 405 150 192 297 464 302 489 55 449
361 133 467 36 198 433 248 165 399 115
226 291 192 330 409 490 405 152 32 70
267 245 205 171 282 459 169 453 68 363
96 256 172 166 437 50 2 106 357 229
88 103 318 425 149 128 260 420 421 492
279 42 17 366 369 478 66 163 458 209
217 345 342 151 324 227 476 466 278 290
199 369 484 42 350 454 474 161 489 320
130 351 307 374 373 254 300 311 206 388
195 433 175 133 117 115 312 156 467 127
437 159 229 172 256 67 354 120 304 96
121 312 285 195 240 456 231 433 358 127
52 315 379 410 89 392 384 445 303 498
38 363 423 171 245 158 180 329 242 216
25 283 338 84 71 105 274 321 123 243
180 453 169 267 38 158 245 459 79 363
50 159 354 446 166 2 229 96 443 311
232 292 205 389 459 137 282 396 19 267
40 257 188 464 409 490 394 415 405 204
115 165 117 234 111 195 133 72 433 237
399 334 111 494 412 115 278 133 328 466
316 215 53 331 380 73 472 144 458 98
469 5 224 154 33 274 191 153 269 124
370 241 44 228 444 212 457 22 187 289
171 79 38 453 346 169 41 267 194 344
495 45 31 62 371 407 287 419 8 89
135 485 319 461 81 10 368 57 247 244
69 442 386 265 243 255 263 124 131 116
289 381 396 137 480 187 18 241 473 261
61 232 428 19 344 108 389 459 420 336
30 56 465 223 450 9 400 406 207 136
241 22 381 289 184 314 370 179 261 440
394 264 257 174 413 490 414 40 37 347
255 320 474 302 265 449 470 350 199 386
225 356 375 261 214 18 335 497 108 314
224 269 39 469 86 246 178 153 43 283
226 405 157 152 150 155 409 333 32 291
277 460 57 368 288 275 485 299 436 395
79 41 435 475 325 65 468 332 180 346
165 117 312 237 433 167 175 121 127 285
23 99 202 299 478 365 66 426 403 118
366 310 458 209 73 27 326 17 279 377
278 476 361 399 156 133 217 334 439 324
474 163 489 484 449 350 320 333 150 42
10 309 48 319 327 208 47 298 461 263
106 434 147 96 256 357 51 448 259 87
118 23 365 196 403 0 99 299 479 141
132 13 247 135 230 81 143 110 235 418
257 142 379 40 413 26 410 415 174 348
282 459 173 292 158 267 232 262 245 171
130 488 29 307 300 2 51 164 429 388
107 122 304 465 450 67 186 432 427 404
378 327 74 367 200 313 48 319 424 402
17 326 6 197 99 478 366 161 27 365
456 281 15 240 20 102 129 236 148 499
216 91 12 68 383 246 125 242 280 363
272 444 321 44 71 179 473 241 25 289
104 146 55 131 33 297 77 442 124 126
497 375 438 190 356 100 296 108 225 294
458 177 98 73 380 316 279 377 366 271
211 363 68 242 245 125 383 12 91 169
162 476 278 324 342 345 198 334 466 151
487 151 78 451 345 466 54 430 227 493
452 440 237 314 22 231 117 72 261 187
63 443 97 354 471 446 268 398 270 359
1 114 393 129 499 339 102 276 249 402
21 3 233 353 349 273 416 24 239 286
30 450 186 406 432 400 56 140 465 207
191 469 178 283 274 86 269 84 5 39
190 375 261 72 452 314 214 18 356 234
157 192 152 291 32 333 150 250 330 405
430 151 342 290 78 162 218 345 238 324
457 417 370 179 44 35 491 295 22 241
304 166 270 443 67 354 437 172 465 159
132 418 306 60 203 13 110 235 317 391
121 491 440 358 355 237 219 167 195 499
459 173 389 185 19 205 344 267 292 335
286 416 222 3 273 463 353 109 436 21
72 175 117 111 296 115 375 328 452 165
138 143 132 59 418 317 203 249 339 230
59 102 281 317 148 339 210 138 418 129
219 117 452 195 440 231 72 121 314 175
430 36 482 78 439 290 248 361 227 487
21 24 58 92 349 306 329 60 222 353
456 499 210 167 129 358 121 285 20 102
187 444 289 179 22 370 184 473 381 212
125 363 216 423 349 92 383 169 211 245
338 124 274 5 69 183 442 105 104 170
298 57 461 275 485 10 470 116 28 182
158 363 169 68 216 171 282 486 267 423
91 39 12 280 211 269 191 43 139 383
135 203 313 327 319 143 132 182 13 424
467 76 90 36 482 127 238 156 492 433
138 424 1 143 339 313 402 114 235 221
16 390 408 32 291 271 226 140 400 152
65 435 447 421 425 481 325 318 364 332
431 301 352 384 64 303 87 119 52 477
429 29 388 445 303 87 307 431 488 51
351 373 164 311 401 397 268 374 130 300
265 189 386 470 320 183 116 302 474 263
96 159 106 357 437 259 434 166 201 85
204 40 188 413 174 264 142 379 410 415
323 486 293 12 39 86 262 68 272 84
106 120 357 455 256 437 85 201 434 427
492 90 318 128 493 76 160 481 248 88
18 314 225 381 190 452 335 187 356 375
282 486 480 293 292 473 258 137 205 68
309 116 386 47 69 298 183 10 48 200
362 414 188 347 413 394 37 257 401 410
255 302 131 189 442 183 297 386 320 104
11 153 422 154 14 43 483 382 469 269
158 459 453 171 205 344 180 245 232 169
311 446 401 254 373 220 63 354 50 172
153 469 191 43 246 280 224 39 178 266
443 471 229 97 465 359 304 9 354 398
380 16 32 101 98 250 333 140 390 215
212 71 473 323 293 444 321 84 289 258
436 395 233 353 286 460 222 403 277 0
283 5 338 243 224 178 170 124 33 84
28 57 244 288 193 470 485 461 454 298
402 114 35 295 393 378 74 221 424 417
299 436 193 403 460 23 288 426 273 196
198 334 217 476 399 466 176 162 361 345
458 366 161 98 42 215 197 17 101 73
139 91 43 134 246 269 383 211 153 422
15 148 236 210 317 75 102 391 59 332
205 292 262 158 486 245 173 68 459 480
274 170 84 224 338 86 71 5 25 243
411 427 34 107 46 49 122 120 455 67
312 364 456 127 167 20 433 240 447 195
233 0 463 273 436 416 403 109 222 141
495 31 112 14 181 8 422 305 419 371
426 275 28 454 299 193 277 66 57 350
473 184 241 444 480 187 381 137 293 272
342 324 439 430 227 238 476 162 151 361
408 226 157 330 250 4 32 192 390 152
173 282 205 137 262 480 459 396 232 389
473 323 262 272 258 480 486 289 444 212
100 149 497 420 108 61 376 88 438 214
355 417 393 276 35 491 358 114 228 499
438 328 337 375 214 234 111 72 100 494
131 126 302 55 213 155 265 104 442 146
244 116 10 461 263 309 470 57 200 386
23 426 277 196 288 403 66 193 202 454
2 130 50 307 206 164 311 29 373 51
87 252 431 119 434 352 147 303 357 96
449 189 265 297 474 131 255 320 155 150
52 431 445 384 252 253 315 87 388 301
67 465 229 207 107 270 427 166 443 122
83 112 341 134 8 109 139 287 422 7
24 110 60 230 13 239 353 21 203 94
388 29 164 206 374 130 300 253 351 488
95 337 494 376 113 412 328 54 438 100
263 47 200 48 10 116 298 69 386 319
27 377 197 73 145 387 458 316 326 366
268 373 254 446 50 300 164 130 401 351
433 167 285 195 127 165 364 467 121 456
424 327 247 378 143 249 208 402 319 135
261 452 219 381 225 187 440 22 237 72
445 498 52 168 392 303 410 388 374 384
472 177 331 377 73 215 53 387 458 49
418 148 236 59 391 281 235 75 230 102
425 160 492 260 481 103 128 251 88 90
182 10 327 135 200 461 247 313 81 485
474 350 189 470 255 28 199 449 302 265
25 212 71 44 80 170 272 123 84 457
462 46 455 85 145 387 441 34 120 437
258 293 86 272 84 71 486 473 39 262
476 342 290 439 217 162 198 361 227 278
435 346 421 336 79 428 194 251 344 180
209 6 27 385 197 82 372 99 17 310
208 313 319 247 200 378 135 10 424 182
337 296 494 111 438 308 234 176 412 115
92 58 423 38 41 468 239 169 180 79
70 4 157 291 490 408 37 226 409 394
53 472 144 316 49 177 34 377 215 122
65 15 475 20 75 447 194 435 251 281
484 152 101 32 489 150 226 199 271 42
466 278 176 399 412 217 451 198 345 476
389 356 19 18 396 190 108 261 232 173
428 421 325 103 420 61 346 425 344 185
328 438 308 296 494 100 376 111 95 214
243 105 170 274 283 25 123 69 124 5
138 1 102 59 249 221 236 129 235 143
441 352 64 93 82 385 477 462 119 343
109 8 305 141 463 83 112 419 495 0
290 324 162 227 217 430 151 476 345 439
93 385 407 477 372 45 64 479 340 82
428 453 346 185 459 267 232 180 336 325
151 466 162 218 217 342 334 227 451 278
325 344 428 453 79 180 336 435 421 194
413 362 397 264 410 392 414 188 401 351
142 483 496 77 415 26 11 146 204 382
3 21 92 222 242 239 125 423 416 24
320 28 454 474 163 199 369 470 189 288
397 254 374 164 373 498 307 392 401 130
64 340 252 119 441 301 93 384 82 477
395 222 273 24 21 110 233 94 460 306
443 446 172 63 220 229 270 166 398 50
295 358 491 393 417 231 499 121 276 440
335 190 108 19 497 214 18 375 389 225
85 106 434 256 259 119 201 455 437 96
499 355 121 231 393 240 491 295 167 129
97 9 270 471 56 465 443 186 136 220
26 382 371 496 379 142 31 62 348 11
156 439 198 36 476 133 238 467 278 324
401 264 414 347 397 413 37 188 394 254
216 242 169 245 423 68 125 38 158 211
127 481 285 447 76 492 20 312 433 456
99 118 202 6 372 196 479 23 478 209
458 197 279 17 161 209 73 98 215 42
74 80 208 123 48 457 35 378 44 200
485 81 94 460 193 57 395 182 13 135
454 163 66 161 42 350 478 426 17 199
228 179 22 491 241 417 440 187 457 44
31 62 360 382 181 89 407 287 14 496
6 479 365 343 118 385 326 99 45 93
311 254 164 130 268 300 351 307 50 446
351 498 164 307 388 397 445 254 392 300
225 214 190 296 72 438 234 356 497 261
113 308 88 100 337 149 128 95 294 438
387 73 310 316 472 145 34 458 215 27
208 402 424 313 327 74 276 35 249 247
26 204 410 142 168 413 360 257 392 496
271 215 177 98 16 101 53 140 32 458
187 184 261 18 314 396 289 241 22 225
360 496 11 371 31 14 26 266 483 348
91 125 139 211 7 216 280 83 242 246
52 252 89 477 303 64 431 168 352 315
82 93 343 326 340 372 27 441 6 64
116 263 255 183 69 265 470 47 298 309
377 46 34 145 472 322 310 316 73 49
307 253 445 29 374 498 429 164 300 206
335 19 232 173 396 185 18 356 137 292
16 140 400 250 408 406 136 271 291 30
75 148 60 317 468 418 475 230 58 281
410 498 315 347 397 374 413 168 351 445
221 114 499 295 355 358 276 129 1 402
37 188 490 264 414 70 174 409 257 398
353 460 273 94 368 436 110 222 81 193
137 184 18 389 335 381 480 173 292 289
351 347 392 362 254 374 401 498 410 164
471 37 63 70 414 443 97 220 354 270
176 133 198 115 278 334 111 156 412 361
406 136 30 390 140 408 186 56 9 223
362 414 254 446 268 63 397 311 351 264
276 424 378 114 249 313 35 1 74 208
23 436 0 277 202 286 299 273 196 460
122 144 411 49 450 432 331 53 107 207
409 155 192 464 126 157 150 174 490 226
400 140 30 223 390 432 186 450 136 16
62 477 181 343 45 89 371 93 64 384
291 4 250 136 390 400 330 16 226 157
490 405 157 174 192 464 394 155 226 330
392 413 379 347 168 204 315 257 397 264
284 49 404 122 34 107 427 144 472 331
494 451 95 176 334 308 54 466 111 328
410 347 257 264 188 204 379 392 362 394
362 37 264 394 401 398 63 188 347 70
40 146 464 55 348 142 77 174 204 257
3 233 7 109 463 286 222 83 125 349
228 295 35 491 355 370 457 276 179 393
317 132 230 235 59 391 148 203 60 138
8 45 495 479 141 118 181 341 287 372
61 149 103 294 336 428 108 185 160 88
336 425 325 251 435 103 428 346 420 160
14 112 134 43 266 153 287 305 11 280
92 169 329 363 38 242 349 245 171 216
313 249 402 378 143 1 114 327 138 276
318 421 103 160 251 481 336 492 435 88
299 288 66 454 196 23 478 369 277 28
107 284 120 67 46 455 34 437 411 304
336 344 346 185 61 325 420 421 453 232
29 253 488 448 51 87 147 206 388 2
238 227 78 290 439 342 151 218 482 36
252 303 87 301 384 253 52 445 352 429
450 144 406 53 223 404 122 140 207 186
165 312 127 467 195 156 133 76 285 175
201 357 106 119 147 96 256 301 87 85
325 251 194 65 421 79 346 447 332 336
403 273 277 460 286 0 395 23 193 233
120 166 256 259 67 455 159 85 357 427
296 337 100 214 497 328 375 294 376 308
361 290 238 36 324 430 476 342 198 156
219 22 491 231 237 370 314 452 187 121
82 462 340 352 145 385 119 322 27 85
131 104 183 124 265 243 213 297 69 33
354 270 97 220 471 229 63 398 359 446
212 241 473 289 179 272 44 293 187 480
315 498 388 303 253 52 374 392 168 307
354 268 311 50 172 401 63 220 254 443
65 481 364 251 20 332 285 435 492 425
147 51 429 488 29 87 201 2 253 206
474 302 489 189 199 150 320 155 484 265
432 223 122 207 186 404 406 144 30 465
412 54 466 95 218 487 334 493 345 494
219 72 314 237 225 117 261 234 440 375
171 267 180 344 346 459 79 158 38 428
369 288 28 350 426 66 163 299 275 320
85 322 120 46 259 437 427 462 357 67
20 240 210 285 167 15 312 364 499 281
228 44 80 35 367 417 179 74 370 321
366 73 279 215 197 98 310 161 316 377
267 232 205 173 344 158 453 185 292 171
395 436 193 277 273 368 94 353 57 485
182 244 10 485 298 57 319 81 135 200
441 322 85 145 455 119 357 82 340 46
109 0 286 141 341 416 233 83 8 403
55 40 415 126 174 405 409 146 155 257
304 186 207 270 9 56 359 229 136 450
334 345 451 218 412 278 151 162 217 176
248 76 433 127 156 36 90 133 165 312
475 41 58 391 75 329 194 60 79 239
178 269 153 224 191 154 43 266 5 274
320 116 28 255 189 298 350 244 386 275
97 398 270 443 359 63 220 9 70 4
316 331 34 49 387 377 144 177 46 73
293 289 480 444 272 262 212 241 184 323
449 199 320 189 350 302 489 163 484 255
468 75 332 194 41 391 65 15 148 79
324 217 198 278 439 342 361 162 290 334
64 407 93 384 89 343 62 340 352 252
99 66 17 196 209 161 369 6 426 365
118 419 372 45 365 343 141 495 202 8
137 473 262 289 293 184 292 396 282 444
447 364 492 318 251 425 65 76 127 260
238 78 248 36 487 90 493 430 218 76
348 77 11 154 496 266 142 382 146 415
333 199 489 42 163 101 152 150 32 474
57 182 81 368 461 244 135 94 193 319
68 258 262 282 293 12 323 245 211 216
218 493 78 54 482 451 151 238 95 430
29 429 206 448 51 2 253 307 300 147
150 199 484 333 449 152 474 163 155 192
409 394 157 330 70 37 174 188 405 192
231 355 440 417 370 358 295 22 228 121
260 90 76 481 318 364 248 127 425 447
54 487 128 113 482 90 260 95 78 451
412 328 111 176 308 337 95 451 296 115
287 181 8 419 45 31 112 479 341 14
382 26 348 360 142 11 483 379 371 204
108 214 294 100 356 438 375 190 19 61
374 445 315 392 388 351 397 307 52 410
358 129 240 393 221 355 121 102 210 295
