31 430 2 1 121 356 125 178 459 330
178 31 459 0 251 121 339 86 226 201
356 456 0 430 31 450 291 330 453 179
167 393 476 17 61 235 325 297 86 228
281 213 497 204 88 375 447 310 237 306
171 410 367 374 186 364 92 284 455 481
70 185 424 50 216 298 118 435 322 131
398 314 22 208 327 454 440 203 486 370
133 35 66 129 77 464 222 36 400 91
140 338 326 320 12 256 397 34 477 176
392 164 194 295 486 120 483 243 492 311
469 72 102 45 231 278 276 444 494 496
326 397 9 338 377 252 201 256 176 140
158 428 482 419 245 495 67 443 288 312
485 205 478 401 169 418 366 123 335 130
113 246 42 307 362 117 212 148 348 485
175 95 352 239 257 41 176 357 69 344
325 3 61 393 226 346 476 167 223 189
322 294 110 419 443 67 238 381 424 185
354 278 494 117 199 102 348 307 72 387
415 21 305 420 262 225 59 156 202 105
262 156 20 442 38 225 59 415 343 460
486 370 7 314 327 295 398 190 230 164
458 170 386 35 115 276 222 133 496 45
62 84 206 93 119 413 286 198 116 33
437 299 240 32 105 40 104 68 99 122
344 236 159 147 95 96 114 357 69 449
141 296 90 168 85 215 461 411 274 436
174 186 409 487 259 412 434 410 480 268
407 57 365 394 162 234 316 328 187 426
351 195 71 287 54 41 465 403 357 283
0 1 459 356 2 330 86 430 121 377
420 104 105 25 240 405 305 225 437 472
116 62 108 413 308 466 206 63 73 24
177 140 371 100 484 320 250 252 9 85
133 458 8 222 23 66 386 129 136 170
160 136 133 129 207 451 396 8 402 445
56 77 91 468 298 400 259 268 181 247
376 381 262 238 442 21 350 460 416 59
269 470 146 83 394 439 234 316 414 255
94 299 57 437 328 25 426 365 122 29
239 357 403 251 195 101 201 54 16 30
15 113 148 485 246 366 478 271 307 112
55 447 310 395 80 281 137 163 88 390
467 382 130 347 165 499 258 491 362 366
170 469 496 11 102 276 292 23 231 72
207 464 331 173 479 129 396 91 189 297
489 493 429 432 498 355 210 372 285 139
421 52 188 151 293 463 466 471 119 309
271 324 379 273 390 123 112 148 221 315
216 58 134 6 118 267 70 298 56 424
78 122 448 152 94 126 211 142 363 193
463 48 303 220 293 471 188 317 421 309
460 423 406 143 416 376 270 172 111 149
357 495 71 404 147 30 482 41 248 441
43 137 310 395 318 390 474 447 281 80
37 216 298 267 400 77 181 66 247 91
328 29 407 40 299 365 187 162 394 426
118 134 50 483 321 182 243 435 6 216
415 262 280 350 20 202 381 21 38 305
101 479 223 441 339 189 396 404 325 445
167 3 17 297 325 189 331 235 228 393
24 33 413 116 206 198 93 466 119 84
308 391 466 417 462 421 172 270 188 108
132 427 166 431 241 417 355 323 261 108
217 103 289 106 462 349 157 266 452 431
222 400 8 77 481 35 56 171 267 37
294 419 428 247 399 249 13 312 18 468
99 244 299 328 105 87 187 202 25 305
344 175 317 337 144 287 95 283 351 384
185 435 6 131 118 218 138 424 50 322
30 54 482 351 245 495 144 357 195 283
444 11 278 231 425 469 102 112 117 19
413 241 149 108 132 261 206 33 427 391
221 324 474 390 161 273 332 137 395 49
252 100 177 465 377 260 195 34 403 256
109 353 158 245 79 143 288 144 416 151
91 37 66 259 400 464 8 56 268 468
51 94 193 426 448 363 142 122 152 255
283 98 144 151 76 337 109 245 351 288
425 231 395 43 163 379 447 55 469 390
313 457 345 309 300 302 286 84 463 93
155 279 340 359 387 157 342 224 304 323
335 414 269 255 39 169 373 146 316 315
313 119 24 286 93 309 198 300 302 206
436 411 27 154 296 100 215 274 90 34
393 330 459 219 476 346 31 179 1 356
368 244 202 99 68 218 138 319 492 187
329 375 447 281 196 4 213 180 163 334
439 161 440 208 203 438 474 146 470 332
215 383 168 27 232 274 141 154 85 124
77 37 173 464 259 468 487 268 192 400
481 333 374 171 334 369 222 180 5 364
302 300 286 198 24 84 309 62 313 116
426 78 40 122 51 437 193 365 57 126
16 175 344 357 26 69 147 41 239 352
236 288 452 349 344 449 26 337 144 159
318 203 190 438 314 227 488 137 208 474
361 184 283 293 79 151 384 214 351 317
68 202 105 305 87 415 244 299 25 328
75 260 256 34 177 140 252 436 85 465
339 60 251 404 223 441 41 235 357 178
494 276 11 278 45 475 72 19 469 115
266 433 65 452 157 289 217 349 449 145
32 240 472 405 422 372 420 25 225 437
305 99 32 25 420 68 299 202 415 20
423 431 65 462 417 289 217 270 323 172
268 389 183 487 272 412 242 259 181 409
308 33 132 73 417 413 63 62 241 116
76 143 151 172 79 421 353 416 48 98
18 322 350 381 238 185 443 131 294 280
406 460 442 261 343 156 149 139 53 270
444 148 425 113 379 271 49 72 117 42
15 42 148 117 307 112 444 246 271 485
159 312 451 236 402 449 160 145 26 428
276 386 475 277 23 341 170 494 102 402
466 33 198 62 308 24 63 119 206 93
307 113 19 444 278 15 354 348 72 112
58 435 243 50 70 6 134 483 138 392
84 309 206 466 24 198 313 116 62 391
164 492 392 319 230 368 10 243 486 138
125 226 346 0 178 219 430 1 86 31
126 437 51 94 240 78 211 40 25 472
273 478 271 401 315 49 324 14 148 414
380 215 220 232 303 384 436 214 282 383
219 121 430 453 179 346 0 330 86 226
122 211 472 240 51 437 408 152 104 94
197 301 263 285 233 446 358 499 212 382
488 311 306 497 265 204 190 370 227 295
464 207 8 133 36 46 77 160 396 35
366 165 467 205 44 491 418 246 258 485
280 218 70 185 350 435 322 110 138 6
64 108 241 417 427 73 308 431 261 149
35 8 129 36 136 386 23 66 458 222
58 50 321 254 267 216 118 182 483 481
358 408 388 499 197 385 211 347 472 422
36 402 451 133 386 160 277 114 129 35
55 318 474 438 310 395 74 97 227 390
492 435 368 243 218 87 70 392 120 131
261 343 429 355 427 241 111 156 406 149
9 34 320 256 371 100 326 177 338 264
27 296 168 461 90 411 274 85 383 154
363 448 150 275 193 373 78 255 152 51
172 416 109 53 423 76 353 270 376 462
337 288 245 283 79 351 69 317 482 71
433 200 277 402 449 266 114 341 452 451
332 439 39 470 414 315 89 440 83 221
357 159 495 26 441 445 54 95 249 428
271 42 112 113 478 49 485 15 123 444
270 406 261 73 391 241 111 413 206 423
373 275 142 258 491 363 448 336 335 152
109 79 293 48 98 421 76 283 184 172
448 275 51 211 336 142 388 150 347 126
290 229 191 321 364 369 237 254 374 182
274 411 282 436 383 85 214 90 215 168
82 387 304 279 354 199 342 348 340 233
442 21 343 210 111 225 20 262 460 139
266 340 342 289 103 82 387 65 433 200
13 245 353 76 288 443 419 482 144 428
114 312 147 26 236 445 160 428 451 249
36 451 445 312 396 249 114 159 136 207
474 89 438 74 221 332 439 203 137 146
234 407 29 454 473 398 394 57 187 327
196 292 469 447 231 80 180 496 88 43
120 486 10 230 392 295 327 319 492 22
258 130 491 44 205 418 347 467 150 336
323 64 359 431 498 355 427 224 340 132
3 61 228 235 297 476 17 404 192 393
141 274 90 27 461 383 411 296 154 85
401 335 418 14 414 83 205 478 485 373
496 23 45 458 276 386 115 292 469 102
5 481 410 92 374 400 222 66 267 367
143 423 421 462 270 391 109 63 53 188
331 91 46 464 297 487 192 259 77 468
28 434 412 409 487 480 186 389 259 107
69 16 95 257 344 352 287 317 239 384
352 326 256 201 239 260 16 257 12 377
252 250 34 75 100 397 484 140 371 12
1 339 226 121 251 223 0 459 346 101
219 330 453 450 125 430 291 356 86 2
329 196 333 292 334 496 92 163 88 375
267 400 268 490 183 56 259 37 77 107
483 321 229 265 194 58 306 134 153 191
272 107 490 268 181 360 389 242 259 455
361 214 98 293 282 463 384 283 380 303
70 322 6 131 424 110 18 435 280 294
28 410 367 409 455 5 259 487 174 171
244 407 473 328 319 57 68 368 162 230
209 421 48 471 462 52 63 172 466 217
325 331 223 479 61 60 297 17 46 167
488 97 370 227 314 128 318 311 22 204
237 229 213 306 153 497 369 375 265 4
228 468 399 297 248 173 91 167 37 249
426 255 363 78 316 142 365 94 448 269
265 483 10 311 182 295 392 128 306 164
30 403 465 41 287 351 75 377 201 239
329 180 163 292 88 447 375 334 496 333
499 127 358 135 285 263 382 388 301 385
300 116 309 466 93 119 84 24 62 302
387 494 475 341 19 354 342 155 102 278
341 145 277 342 266 433 157 475 402 103
239 377 403 176 326 41 12 1 352 195
99 415 87 305 218 280 59 68 105 20
97 438 208 314 89 318 161 7 190 440
227 488 4 497 281 128 310 213 318 190
418 366 14 130 485 491 169 165 467 478
413 391 119 24 62 33 466 73 84 116
46 396 129 464 479 36 160 445 331 173
440 203 7 89 314 454 439 398 438 97
188 217 349 462 471 421 337 172 288 65
489 225 372 343 405 429 156 47 432 420
126 408 152 388 51 135 472 122 448 385
362 263 446 348 307 304 15 246 382 127
4 497 237 375 191 306 88 204 281 369
184 361 282 436 380 154 465 384 98 124
232 124 90 380 436 383 27 85 303 154
56 50 298 267 6 424 134 481 400 66
65 349 462 209 106 103 452 188 289 423
131 280 138 202 87 70 435 59 368 415
179 125 346 330 86 121 393 453 430 450
384 124 303 317 52 380 471 361 463 232
332 74 273 324 315 161 390 474 49 146
458 66 481 35 333 8 171 92 23 400
325 339 189 60 226 101 178 17 479 61
279 233 301 359 498 493 166 82 285 323
420 405 210 20 156 372 21 32 305 489
178 346 121 325 17 223 339 393 1 125
488 318 204 190 310 97 281 137 128 4
167 192 297 248 235 404 399 61 3 173
191 153 182 321 265 306 237 290 497 213
327 164 473 319 120 486 187 398 22 368
469 72 80 11 425 163 444 45 292 278
215 383 124 303 90 282 380 463 220 436
301 224 279 446 127 304 263 285 155 493
394 454 162 470 29 440 39 398 407 365
167 404 476 3 228 251 101 61 248 393
449 96 26 114 159 452 344 288 312 433
191 369 213 375 334 153 229 329 497 4
443 381 416 376 353 38 110 18 419 350
201 41 16 176 352 403 377 195 251 95
437 104 25 32 472 126 122 422 105 405
73 261 427 132 149 64 139 355 108 413
389 480 272 409 455 107 183 434 412 360
392 492 435 118 138 120 483 10 58 368
187 68 87 328 319 368 99 299 473 407
482 158 144 288 13 76 79 71 337 353
362 15 467 366 42 485 130 212 307 113
298 294 424 67 468 37 399 56 322 18
404 399 228 249 495 192 441 445 54 235
445 428 399 312 495 248 160 67 441 159
177 484 397 252 34 477 371 378 338 12
101 339 1 476 459 235 41 178 403 404
75 177 377 397 250 100 12 34 403 326
477 264 378 320 338 371 484 9 250 397
490 321 134 290 360 267 153 181 284 183
269 193 316 363 83 373 142 426 335 365
326 260 176 100 140 9 352 12 34 75
352 260 175 287 465 16 384 69 176 380
491 165 150 336 275 347 373 44 130 418
268 487 77 400 91 410 181 37 28 464
257 256 352 100 465 176 75 380 287 326
241 139 149 427 111 406 73 355 343 64
21 59 38 20 381 350 415 442 156 376
212 446 127 382 362 197 233 499 348 301
320 371 253 378 484 477 140 338 34 9
306 194 311 182 229 128 497 483 191 295
433 157 103 200 342 145 65 289 341 452
181 400 56 216 481 490 134 66 254 50
259 107 487 181 183 91 400 37 77 389
255 39 316 83 394 365 193 470 335 146
423 149 406 391 172 53 417 63 106 143
148 49 123 478 273 112 401 42 324 315
183 242 360 389 107 455 490 284 268 409
324 315 221 123 49 332 271 74 401 390
154 383 168 411 90 461 282 27 85 232
448 150 336 142 152 258 363 347 373 51
115 102 475 494 45 170 386 23 11 341
200 402 145 341 115 475 386 136 433 451
72 19 102 11 494 444 117 231 354 45
224 82 233 359 155 304 340 301 446 387
131 218 59 350 202 415 110 262 381 185
4 310 447 88 204 43 227 55 213 375
154 214 383 184 232 274 463 436 303 293
317 79 98 361 351 337 144 384 287 69
360 455 367 290 364 5 490 272 186 254
301 127 493 358 197 432 233 385 47 224
313 84 345 302 93 300 24 81 457 309
465 351 384 257 361 283 30 69 317 175
144 245 96 349 158 337 76 452 13 79
340 323 65 106 157 431 103 359 266 217
153 364 284 254 360 321 369 374 490 229
456 453 450 179 430 2 356 330 125 219
496 163 196 180 469 45 333 329 170 231
463 184 98 151 48 52 361 282 303 283
67 18 247 419 322 424 110 443 298 428
486 311 370 10 194 22 164 265 128 392
27 141 461 85 411 168 90 34 274 371
61 167 228 331 173 192 189 3 235 487
56 424 247 216 37 6 468 267 50 294
328 68 25 40 57 105 437 99 244 187
309 302 198 93 457 81 286 313 84 345
233 285 127 224 493 446 279 498 197 263
300 93 286 345 457 313 81 309 84 198
463 232 124 220 52 282 215 293 380 383
446 348 155 354 233 279 212 82 307 263
415 105 420 99 20 202 32 225 59 68
497 265 191 128 229 213 311 204 182 4
348 15 117 212 113 354 362 246 42 19
108 63 417 33 132 116 391 466 462 413
300 198 119 81 313 84 466 93 302 463
55 281 43 227 318 137 447 204 4 395
295 128 370 265 194 488 306 190 10 486
451 114 428 159 249 160 445 495 67 13
81 286 84 345 309 302 119 457 300 93
7 203 22 97 190 208 370 398 438 318
273 332 414 123 221 401 146 324 271 49
365 269 394 255 193 426 39 29 234 363
384 337 283 471 69 220 361 144 287 98
227 137 97 438 310 55 190 474 203 488
187 368 120 230 473 244 492 164 87 407
264 140 371 9 253 338 34 477 484 378
182 254 229 134 153 290 58 483 191 265
18 185 110 424 294 6 131 70 247 419
340 431 359 289 166 106 64 157 82 65
273 221 74 390 49 379 315 123 332 271
17 223 189 61 226 3 339 346 331 167
12 176 256 9 201 140 377 338 397 252
398 230 473 7 22 486 164 162 454 319
57 299 187 68 244 407 40 29 473 319
196 180 375 88 334 292 333 237 369 447
179 86 356 219 450 459 31 125 2 453
173 46 189 297 479 61 464 207 325 167
221 146 315 273 161 439 74 414 324 89
180 92 481 334 222 458 496 292 329 171
369 329 92 374 180 375 333 237 196 364
373 83 169 418 414 491 255 401 150 269
275 347 258 152 150 388 448 165 142 491
144 317 471 283 288 69 79 96 349 209
477 9 12 320 397 253 140 326 250 264
223 101 178 251 60 226 1 325 189 235
323 289 359 157 82 431 279 65 166 266
200 475 342 277 199 387 494 115 145 266
387 341 200 157 266 199 82 155 475 433
156 139 210 429 111 442 261 489 21 225
69 26 95 175 96 236 337 144 147 16
286 457 302 313 81 300 93 84 309 24
226 219 121 393 125 17 86 178 325 3
388 336 44 258 499 165 275 382 152 150
307 304 212 354 446 117 15 19 362 263
452 217 209 288 96 65 337 103 462 76
381 59 110 280 262 131 38 322 238 415
287 30 283 71 144 361 69 79 465 98
257 176 16 260 239 175 256 201 465 326
416 158 443 76 238 143 109 245 419 13
19 348 304 155 199 307 387 117 494 446
427 498 139 429 166 64 47 261 241 493
2 31 330 450 0 459 456 179 430 86
54 147 41 95 441 404 495 101 16 71
385 135 197 285 408 499 127 432 422 388
323 340 166 279 224 82 289 431 157 498
284 490 272 455 183 290 254 367 242 181
184 98 384 214 283 287 351 380 465 317
246 212 467 382 15 263 307 44 348 366
142 193 448 255 150 373 78 275 426 51
374 290 369 153 284 5 367 92 334 237
426 316 394 29 57 193 269 40 255 94
485 205 130 246 467 14 418 42 478 44
455 5 186 284 410 171 364 409 360 28
492 319 87 138 244 120 187 392 243 218
374 237 334 364 153 375 92 191 290 329
22 295 311 190 486 314 128 488 7 97
264 484 320 34 378 140 250 253 177 9
405 489 432 422 210 104 225 385 47 472
150 335 491 363 142 418 255 83 258 169
364 369 92 334 5 171 290 481 237 333
329 88 213 237 334 4 369 196 191 180
38 416 460 53 238 442 381 143 353 262
403 201 252 12 397 75 326 195 31 239
484 264 253 477 371 320 250 338 34 397
390 49 425 395 324 112 80 271 74 55
436 124 214 215 384 220 361 465 232 282
350 38 238 110 262 376 59 443 18 280
44 499 467 362 263 197 347 212 246 388
232 274 90 282 154 215 168 303 124 436
317 220 361 287 283 380 124 214 257 98
358 422 408 432 135 472 372 285 197 104
115 23 136 133 277 35 276 170 402 458
155 199 342 82 341 354 157 475 494 304
347 135 499 211 336 152 408 197 44 382
107 242 480 412 272 409 183 434 487 268
379 324 395 74 49 55 474 221 137 273
63 270 206 172 149 421 423 308 413 466
243 10 120 492 164 483 138 368 194 230
3 86 476 17 346 459 219 226 61 167
234 365 316 29 269 162 39 470 426 454
55 390 43 379 80 425 137 310 74 324
207 445 479 441 160 46 36 60 129 249
250 12 252 338 177 477 377 9 326 484
7 327 454 162 473 208 22 234 440 230
468 249 248 192 67 247 428 228 445 495
181 66 267 77 56 259 410 37 171 268
169 478 14 123 414 315 485 271 418 273
451 277 145 136 114 312 449 160 386 200
377 201 195 41 239 252 251 75 30 459
248 235 54 441 101 228 357 495 167 251
372 225 104 420 210 422 32 489 432 472
111 270 149 53 460 423 261 442 431 391
29 187 162 57 473 328 234 319 365 394
385 135 472 211 422 358 126 388 104 499
480 28 242 186 174 455 434 389 412 367
5 186 171 400 367 259 66 28 481 77
461 154 274 85 168 296 27 141 436 383
434 174 487 389 480 107 28 409 242 268
73 206 62 33 108 24 391 149 116 241
83 315 169 401 335 146 332 39 123 269
305 59 20 202 280 262 99 420 21 105
376 143 353 53 238 460 443 423 76 38
308 106 132 431 63 108 270 462 423 64
491 205 169 14 335 130 373 366 165 485
18 443 13 294 67 428 158 353 322 110
225 32 305 405 20 105 104 415 99 25
48 188 172 63 462 151 109 391 466 209
472 385 372 104 432 408 405 358 489 240
270 172 53 106 143 462 406 417 391 431
298 6 322 247 185 294 216 70 18 56
379 80 112 231 444 72 395 49 390 43
365 193 94 78 316 40 255 394 363 29
355 241 64 261 132 139 166 73 498 431
13 495 312 249 67 482 419 159 399 147
47 489 139 355 343 210 498 493 432 372
453 125 0 2 179 121 456 291 356 219
323 106 64 417 166 289 423 132 340 359
372 489 47 385 422 493 358 285 210 405
266 103 145 449 452 200 157 65 236 342
412 480 174 409 389 28 242 487 107 186
138 70 118 243 492 6 218 131 185 58
380 85 214 154 215 282 100 124 465 411
240 122 25 40 94 126 299 32 104 51
203 474 97 137 161 318 89 208 74 314
470 440 89 146 39 332 161 208 454 234
439 470 454 208 89 234 398 7 146 39
445 60 396 404 147 357 101 479 248 249
460 156 111 21 376 38 343 262 406 53
238 419 353 18 158 13 110 416 381 294
72 112 117 425 278 113 231 148 11 19
441 249 396 160 147 159 312 495 248 428
304 263 212 233 348 127 301 279 362 307
43 281 88 163 310 196 80 55 4 329
142 275 152 363 51 78 150 193 336 373
236 452 433 145 114 96 402 103 159 349
291 356 179 330 456 2 453 430 219 31
402 312 114 160 136 36 159 249 428 445
349 449 96 433 103 236 288 217 65 145
179 430 291 125 450 219 456 2 330 0
234 398 440 162 470 7 208 439 327 394
367 284 360 409 186 242 272 5 183 28
291 2 450 430 356 453 179 0 330 31
81 345 302 300 313 286 309 93 84 198
23 222 35 170 333 496 66 481 386 133
86 31 1 476 251 330 393 356 0 178
442 53 111 406 376 416 38 423 270 156
411 141 168 296 274 27 85 154 90 383
217 172 106 209 423 63 188 421 417 65
303 293 52 48 184 282 220 309 232 98
46 129 91 173 77 207 8 259 331 487
287 257 260 75 195 361 380 214 100 351
116 198 63 119 309 33 48 421 206 391
44 130 246 382 366 362 165 205 485 15
399 37 192 91 247 77 298 67 249 173
11 231 45 292 163 496 72 102 170 80
439 440 39 234 146 454 394 89 269 162
317 337 188 209 52 220 283 48 384 69
422 104 408 126 240 385 211 405 372 32
187 407 230 319 327 162 398 244 29 328
161 74 137 438 390 221 318 55 89 324
494 341 276 115 199 102 277 200 342 387
3 393 235 459 251 86 167 17 61 1
253 338 378 397 250 320 484 264 9 12
401 485 14 123 271 169 148 42 366 205
396 60 46 189 207 331 441 223 445 173
434 409 242 389 412 174 28 107 455 272
92 171 222 66 267 333 400 216 458 410
245 13 495 71 428 54 158 144 288 147
182 194 58 10 243 392 118 321 265 134
250 378 371 34 177 264 477 320 253 397
366 14 478 42 205 401 246 169 418 148
164 295 22 230 327 10 370 120 311 7
259 268 28 107 412 173 174 91 389 186
227 128 190 204 497 311 370 97 318 306
47 372 210 432 429 405 493 422 343 225
254 360 183 181 267 272 284 290 268 400
258 418 165 150 373 130 205 335 44 169
120 138 368 243 392 435 319 164 87 10
498 47 285 301 432 224 489 355 429 233
475 102 199 19 276 278 341 115 11 354
428 54 482 147 249 248 13 357 445 71
292 170 45 469 333 180 458 23 163 196
306 213 4 204 128 191 488 265 237 281
493 355 166 47 224 429 301 427 359 285
197 388 135 382 347 44 358 263 127 408
