341 384 421 293 227 124 356 430 49 34
108 193 85 448 100 6 66 485 143 122
68 327 201 227 207 341 252 34 158 97
44 164 93 379 453 29 221 173 64 488
117 50 196 11 354 273 109 72 424 241
265 264 92 189 271 256 382 95 217 414
328 66 419 237 193 1 165 296 108 115
82 316 498 102 335 427 456 493 170 58
100 168 318 177 183 260 85 248 143 279
432 408 335 90 434 72 316 460 407 449
112 314 246 206 118 469 492 84 23 269
273 109 4 196 499 144 402 50 17 117
481 400 238 436 282 197 166 415 330 241
149 310 317 298 364 433 443 337 70 464
107 381 71 390 228 363 133 346 235 74
303 248 79 127 69 313 168 305 122 462
59 215 304 247 386 56 430 467 452 293
273 83 350 460 196 144 90 96 11 72
298 60 426 433 374 220 26 299 317 429
55 57 121 245 63 98 347 300 24 416
392 203 302 375 152 281 445 284 126 322
267 286 478 244 470 54 312 360 207 159
348 359 91 86 373 308 287 299 134 150
246 343 118 249 160 469 288 10 283 112
394 63 365 261 300 245 250 19 416 57
84 479 270 170 214 269 393 367 230 254
399 220 374 18 439 272 319 433 426 130
175 472 72 117 424 432 139 401 354 4
74 406 482 111 186 278 268 133 235 336
221 181 254 173 307 3 164 93 51 479
441 190 213 357 431 42 47 447 332 315
123 187 480 403 496 182 385 279 200 183
192 444 488 306 251 453 340 236 292 439
119 257 404 437 222 165 370 373 155 223
227 312 207 421 346 390 2 327 0 341
210 105 345 462 494 351 442 128 69 291
106 461 49 486 274 491 197 124 363 202
78 376 385 101 422 208 496 446 260 480
337 311 209 153 310 231 468 103 443 275
125 435 495 208 232 446 422 266 369 366
76 142 184 323 47 411 442 190 438 468
199 403 185 291 88 200 123 187 31 147
332 441 219 289 315 30 357 151 81 67
382 378 276 410 146 120 99 92 226 264
3 379 64 453 488 362 164 93 113 474
372 70 464 388 114 48 174 364 450 447
353 198 397 81 420 289 361 224 262 178
438 431 190 142 411 40 30 87 320 213
447 315 372 174 388 45 151 142 190 70
384 36 491 124 486 461 421 363 106 0
241 4 354 109 117 11 415 424 330 196
181 476 214 254 131 174 314 84 173 29
155 116 490 234 333 222 342 404 280 216
466 325 191 135 413 250 240 465 369 471
267 339 159 77 352 21 286 360 478 61
440 19 417 98 347 57 121 416 445 451
304 499 171 386 144 326 16 355 215 59
416 347 19 63 394 55 245 284 24 440
239 493 188 498 456 383 97 82 395 137
16 430 293 386 452 247 124 326 215 304
426 18 299 136 298 317 374 91 433 412
242 360 352 470 267 478 148 178 141 54
140 497 319 251 340 130 450 173 93 453
245 24 57 394 19 416 300 121 261 347
379 362 113 44 474 176 477 236 488 3
321 334 223 222 490 437 333 216 329 165
6 419 473 115 108 489 328 1 122 487
206 131 492 151 219 112 314 10 361 315
201 97 2 158 252 327 229 162 341 207
210 128 248 303 15 462 177 494 35 168
464 45 372 149 156 364 114 48 13 388
107 14 235 202 282 381 238 363 74 436
432 196 460 27 117 9 175 4 449 17
88 345 105 132 324 291 367 351 270 185
133 28 235 381 268 482 406 377 111 186
262 253 255 420 475 268 278 224 89 77
184 40 323 468 153 313 142 305 311 442
339 159 377 255 54 262 228 89 268 133
422 496 37 385 240 182 465 208 376 125
122 127 15 168 248 108 138 473 100 305
425 301 309 366 485 448 172 446 398 143
289 46 332 353 459 198 357 219 42 178
7 170 493 498 393 427 316 58 270 132
350 17 205 460 163 90 243 96 449 204
214 314 25 269 170 479 10 51 469 254
448 1 143 100 318 108 193 8 485 309
299 22 134 91 359 484 348 429 426 380
431 383 395 94 438 239 47 213 258 320
185 73 324 291 147 41 105 199 414 345
198 262 352 339 178 77 255 242 420 54
408 460 449 204 211 9 205 243 83 95
348 22 287 299 86 136 60 412 359 263
382 276 389 5 189 264 271 226 391 43
173 497 453 3 251 29 44 140 181 62
258 395 87 145 213 141 431 459 239 357
271 338 265 449 211 189 163 5 256 90
350 243 171 355 204 144 83 205 408 90
68 158 252 162 456 201 188 58 229 2
121 55 104 161 417 19 300 120 167 440
120 365 378 250 191 43 104 410 135 276
168 8 85 108 1 318 122 79 143 248
446 376 37 309 301 208 143 318 385 260
456 349 335 7 498 434 162 316 467 82
311 231 305 138 468 127 489 38 153 473
300 120 98 121 161 365 99 19 55 245
35 345 291 494 73 88 210 200 351 132
461 202 36 197 238 363 274 49 330 107
363 14 71 202 346 461 390 381 106 491
122 1 100 473 66 85 79 168 193 6
402 11 50 330 241 274 4 499 273 481
344 277 180 294 126 259 281 290 454 297
278 186 475 387 224 28 406 268 283 253
10 118 492 206 194 361 246 314 67 283
474 64 379 176 451 167 212 405 362 44
464 272 130 45 388 450 364 70 220 433
489 419 487 66 473 275 179 138 6 119
342 52 216 333 490 234 334 155 398 222
4 354 424 72 27 196 50 139 368 11
112 23 246 194 249 10 283 343 160 361
33 257 165 487 437 419 328 223 404 115
104 99 161 410 98 365 43 378 417 300
300 98 19 104 245 55 63 161 24 57
79 108 473 127 138 66 168 100 489 1
403 31 182 199 496 463 41 187 480 455
384 486 452 49 293 0 36 59 421 326
465 39 422 208 495 325 369 435 240 78
180 392 281 344 110 225 284 294 297 203
79 305 138 122 15 103 473 313 303 489
69 210 494 279 177 200 248 35 187 183
458 221 307 409 164 217 230 479 29 254
272 319 114 450 62 220 140 340 26 399
67 151 206 314 174 51 476 214 315 84
270 351 393 345 73 320 367 82 25 170
74 377 381 268 228 28 159 77 235 14
218 380 484 86 359 157 429 292 22 299
191 413 471 53 226 378 391 466 250 463
412 287 60 91 317 299 298 263 443 348
148 188 252 141 358 395 470 239 242 58
489 473 127 103 231 122 305 79 115 311
424 368 472 343 288 27 354 469 401 117
450 497 62 476 173 130 388 93 251 319
148 145 242 137 395 178 94 470 61 358
190 447 40 323 47 156 372 76 48 30
448 318 85 309 376 101 260 100 485 1
171 273 499 350 17 56 11 96 355 196
178 141 459 242 94 258 198 148 395 357
264 382 405 217 458 43 212 410 92 5
414 185 256 324 88 271 199 455 95 391
141 137 470 358 242 61 244 252 145 188
13 70 337 310 464 364 156 372 45 433
454 290 308 295 277 359 380 195 370 344
315 131 174 67 48 388 476 441 447 219
157 331 375 281 195 20 322 392 218 380
311 337 468 38 323 156 76 103 310 231
160 371 166 288 428 400 336 415 436 249
52 234 280 404 370 490 116 295 483 222
323 372 153 337 70 149 142 447 76 45
152 218 380 195 331 134 281 454 375 322
229 201 162 97 68 356 423 456 2 349
77 228 54 377 339 286 267 255 133 21
154 23 288 249 428 343 371 166 387 118
410 167 98 120 212 104 417 121 55 451
158 229 349 456 423 97 102 467 201 68
205 189 449 338 83 265 211 95 90 243
221 3 379 129 29 458 474 44 307 64
328 223 119 437 487 419 33 6 237 321
436 336 154 400 428 371 12 482 160 282
417 212 161 410 451 98 113 405 120 55
100 248 8 79 177 15 122 108 69 85
483 172 259 418 266 294 366 234 280 232
393 82 269 25 427 84 493 270 401 7
355 144 56 96 304 499 350 204 408 273
483 234 169 342 280 425 398 80 259 155
93 497 181 29 140 3 476 51 453 62
388 476 48 151 131 51 315 450 45 447
401 432 427 27 472 316 72 9 469 269
451 477 445 113 362 302 64 440 167 236
183 279 128 8 248 168 69 260 480 187
145 198 242 89 141 459 352 61 46 148
285 275 263 487 115 412 209 443 489 287
126 294 225 297 110 344 284 418 392 281
254 51 29 173 214 476 221 307 479 93
463 123 496 240 31 78 413 199 403 455
177 260 480 279 8 187 318 385 376 128
76 313 442 40 468 462 303 305 411 323
88 41 147 199 291 256 324 455 403 73
406 111 428 336 387 28 482 278 283 249
279 403 31 480 200 183 123 41 177 291
239 58 137 395 252 97 493 383 141 498
163 265 92 338 5 95 271 389 449 205
447 30 142 441 47 315 431 213 48 40
135 250 53 378 466 99 413 365 226 261
32 292 444 306 439 429 488 484 340 236
296 1 485 237 6 448 85 108 66 328
283 397 361 118 112 224 353 492 249 387
454 281 344 157 380 152 277 150 110 218
273 4 17 72 460 11 117 144 83 50
238 330 106 481 12 274 202 36 282 461
178 89 46 262 420 81 145 459 352 353
41 185 123 403 455 463 182 147 88 31
494 291 187 403 279 41 128 105 31 480
158 68 2 356 341 229 97 227 162 430
106 238 107 71 461 282 197 363 36 12
20 392 445 284 347 440 302 126 375 225
408 355 243 90 211 96 205 350 407 171
163 243 211 338 83 90 449 204 189 350
67 10 492 314 112 131 361 151 118 246
327 2 34 312 244 227 286 358 21 68
422 446 39 125 37 435 101 78 465 301
38 443 310 275 285 231 337 311 179 317
69 35 462 128 494 303 105 248 442 345
338 90 205 204 243 95 449 163 408 265
167 410 405 161 474 113 146 417 451 43
258 30 357 431 94 87 190 459 441 47
51 84 254 479 25 314 181 131 476 269
467 16 407 247 304 434 423 355 408 59
329 334 116 342 398 333 490 222 321 52
264 458 409 146 129 5 414 405 382 230
134 157 380 484 331 292 152 195 429 86
289 42 67 492 332 361 353 81 151 206
272 26 433 364 18 130 374 399 298 114
164 29 307 129 254 3 181 479 458 230
437 490 65 223 404 321 33 334 52 155
321 437 165 328 65 222 237 119 334 6
283 397 475 420 111 387 194 46 278 249
284 297 180 233 126 396 416 294 392 203
389 471 276 391 135 378 92 413 455 382
341 34 2 421 0 207 201 384 356 327
159 377 381 133 14 77 390 54 286 268
158 423 162 356 201 247 430 349 97 467
409 367 307 479 129 270 414 324 25 217
103 311 489 275 138 38 209 468 305 115
418 266 495 297 435 396 39 294 366 180
457 416 396 225 394 284 297 347 369 261
155 280 172 483 342 52 404 116 370 295
482 74 71 282 436 381 28 336 133 406
362 322 306 477 488 375 331 32 302 64
296 328 6 193 321 223 329 165 437 485
197 282 12 202 106 481 436 71 330 400
188 383 58 395 87 493 137 94 498 320
465 413 182 463 78 422 325 53 496 125
50 481 415 330 109 354 400 12 4 197
61 141 148 178 352 145 470 89 137 358
204 96 205 211 350 90 355 83 338 408
470 358 21 327 286 207 312 478 148 267
63 300 19 121 24 57 104 394 98 55
23 10 118 343 469 112 269 314 249 160
430 423 16 215 59 467 229 356 293 349
168 15 69 79 177 128 303 8 210 100
387 283 23 160 428 118 194 246 186 224
261 191 365 466 99 53 24 457 394 135
340 453 444 62 32 497 93 488 319 140
358 327 137 68 97 188 2 148 244 470
75 278 268 475 255 111 262 420 224 28
181 479 307 29 214 221 51 25 84 173
77 262 75 377 268 339 253 89 159 420
391 271 147 455 5 414 95 389 185 264
33 119 373 404 263 437 487 370 165 348
213 94 357 459 145 431 87 395 30 332
483 290 169 277 110 294 280 295 418 172
183 376 318 480 385 8 177 143 37 279
394 250 457 24 466 365 369 416 233 63
75 255 89 420 198 77 339 253 46 268
287 179 412 285 348 257 136 373 487 91
146 382 5 217 92 409 256 458 414 43
449 5 95 189 163 271 338 92 211 256
418 366 232 435 169 39 495 294 301 297
478 54 21 360 61 352 470 339 286 244
377 133 253 255 278 74 28 111 77 75
469 401 170 84 25 427 314 246 472 10
367 132 25 393 170 230 479 427 324 82
95 256 391 389 338 189 5 265 92 147
220 130 114 364 464 26 319 433 450 399
17 196 11 144 4 460 350 499 83 171
402 330 36 486 197 109 106 326 452 49
179 231 209 489 285 115 443 38 487 311
92 43 378 382 226 389 391 189 264 135
344 454 290 110 259 150 195 281 295 126
111 253 475 28 268 186 406 75 224 74
187 177 183 128 480 200 494 31 403 260
483 155 234 295 370 404 290 259 172 52
344 392 126 195 152 20 110 277 454 157
436 238 12 235 71 202 482 166 197 400
224 387 194 249 118 397 111 428 475 186
225 203 347 392 416 233 126 180 440 57
179 412 443 275 209 263 287 317 136 310
312 21 244 390 207 159 267 54 228 470
412 263 136 348 91 285 22 179 299 373
368 371 160 154 343 139 23 415 424 400
219 353 81 332 361 42 46 492 397 67
295 277 150 259 454 308 280 483 110 370
200 41 105 494 88 403 185 73 187 35
429 192 484 439 444 374 218 306 32 426
430 59 0 124 356 452 341 384 247 386
418 180 110 297 259 169 232 225 126 266
290 370 308 280 150 483 259 155 277 454
193 237 485 329 425 398 6 321 448 328
225 180 294 232 418 396 233 495 126 284
317 18 433 60 13 136 364 426 220 443
426 60 86 91 136 429 18 484 374 22
121 104 245 24 19 365 63 98 55 120
309 446 80 366 101 435 425 266 143 208
375 20 477 445 203 176 322 236 392 152
313 15 462 69 210 248 184 442 305 127
56 355 16 215 171 386 407 408 499 204
127 103 313 468 138 15 311 184 79 303
322 236 192 331 32 488 292 362 444 375
479 221 254 129 230 29 409 164 181 214
370 295 150 373 359 22 290 280 348 454
301 143 101 80 448 446 485 425 376 366
337 443 13 209 38 317 149 285 153 298
103 38 231 468 153 209 337 305 138 275
286 390 34 207 244 21 346 327 227 2
303 184 305 15 462 76 442 468 127 103
84 10 206 214 131 269 246 112 51 469
447 151 48 441 190 174 42 372 30 131
335 7 427 82 432 9 102 175 434 498
298 443 13 412 136 310 60 433 18 285
143 260 8 85 376 100 183 448 101 309
340 130 399 62 26 272 444 251 439 220
393 351 438 383 132 411 493 345 47 170
223 65 334 237 329 222 437 328 216 296
331 236 375 306 477 302 152 362 20 192
76 156 153 40 142 468 184 337 372 447
367 414 147 88 73 185 270 230 409 132
466 53 465 369 125 240 457 413 495 191
386 452 499 402 56 486 59 274 124 16
207 358 252 2 244 68 470 34 227 312
6 165 237 419 223 437 321 66 119 487
216 398 296 334 321 342 237 425 116 485
274 197 481 109 402 241 106 238 12 36
322 152 375 157 306 218 236 302 192 20
357 42 81 289 459 219 441 30 213 258
490 116 334 216 52 65 222 342 329 321
216 65 321 333 329 490 222 116 223 398
316 434 102 7 9 349 467 407 456 432
166 428 406 186 482 436 154 28 235 387
38 310 153 149 156 209 311 13 323 443
211 95 205 189 163 271 449 265 243 90
77 54 352 89 255 159 262 267 377 61
319 444 251 399 62 439 32 130 192 497
0 227 356 201 2 293 421 430 384 229
398 116 234 216 172 329 52 425 155 490
23 246 469 139 288 472 160 118 368 249
110 281 277 195 126 454 180 392 290 294
351 105 35 73 132 320 411 462 442 494
363 491 421 34 390 107 312 461 14 384
440 57 416 55 284 19 203 445 233 394
22 91 287 373 263 136 86 359 257 308
467 423 102 162 434 456 335 229 247 215
96 83 17 144 243 171 204 273 205 460
345 320 411 132 442 438 393 35 73 105
61 339 89 242 54 178 360 267 77 198
46 361 397 289 81 194 420 492 219 198
424 50 117 368 4 241 415 139 27 371
204 171 304 96 408 56 407 243 90 144
430 341 229 201 293 158 247 0 423 59
258 459 332 213 30 81 42 94 145 441
470 327 148 244 252 137 207 141 242 21
22 86 134 308 150 380 91 348 454 373
478 61 267 352 21 54 470 242 339 244
492 353 194 397 112 289 46 219 118 283
477 236 64 176 44 488 113 322 379 306
461 107 491 346 202 106 49 14 36 71
464 433 272 220 114 149 13 70 298 45
250 99 24 261 300 104 120 191 394 63
435 301 266 446 80 39 309 232 169 418
270 324 230 414 409 132 427 73 25 479
424 288 139 354 371 415 343 472 154 160
396 325 495 457 466 125 233 261 465 53
308 295 280 404 373 155 290 150 257 234
415 154 288 400 368 160 166 481 12 354
45 48 70 447 156 315 388 464 142 174
348 370 308 257 22 263 404 33 91 287
426 429 26 439 18 399 292 220 60 299
302 322 20 152 331 477 236 392 203 306
260 37 101 385 318 143 480 309 183 78
77 133 268 228 159 255 381 74 339 262
43 276 99 191 226 135 382 120 410 250
64 474 44 113 164 3 362 405 458 221
134 157 218 195 454 359 150 484 152 86
133 14 228 74 71 235 377 107 390 268
43 264 92 146 276 5 378 389 410 226
239 87 438 320 493 58 395 431 393 188
49 124 0 421 491 293 486 36 341 227
496 37 480 376 78 260 31 183 101 182
326 452 56 59 16 499 304 293 215 124
283 249 428 186 111 224 336 194 160 475
174 45 450 48 114 476 151 372 464 140
226 92 391 276 271 189 256 471 5 382
312 14 286 346 228 34 107 381 159 207
455 256 471 389 226 271 92 135 5 276
20 126 281 203 284 344 225 152 180 302
320 170 132 493 82 270 25 351 383 438
261 24 416 457 63 233 57 19 365 250
94 239 87 188 141 137 383 145 258 58
495 369 233 457 297 232 225 39 466 416
353 224 194 420 361 46 283 475 289 198
342 425 329 216 296 485 116 172 80 234
26 439 319 374 340 444 220 130 429 272
12 166 415 371 436 481 154 282 241 238
472 175 469 269 427 27 170 343 432 139
274 109 326 330 11 499 486 452 50 36
123 187 41 31 200 199 291 480 279 182
33 155 370 280 234 222 257 437 52 119
212 474 146 458 410 113 167 217 382 264
186 28 482 336 111 428 74 278 235 166
408 434 215 467 355 304 204 9 90 335
407 204 90 355 460 9 211 304 434 171
230 217 414 129 367 458 264 307 324 5
212 161 167 43 120 405 417 146 382 378
442 351 438 320 47 40 184 462 345 383
136 287 285 443 317 263 179 91 60 209
135 471 463 240 53 455 191 182 226 325
147 324 409 367 256 230 5 217 264 265
371 400 241 481 368 354 12 288 154 50
57 233 394 347 63 284 457 19 55 225
167 55 451 98 440 161 445 410 212 120
294 232 266 297 169 180 259 435 366 110
487 66 115 6 328 165 119 473 489 237
224 397 262 46 75 475 198 353 253 89
384 0 227 34 346 491 341 49 124 363
78 465 208 125 37 240 39 496 325 385
229 349 467 247 162 215 430 158 356 434
139 354 368 117 27 472 288 4 50 343
80 485 398 296 342 172 448 329 309 301
60 374 18 299 429 298 26 484 439 292
316 401 175 82 170 7 269 270 432 367
186 387 336 249 154 160 166 406 111 283
292 374 484 426 439 299 192 18 26 399
293 247 59 356 16 229 423 341 0 215
87 47 213 438 94 30 258 383 190 395
9 175 72 316 27 427 460 335 449 401
298 364 220 18 13 272 26 317 60 464
407 335 467 349 102 215 9 408 316 423
366 39 266 446 232 208 301 495 125 418
166 282 12 400 336 482 235 238 154 481
222 223 165 33 119 65 321 328 257 404
47 320 411 383 431 87 351 393 442 40
399 374 429 292 444 26 192 340 484 426
55 445 347 417 451 203 19 284 98 416
30 315 42 190 447 332 151 213 48 357
411 462 184 351 40 313 303 35 438 345
285 209 310 317 412 13 38 136 275 179
340 32 192 251 439 399 292 319 488 306
440 451 203 176 302 347 20 417 55 477
301 101 208 435 366 309 37 39 80 376
48 315 190 142 372 441 30 151 174 45
85 143 485 309 1 193 318 80 425 296
265 90 95 163 460 211 189 338 205 9
140 388 130 114 476 62 174 497 45 272
176 445 417 167 113 440 55 477 212 98
326 386 124 486 59 293 16 384 49 56
488 93 251 44 32 3 497 173 444 340
277 195 150 290 344 380 281 110 157 295
391 471 463 256 199 413 271 185 226 147
498 102 162 349 97 58 7 158 493 335
261 233 394 369 396 466 416 250 24 325
217 129 405 146 474 164 409 264 221 379
357 145 258 81 332 178 198 94 213 46
90 17 196 449 72 83 408 9 273 204
363 106 36 491 49 202 107 346 486 384
442 210 303 35 313 69 184 411 345 351
182 413 455 471 240 123 199 391 135 496
70 364 114 45 149 272 372 388 433 220
125 422 240 325 78 53 208 369 39 413
53 325 250 369 261 457 191 135 465 394
215 349 423 434 407 247 102 335 16 162
311 76 103 153 305 184 323 313 38 231
269 401 246 472 343 10 23 84 314 139
244 148 358 61 242 21 478 267 327 137
391 455 413 135 226 463 389 256 53 191
401 139 469 27 175 343 424 269 246 368
122 489 138 66 115 108 127 419 79 6
113 379 405 458 64 212 164 167 146 44
224 278 111 253 420 75 397 283 268 186
51 174 388 140 450 181 131 151 173 214
362 176 236 302 322 375 64 445 451 113
267 360 21 470 61 244 54 286 352 242
307 254 25 214 230 84 270 221 181 367
183 187 31 385 279 260 496 403 177 376
12 241 400 330 197 415 238 436 50 371
406 235 336 28 74 436 186 166 282 428
280 259 172 169 234 295 290 155 370 404
429 292 134 218 86 299 426 439 374 192
425 448 296 193 80 398 1 309 85 143
124 452 36 49 274 326 384 402 461 386
419 115 119 165 179 328 66 257 275 263
453 32 44 236 362 306 251 192 444 64
138 115 473 231 275 66 103 419 122 179
333 222 52 116 334 65 216 155 437 404
363 49 461 346 384 421 36 107 106 124
361 112 206 67 219 194 10 353 289 131
58 498 82 393 383 239 320 170 7 188
200 128 291 105 210 35 279 69 187 345
39 396 232 369 125 435 297 325 266 457
385 78 31 182 123 480 37 240 422 187
173 140 62 93 251 453 450 340 181 476
456 493 58 7 82 102 239 188 316 393
56 326 144 386 11 171 402 273 304 452
