127 425 481 291 183 440 265 420 209 49
231 465 403 117 292 242 107 182 406 350
315 459 177 313 304 76 420 345 335 67
47 26 340 235 387 482 222 33 346 275
39 449 173 395 135 385 219 436 490 247
366 27 145 37 341 171 267 476 391 216
242 119 101 353 292 403 182 9 419 210
327 105 169 128 396 484 437 73 262 285
463 98 278 45 51 408 215 268 290 16
210 399 353 119 329 339 182 87 441 316
108 131 259 246 322 190 150 302 14 427
404 321 244 325 341 488 267 59 123 96
419 385 409 95 29 295 272 173 135 247
200 492 162 208 330 280 22 342 372 211
415 246 282 259 322 198 467 190 201 112
303 24 94 293 85 382 53 436 277 392
272 408 204 17 463 101 45 8 409 290
408 16 272 385 449 470 445 12 204 411
167 133 473 88 248 120 441 74 90 316
192 52 471 498 185 186 478 126 91 250
38 71 491 92 43 427 434 301 150 333
439 324 138 72 241 172 401 83 361 115
372 342 430 208 451 330 492 99 13 280
368 57 89 275 482 443 412 435 340 387
15 365 35 233 392 382 436 85 303 395
291 106 355 36 140 227 265 217 209 425
3 55 424 482 423 47 340 238 433 368
229 50 5 37 448 160 216 366 171 163
54 55 458 402 179 261 424 110 460 294
303 247 173 80 12 295 419 468 385 436
258 393 59 197 134 283 376 457 428 86
316 281 399 34 406 422 386 329 357 113
456 139 178 348 199 326 264 477 252 151
386 346 387 405 222 113 3 47 235 281
357 129 317 31 406 386 48 364 281 132
436 382 24 39 141 365 233 392 240 395
217 25 140 206 209 291 471 186 453 19
448 163 5 267 123 341 27 421 240 145
491 20 301 43 333 483 92 71 56 150
4 35 143 256 395 233 130 436 494 219
421 249 260 431 375 404 255 379 123 224
326 477 317 456 489 48 34 139 357 388
308 376 205 305 394 86 447 157 243 137
483 38 232 252 333 56 20 71 348 301
447 397 286 394 337 226 442 358 359 418
290 204 452 8 411 408 463 16 51 195
455 499 434 180 234 60 165 82 393 407
3 194 323 26 346 424 222 184 33 387
222 129 139 326 34 388 317 132 41 489
306 440 425 179 481 183 245 347 127 0
229 27 216 160 171 236 5 366 147 109
98 268 444 8 215 290 221 464 463 287
91 67 19 126 177 498 471 420 209 352
94 231 303 187 277 468 15 293 80 75
261 28 402 228 110 410 458 398 294 343
26 424 28 179 423 433 416 460 458 110
333 92 232 483 199 104 369 43 71 146
435 23 412 221 443 374 87 360 368 275
396 437 276 262 61 7 169 128 484 168
428 321 30 86 283 258 488 244 11 96
413 307 434 180 46 274 499 414 429 104
164 396 169 276 58 300 493 437 7 168
137 124 100 305 96 86 205 159 189 428
142 332 466 337 442 439 367 116 115 172
115 377 367 332 439 466 461 190 63 72
327 153 496 284 73 309 243 128 271 363
81 474 78 288 270 361 83 79 371 401
420 52 76 183 177 315 459 127 91 2
102 166 157 198 447 112 359 442 134 376
158 84 454 226 334 311 418 271 370 378
450 320 138 79 383 324 371 156 106 140
307 20 434 104 92 232 56 60 43 413
115 21 241 439 142 172 83 324 332 64
65 363 327 105 128 380 153 111 7 285
441 88 475 176 133 485 384 329 120 167
187 231 350 429 299 465 144 53 269 414
315 245 459 67 296 183 304 2 420 287
400 398 481 306 152 402 149 410 254 390
66 270 390 81 298 103 254 361 202 474
202 106 138 70 474 371 361 81 103 355
419 403 468 29 242 295 303 53 231 1
66 202 78 254 474 371 79 103 361 227
283 244 249 393 234 455 258 46 180 457
270 361 241 288 21 66 138 72 474 298
118 69 370 206 454 311 453 383 334 186
392 224 255 379 382 94 15 240 24 431
137 305 376 42 59 428 62 124 205 157
412 339 360 210 9 290 57 435 329 432
248 176 74 133 18 441 167 422 384 475
23 443 125 423 433 368 482 416 26 57
114 485 473 133 175 475 93 120 18 310
52 498 471 177 209 19 420 349 126 67
263 150 71 56 104 333 20 434 165 301
195 469 485 475 114 310 362 90 204 354
187 15 277 53 255 85 293 224 299 303
314 409 12 362 354 470 419 204 195 175
325 488 428 124 62 391 476 11 100 137
495 365 319 392 181 141 318 379 240 147
215 287 51 8 463 374 444 221 360 290
335 257 372 345 430 352 203 208 22 464
486 266 230 124 62 391 159 476 196 96
272 210 6 409 16 119 339 9 353 360
394 68 359 376 166 134 286 447 42 157
202 298 149 361 270 152 254 81 78 343
369 413 307 71 92 56 434 60 499 269
111 174 73 7 285 251 351 121 484 356
140 25 79 227 355 371 202 70 265 453
357 465 117 132 151 154 1 477 406 364
131 10 491 301 150 427 246 302 259 38
229 141 318 448 181 147 27 495 97 319
261 424 294 28 54 184 194 55 460 228
105 351 174 250 344 363 73 237 380 155
197 134 415 198 201 166 68 457 14 157
281 422 384 176 386 33 248 31 329 387
90 310 175 485 93 314 473 469 362 475
72 439 64 332 142 367 63 21 466 377
198 442 466 446 282 461 367 359 166 63
364 292 107 154 132 1 465 406 350 357
84 185 186 453 206 170 217 370 36 311
182 6 403 9 210 409 419 101 353 242
362 167 441 175 473 475 18 316 195 210
484 251 356 262 285 212 105 174 396 7
431 277 274 299 255 260 414 187 224 94
341 404 421 37 321 375 267 431 40 11
391 159 488 62 100 266 305 96 86 196
347 443 89 433 462 416 487 296 245 179
497 352 349 52 480 498 19 250 91 177
183 459 420 0 440 425 67 245 76 481
285 327 496 437 153 73 7 262 65 58
417 34 364 235 48 222 132 386 357 406
490 256 395 233 39 494 4 173 143 135
108 246 427 10 491 467 150 302 259 14
357 364 154 117 139 107 129 48 477 151
18 90 473 88 485 74 167 120 475 248
166 201 112 197 102 376 30 68 457 157
173 490 449 239 470 4 385 12 331 395
331 426 219 312 239 445 449 470 279 135
86 157 62 205 428 376 305 42 96 59
70 79 21 324 401 361 474 320 450 288
32 132 199 48 477 456 151 326 178 41
106 383 453 206 25 36 370 227 371 217
109 448 240 318 35 97 181 392 365 319
63 172 115 332 72 439 21 324 466 241
318 494 39 319 256 141 35 233 365 130
269 465 429 154 75 146 369 151 307 350
171 5 325 476 341 267 236 366 391 37
151 232 264 369 199 144 252 154 56 269
181 495 229 160 109 163 448 50 27 97
338 479 193 336 273 381 289 312 220 389
343 152 103 402 77 400 298 306 410 390
302 92 263 301 108 427 491 165 333 20
146 264 477 199 154 107 139 132 144 369
355 149 306 254 202 77 103 265 481 425
496 65 311 128 73 380 271 363 158 327
269 369 117 132 151 144 107 465 199 146
344 225 342 211 174 218 373 253 111 162
320 450 397 334 337 324 172 401 70 214
376 137 205 68 42 197 86 102 447 134
358 69 309 226 207 418 311 454 308 153
191 284 124 266 188 305 243 100 62 189
171 50 147 163 229 27 267 495 448 37
328 492 389 451 203 430 208 297 22 330
480 342 497 373 13 280 372 349 344 200
267 37 448 495 421 160 147 379 27 171
61 300 472 493 169 438 276 486 168 213
263 467 434 427 455 302 407 46 499 150
134 198 446 201 102 112 359 68 116 415
18 120 316 441 473 248 133 88 74 329
188 191 276 437 486 493 169 300 284 159
300 61 191 7 164 168 276 437 396 327
380 185 192 478 363 311 186 118 351 271
145 160 236 267 50 5 27 163 216 37
401 142 156 324 21 72 439 241 63 138
395 135 29 4 247 385 490 12 436 449
105 225 356 111 155 212 251 253 121 351
473 314 362 114 120 90 310 95 485 195
384 88 248 74 113 422 441 329 316 281
420 349 2 91 67 52 352 126 315 459
348 264 32 456 252 199 139 151 477 483
416 55 433 49 458 28 347 306 440 460
260 46 234 60 274 414 249 499 82 413
147 318 495 319 97 109 141 229 448 365
119 406 399 403 292 6 353 9 1 242
127 425 67 291 245 0 76 49 420 459
194 238 346 424 47 110 294 26 423 482
118 471 170 478 192 186 19 498 217 36
192 206 118 271 185 19 36 170 84 454
94 75 299 277 414 255 53 122 429 231
168 159 284 191 189 207 243 496 486 437
207 205 243 305 188 42 308 62 159 358
377 259 446 322 282 367 461 14 64 10
168 284 159 169 327 266 188 300 486 437
186 19 363 250 170 478 185 271 380 118
289 479 220 278 148 273 336 381 452 338
184 47 323 424 346 110 238 26 3 405
93 362 204 475 210 469 120 485 45 95
366 266 391 213 230 476 300 472 223 100
112 258 457 134 30 157 201 376 415 393
116 282 166 446 112 68 14 415 201 442
139 146 32 151 369 56 264 154 348 178
13 330 211 218 162 373 342 492 155 22
415 134 166 112 407 457 302 467 197 259
355 79 103 106 81 254 152 361 265 227
208 430 297 161 99 345 464 389 257 22
45 16 195 290 411 210 463 408 409 272
42 189 137 157 305 447 62 86 376 308
383 454 186 140 84 118 453 36 370 271
189 243 496 309 358 158 308 284 188 65
280 203 13 22 372 492 345 99 430 161
217 471 91 36 291 52 25 0 19 420
9 101 409 119 87 362 204 195 339 6
330 218 200 155 225 342 22 451 13 492
251 356 253 121 174 225 351 218 105 111
472 216 366 196 223 236 230 300 476 164
337 359 320 286 324 442 397 156 378 44
257 98 287 464 51 335 8 444 313 268
213 366 50 236 27 5 223 171 196 229
36 209 453 471 227 25 118 140 185 291
225 211 200 155 253 373 356 212 330 174
331 136 256 449 4 445 239 135 490 39
479 408 452 193 278 381 445 8 273 411
374 444 57 443 462 287 98 51 487 435
48 235 129 386 388 323 3 47 33 405
230 236 213 476 472 438 196 366 216 486
382 431 85 240 255 277 379 122 94 392
356 174 218 155 211 212 253 105 111 373
418 69 358 158 397 378 334 44 454 286
106 265 371 25 217 453 355 140 81 254
410 398 261 54 402 458 28 77 460 400
50 27 109 147 160 448 181 163 216 37
223 476 100 438 486 196 266 391 472 366
75 53 1 350 465 80 242 187 299 403
146 43 252 56 71 307 369 104 264 199
395 494 24 365 130 35 39 319 436 143
499 274 283 180 393 46 82 413 455 60
340 3 129 417 387 222 275 432 386 33
216 223 171 145 366 476 50 213 5 230
351 373 344 250 478 253 480 111 498 155
423 482 184 346 26 424 47 194 3 55
331 426 470 135 136 279 449 445 490 219
379 382 392 141 224 448 85 35 37 421
83 72 288 21 401 172 361 138 270 474
6 403 292 468 80 1 295 182 350 231
305 284 189 309 207 308 159 42 65 188
11 249 82 404 321 283 375 59 40 258
76 296 183 487 347 49 459 127 125 440
14 131 467 415 259 10 427 302 322 108
436 295 29 385 293 468 303 173 4 12
422 88 176 18 113 167 316 74 281 384
40 244 375 260 82 404 180 283 431 234
344 192 478 237 111 363 19 126 351 497
212 121 285 351 105 356 174 253 262 111
264 348 232 178 146 483 43 199 56 151
212 373 237 351 218 155 174 251 225 111
265 202 152 81 355 103 390 227 149 78
85 94 260 122 224 431 187 40 277 414
130 39 219 490 143 331 4 395 494 233
215 464 99 278 335 268 430 313 345 203
197 30 457 428 82 59 393 283 134 244
190 14 302 10 446 246 415 201 322 282
40 180 249 255 414 122 431 274 375 234
54 110 294 228 28 460 458 424 402 398
285 58 484 121 396 128 7 437 251 105
165 302 92 407 150 499 434 467 104 71
252 151 178 146 199 348 477 232 32 139
355 254 227 25 0 152 291 202 106 481
196 391 100 159 300 486 191 124 230 168
163 37 404 421 123 341 145 171 5 11
278 51 464 273 257 8 215 297 452 98
154 369 144 350 429 465 75 299 117 104
83 298 361 78 103 66 81 288 241 390
311 186 454 363 192 309 170 65 84 206
101 16 409 17 295 385 12 419 6 204
381 336 193 268 452 148 278 297 338 220
413 234 122 414 180 60 299 499 260 429
412 387 340 432 384 23 235 329 482 368
493 168 437 58 61 169 164 396 300 486
299 94 122 187 293 53 224 255 468 15
268 8 257 220 193 215 452 273 408 289
411 426 470 354 452 445 381 338 239 312
372 208 349 162 352 345 497 13 480 99
422 113 386 31 317 34 316 33 384 248
14 198 461 322 446 116 190 377 259 466
82 393 234 375 244 59 30 249 321 258
327 243 191 65 159 188 496 207 168 309
262 128 251 121 105 7 73 484 380 153
378 44 359 394 214 397 418 102 320 337
444 374 98 215 304 487 221 462 315 76
474 401 66 241 83 361 138 172 21 270
193 430 328 389 336 297 148 278 257 203
463 45 204 360 87 51 8 98 16 221
425 25 183 0 209 36 355 265 67 127
117 182 242 364 353 6 406 1 403 399
436 15 468 303 247 277 382 53 94 224
460 110 261 424 28 184 55 423 238 458
468 247 419 385 272 29 12 80 242 409
462 245 304 459 347 76 125 487 127 2
336 389 203 289 464 273 268 430 161 257
103 270 343 390 78 149 361 83 400 202
277 350 187 122 75 274 414 429 269 94
169 164 266 191 486 472 196 493 168 438
491 38 333 108 150 20 92 483 427 56
150 263 467 259 165 407 201 427 415 92
15 29 293 247 53 436 468 80 24 173
313 444 296 462 2 287 315 76 459 487
243 42 86 159 189 205 62 124 137 308
49 402 152 481 77 425 149 440 179 458
104 60 71 429 413 369 434 232 144 269
309 42 394 358 418 243 447 207 305 158
308 243 158 207 418 65 358 271 454 284
469 114 314 354 93 175 95 362 195 90
271 153 69 84 170 380 158 363 454 118
479 136 445 426 338 148 279 219 220 193
304 345 464 335 2 315 444 215 287 257
95 175 310 362 354 114 469 195 120 409
76 2 335 67 313 304 352 287 459 177
31 167 329 399 441 9 422 182 120 281
489 386 34 281 41 48 222 405 388 129
143 319 181 109 141 494 97 365 147 448
494 97 318 365 181 143 141 233 495 392
324 156 70 214 378 397 450 286 337 334
11 375 341 59 123 244 488 404 283 325
282 377 461 190 14 259 10 246 446 198
388 405 47 194 222 489 33 346 3 48
320 21 138 439 214 156 172 70 401 337
96 11 145 488 476 341 391 321 267 5
456 41 388 489 48 139 32 317 477 222
284 65 7 128 191 73 496 437 169 153
451 389 161 430 289 492 22 203 336 297
384 316 441 9 399 412 275 31 87 432
211 451 492 200 13 22 342 218 161 208
136 219 239 490 426 135 256 449 445 470
466 115 63 64 142 367 461 439 377 72
56 483 301 38 92 43 150 20 491 348
370 450 378 383 156 397 226 69 84 320
99 315 352 345 313 257 215 2 464 372
389 297 273 289 148 193 328 381 268 161
214 397 442 156 63 44 286 359 320 324
381 148 479 312 279 273 452 426 220 193
432 353 360 87 9 412 435 101 210 6
235 3 368 275 432 387 23 482 26 435
123 488 321 5 37 325 267 145 11 404
497 372 22 162 155 344 211 13 280 373
149 298 410 400 390 103 402 54 77 228
497 250 155 237 342 111 373 480 162 126
335 313 99 280 464 352 2 208 203 372
33 387 238 184 47 405 194 482 3 323
125 416 440 296 245 179 49 433 458 462
178 483 252 32 199 264 56 456 333 43
480 280 126 177 352 497 162 498 91 372
299 75 231 269 465 117 1 242 144 187
111 380 237 251 253 170 250 363 478 105
126 335 372 349 280 497 99 315 177 345
339 9 417 6 399 292 432 182 119 364
469 310 411 279 470 314 95 239 93 426
152 202 265 25 106 254 227 425 291 79
225 212 174 121 251 484 105 218 253 155
107 34 132 406 364 477 117 129 31 48
158 308 226 207 418 447 309 394 44 189
214 442 286 102 166 337 116 68 44 394
463 339 435 87 374 290 57 98 412 101
83 270 138 79 103 474 66 202 81 288
120 195 175 314 95 210 409 475 93 204
380 192 73 170 271 250 111 351 311 65
117 406 417 132 129 292 357 34 399 107
97 392 24 319 233 494 35 141 382 318
196 5 216 213 476 236 145 391 27 223
64 439 446 466 116 332 115 190 377 63
435 23 340 433 89 443 487 57 432 482
104 269 154 146 144 199 307 56 232 413
383 453 334 84 450 206 140 371 118 70
227 106 79 474 81 453 140 450 70 370
22 342 497 280 99 352 208 162 430 335
253 237 162 344 155 480 218 200 342 497
221 287 487 98 435 360 57 444 443 462
431 249 321 123 283 40 244 404 260 421
157 42 102 86 134 30 137 394 205 68
190 64 322 461 367 282 446 466 332 259
286 418 320 334 383 397 226 454 156 214
421 240 392 85 224 40 495 163 97 431
170 363 351 73 153 311 111 192 285 271
452 273 338 220 479 279 148 411 193 278
224 35 240 436 392 24 85 293 15 379
206 370 140 378 454 334 70 84 450 453
176 329 113 275 412 387 441 74 281 422
247 12 449 295 17 272 173 4 29 135
281 33 317 222 113 34 235 387 129 31
275 3 33 482 340 235 346 386 384 23
489 323 405 326 222 48 317 41 47 33
336 328 297 161 289 203 430 451 193 148
400 78 298 343 254 103 149 410 77 81
124 196 488 266 476 100 366 96 325 230
85 365 97 379 24 240 382 35 141 224
407 283 30 234 455 457 82 499 258 46
447 102 308 286 42 418 44 358 376 359
233 173 130 490 4 39 436 24 35 135
58 61 484 262 7 169 276 437 121 164
337 44 156 286 378 226 334 320 214 418
77 228 458 410 402 400 306 481 54 460
9 182 406 31 316 353 417 329 364 292
77 390 410 343 149 398 254 152 402 228
172 288 474 138 450 156 21 324 241 70
306 54 149 28 398 77 458 228 410 152
242 80 182 119 419 1 6 292 231 468
11 421 123 267 244 321 249 375 40 341
323 489 388 33 222 346 317 386 47 194
182 364 399 357 292 31 34 117 107 1
393 455 263 499 201 457 302 165 467 46
220 16 17 452 45 8 411 445 204 278
419 272 95 12 210 119 101 362 295 204
228 400 343 398 77 402 149 54 390 261
279 452 354 45 204 469 408 470 381 17
275 87 432 57 435 329 339 23 384 9
499 104 60 274 307 434 234 429 369 46
274 429 187 260 122 180 60 299 255 413
14 201 467 112 457 246 259 302 198 197
179 458 347 460 125 433 55 423 89 28
129 353 364 399 432 235 406 292 34 339
226 378 308 454 394 358 309 286 158 69
409 80 12 295 403 119 29 272 6 242
459 127 67 177 183 91 2 52 76 0
40 379 404 123 267 163 37 431 375 240
281 248 113 31 316 176 384 88 167 386
238 482 89 55 26 416 433 424 460 179
55 110 26 28 194 47 184 423 294 238
291 183 49 0 481 306 355 440 127 152
136 239 279 312 331 445 470 338 354 219
131 491 165 467 150 108 302 20 246 263
59 137 96 86 258 62 30 488 11 157
75 144 414 307 269 187 299 60 413 274
22 289 328 203 99 451 161 208 257 372
375 224 40 122 260 255 123 249 421 277
339 412 417 435 275 340 353 235 368 9
179 368 89 125 55 416 487 423 347 26
46 60 71 165 499 263 413 307 92 104
368 57 360 432 374 412 23 339 487 443
247 35 293 382 24 303 15 395 4 39
58 276 168 128 327 496 169 7 191 262
486 493 230 472 223 164 300 100 196 266
21 115 324 72 367 142 63 64 172 332
49 481 347 127 0 425 306 183 458 245
74 329 120 167 316 475 9 176 384 362
116 337 359 214 44 63 68 466 286 198
462 125 89 487 221 57 23 368 374 435
287 221 304 51 462 98 313 215 374 464
449 470 17 312 136 279 408 426 219 220
190 166 198 116 367 282 259 359 201 14
44 394 358 205 102 42 308 68 286 157
37 109 141 163 27 240 229 495 147 181
445 385 4 17 135 470 219 239 173 12
156 70 334 370 401 320 371 383 474 138
328 330 492 161 22 430 211 208 389 13
381 220 411 45 408 273 279 278 8 479
370 140 217 118 206 227 84 36 371 383
69 206 418 84 383 271 378 226 158 186
46 457 407 393 165 82 499 467 234 434
32 326 178 139 41 477 348 264 48 199
197 455 258 393 407 415 30 112 201 467
460 416 398 28 179 402 440 306 228 55
420 127 76 2 296 67 183 245 304 315
458 294 416 28 261 55 423 179 110 424
466 282 322 377 116 190 332 64 367 198
296 443 487 304 125 444 221 287 374 245
290 360 8 98 16 45 204 51 101 374
257 313 215 268 345 99 335 203 297 51
144 107 1 231 75 117 350 154 269 151
461 332 116 63 367 442 64 282 377 446
415 302 165 246 427 407 455 263 201 14
295 80 293 242 247 53 303 29 419 277
310 354 93 411 195 114 314 279 204 95
239 445 449 17 279 135 354 411 426 95
185 209 19 498 217 91 36 478 52 118
213 164 438 300 223 196 230 493 366 486
175 90 133 18 120 114 167 485 362 475
288 66 401 79 371 138 81 361 450 70
485 74 195 441 93 120 362 90 133 473
145 230 391 325 196 366 223 236 96 100
151 357 41 139 107 132 456 264 34 178
498 185 250 192 170 237 19 471 351 480
220 312 193 148 338 381 445 452 273 279
349 162 497 498 126 237 344 373 280 250
440 77 0 306 425 49 152 265 127 398
423 238 26 387 23 89 3 340 368 275
333 348 43 56 252 38 232 301 199 178
121 396 262 7 356 285 105 58 251 174
90 475 93 114 133 74 195 473 175 120
438 100 493 168 266 230 300 191 188 159
374 462 443 245 125 287 433 368 296 435
391 96 325 341 124 321 11 59 476 428
388 317 405 326 41 48 222 323 386 33
130 135 395 173 331 256 4 239 219 39
301 38 20 427 108 150 131 333 92 43
330 451 161 13 208 22 200 328 203 430
438 276 486 168 164 300 61 169 472 191
319 233 365 143 318 130 39 97 395 35
97 147 181 163 448 379 141 392 109 240
153 65 128 207 284 327 437 188 243 309
344 126 342 372 480 162 352 349 280 250
91 478 471 19 480 126 52 349 250 185
413 46 234 434 263 407 60 274 393 455
