459 474 406 310 258 87 464 24 264 321
395 189 245 484 52 338 109 117 135 59
210 372 295 360 401 450 247 69 118 437
58 392 93 486 205 391 263 98 476 91
105 293 390 482 405 215 257 398 226 289
448 20 425 46 248 31 190 231 177 72
223 335 318 174 367 357 38 126 251 120
55 301 292 305 136 146 447 454 180 452
28 429 158 497 21 377 90 34 151 426
298 314 66 362 351 202 214 336 445 380
68 427 309 26 399 368 207 57 361 498
464 400 321 79 47 459 104 157 123 57
446 345 43 370 388 78 133 142 37 81
343 408 56 411 132 494 27 307 22 192
341 224 375 15 109 60 83 475 430 48
475 341 419 14 194 300 60 224 430 253
256 181 342 17 471 49 365 434 133 435
49 347 365 256 16 92 78 133 342 241
129 328 221 485 350 492 179 493 110 178
61 418 355 217 229 362 214 144 407 199
5 46 72 231 177 448 422 213 248 190
74 275 497 90 63 28 8 429 423 409
326 40 192 343 236 324 13 307 408 494
276 174 478 296 251 357 344 417 100 102
474 50 157 321 459 163 0 406 310 156
80 253 186 455 96 194 48 218 170 475
399 368 10 330 309 249 68 287 361 427
340 411 408 343 271 13 453 192 97 307
34 8 90 158 21 246 233 63 278 497
324 32 257 153 307 482 481 364 398 208
241 116 347 431 462 92 201 365 81 319
489 277 137 425 448 5 190 291 169 391
481 420 29 364 410 208 153 324 236 206
71 290 94 216 386 176 164 69 477 403
28 90 246 233 407 158 278 311 8 144
270 279 88 199 358 315 244 449 284 61
396 235 149 378 125 267 495 381 200 193
183 370 345 81 118 86 354 12 462 78
126 402 134 346 318 323 367 339 6 374
440 318 335 282 373 374 402 251 260 6
326 236 22 419 430 476 303 324 192 341
234 235 238 204 209 313 160 203 396 242
173 412 219 122 67 354 369 352 438 188
387 133 446 142 12 78 345 376 434 415
487 458 230 465 349 70 77 452 334 76
141 356 281 161 180 433 432 366 185 101
248 20 72 56 5 413 93 363 98 425
104 371 123 426 400 53 11 421 157 497
224 96 240 80 186 83 455 60 25 475
17 133 78 256 92 16 347 365 43 434
156 24 157 312 163 409 121 321 123 474
130 394 302 317 470 308 496 121 167 103
250 395 170 484 1 382 218 109 430 83
269 371 344 426 84 47 488 377 104 102
148 457 140 95 346 320 125 323 381 261
7 73 452 305 454 292 99 301 131 447
132 13 494 46 72 413 171 408 248 343
427 79 400 104 212 207 498 10 310 47
3 93 98 392 91 363 353 467 248 206
189 210 437 117 348 124 245 331 1 2
475 240 224 15 48 14 455 253 341 96
19 355 199 165 214 279 217 362 418 35
75 338 193 117 95 383 323 495 331 124
74 90 311 252 441 21 423 233 28 34
480 94 373 386 460 268 260 196 335 332
444 435 110 322 221 262 471 172 490 222
362 9 380 298 445 297 214 314 202 229
112 388 354 122 42 150 76 219 370 254
309 10 453 361 26 427 283 368 399 340
477 176 437 71 372 210 319 33 2 386
415 76 465 44 230 112 142 446 487 334
477 33 290 403 69 147 176 319 164 386
213 494 20 46 56 287 486 263 330 422
454 55 131 452 458 292 393 7 449 305
21 63 423 252 275 90 497 463 441 409
62 495 331 193 117 338 313 124 200 95
230 150 70 112 99 44 452 67 254 415
487 349 152 334 315 270 44 465 458 449
92 49 133 345 81 12 43 347 17 256
400 57 310 464 212 11 104 427 0 321
96 25 186 48 455 253 83 240 170 224
92 345 462 37 183 78 370 247 347 12
439 273 274 237 490 172 336 127 314 178
375 186 224 170 395 48 109 14 80 52
269 220 377 488 329 53 151 344 426 297
222 284 152 175 155 315 322 88 262 325
118 306 232 219 154 183 295 37 354 288
258 264 379 0 310 359 406 159 212 168
358 284 35 315 491 270 85 199 279 152
381 261 184 299 139 148 140 320 149 143
63 34 28 311 233 21 74 8 158 246
353 467 182 58 392 98 169 291 489 3
347 78 81 49 462 30 241 345 17 365
363 58 3 206 476 98 486 248 46 413
386 64 216 33 196 480 176 414 268 460
193 457 323 383 62 54 346 125 338 75
80 455 48 240 25 186 253 224 475 60
411 271 257 405 307 145 398 293 343 226
248 363 353 58 93 413 91 46 425 206
305 452 230 150 254 76 55 101 301 7
239 296 294 337 329 488 251 23 332 265
366 301 180 254 305 356 136 99 433 161
195 417 276 344 106 53 371 436 23 478
114 479 483 463 428 130 470 255 272 51
47 400 371 57 421 207 427 79 53 11
4 226 293 405 215 482 390 145 257 97
417 115 397 451 195 102 385 436 188 225
128 166 493 473 129 461 164 485 328 414
424 302 496 389 317 456 394 51 167 308
375 395 338 341 383 117 1 14 430 83
471 179 221 435 65 444 181 342 18 492
143 282 139 374 440 184 39 378 320 149
388 67 76 70 150 446 415 354 12 122
202 468 337 466 336 280 298 329 239 265
479 103 255 272 428 231 119 463 470 483
188 106 397 385 369 451 417 438 185 173
462 30 201 247 431 319 360 241 372 92
189 338 59 62 75 109 331 1 245 395
232 86 183 401 295 247 154 37 306 2
255 327 499 442 479 422 114 470 231 168
357 223 245 450 285 210 437 6 189 174
130 312 167 308 156 317 51 483 50 394
254 150 42 67 366 352 173 101 112 99
157 47 497 409 429 275 321 426 11 50
200 331 348 267 396 268 59 75 62 36
457 193 495 36 381 140 149 95 54 62
38 134 318 309 367 402 6 339 368 283
490 322 491 284 237 82 222 65 172 444
164 107 473 216 196 485 129 290 461 414
18 328 485 493 107 166 164 128 492 178
121 51 483 312 308 470 103 394 317 156
449 393 73 454 244 349 458 452 55 138
171 56 398 13 413 307 289 411 364 343
49 43 78 256 387 434 12 16 345 17
339 309 126 368 283 38 367 135 323 249
484 249 367 368 134 339 303 245 382 1
301 180 333 146 7 161 316 101 305 292
489 391 291 31 190 448 392 205 467 182
393 244 217 472 279 187 131 144 449 418
184 111 149 143 282 89 381 320 374 378
148 457 54 381 125 261 89 320 149 95
45 433 432 356 161 404 185 281 180 441
446 415 43 387 325 376 12 155 175 133
111 374 184 139 440 299 282 320 402 89
407 418 187 233 217 34 19 311 138 246
405 271 226 97 293 411 105 4 257 398
447 136 292 7 333 316 162 301 472 180
477 403 431 319 71 228 290 492 69 241
140 261 54 89 381 320 457 299 346 125
378 381 36 139 125 320 267 89 282 346
76 254 122 99 67 112 230 366 70 305
377 297 158 84 220 278 269 380 445 8
77 315 175 334 85 465 487 270 325 155
482 208 443 29 390 259 32 410 215 257
232 295 306 288 86 450 369 118 285 219
175 211 376 262 325 222 85 142 387 152
163 50 312 121 308 327 130 24 167 359
123 321 50 24 409 11 47 474 464 459
278 151 8 28 34 377 246 297 90 380
359 227 442 264 379 168 163 87 499 258
313 204 200 238 331 203 41 396 235 209
333 180 433 45 136 141 316 301 101 356
447 316 187 472 146 311 441 333 233 292
156 359 50 24 159 442 406 310 327 264
128 290 485 216 107 473 403 33 129 492
214 351 61 199 355 304 358 362 19 9
461 493 266 107 280 129 473 178 328 18
317 121 308 389 496 130 51 156 394 456
227 499 212 379 498 442 159 310 361 422
182 277 489 353 91 291 31 467 425 137
52 186 218 395 83 250 375 25 109 341
132 289 364 413 398 384 56 363 390 29
274 444 350 490 82 178 273 221 65 266
42 438 412 352 188 122 369 219 281 366
251 357 23 335 6 223 478 294 120 318
325 155 152 334 85 376 465 415 142 222
69 386 437 33 348 71 268 477 94 210
231 272 190 469 191 205 20 263 448 422
350 328 274 266 493 172 273 166 18 221
492 110 471 221 18 342 228 485 403 435
301 136 101 161 333 45 356 433 141 366
435 471 16 211 262 434 342 110 256 65
467 169 91 291 489 353 392 277 137 31
118 37 247 81 462 86 401 345 232 370
139 299 89 143 111 261 381 320 374 149
404 281 188 438 352 397 356 141 432 243
83 170 80 25 48 224 375 96 395 218
144 472 162 233 138 217 447 311 418 407
438 115 185 173 397 352 369 281 412 106
59 1 117 245 210 338 395 437 109 120
448 177 205 137 391 272 31 5 231 20
330 469 416 263 177 399 243 287 231 205
22 326 283 340 408 343 453 494 303 13
95 495 125 457 62 75 338 36 323 383
300 253 218 475 25 15 206 476 419 481
102 436 421 106 371 397 417 344 243 53
480 414 473 216 94 332 64 128 460 33
428 432 423 404 469 463 243 252 272 141
203 209 242 238 204 234 41 160 313 235
279 61 35 358 165 88 214 355 19 217
331 124 396 160 313 235 267 36 495 204
372 319 360 116 247 431 462 477 2 401
298 113 466 336 445 9 468 314 220 66
198 209 204 238 160 242 41 313 234 200
313 203 238 160 41 209 234 235 200 198
391 263 190 3 177 392 486 137 191 20
481 363 300 93 476 420 194 236 413 364
421 427 399 416 104 57 10 498 371 26
153 410 259 443 32 286 29 384 482 364
203 234 242 204 198 238 41 160 313 235
437 59 2 189 120 450 245 69 348 295
262 155 434 376 181 387 435 222 43 325
310 79 168 498 57 427 379 499 227 400
361 72 494 422 330 408 20 399 26 453
355 165 362 351 61 9 66 19 199 314
443 390 4 482 105 153 293 286 289 259
196 94 128 33 164 473 290 414 480 107
418 138 144 19 279 61 187 407 244 472
250 476 194 170 300 52 419 25 186 253
412 354 42 86 306 369 173 288 370 67
445 466 84 329 297 151 298 202 377 488
444 18 110 350 179 65 172 328 178 492
262 85 322 155 284 211 65 435 175 127
6 120 367 245 357 174 135 335 38 189
48 14 375 83 60 186 341 15 475 240
385 478 451 285 417 288 106 276 23 115
105 405 145 293 4 97 271 257 482 215
168 159 442 379 499 359 264 212 119 87
342 147 365 431 241 492 179 403 471 92
278 362 380 418 407 19 246 355 66 144
452 76 44 99 70 150 458 465 305 55
272 422 177 255 20 114 469 191 190 448
118 154 295 86 306 401 288 183 219 2
144 311 34 407 90 187 246 63 418 28
41 209 242 238 204 235 203 198 160 313
396 41 36 200 238 313 204 234 267 495
324 40 419 481 300 22 206 476 430 29
439 82 304 314 491 351 336 490 127 273
204 41 203 209 160 234 242 313 235 200
100 294 337 265 332 251 296 414 329 280
455 60 96 48 475 224 253 80 25 15
30 431 347 365 228 92 116 462 147 319
209 234 198 238 203 41 204 160 235 313
436 469 404 416 397 197 421 191 185 195
449 138 393 279 131 270 35 217 349 472
1 189 120 223 367 210 450 59 484 135
407 34 278 229 28 158 233 144 418 90
401 360 462 183 118 372 116 201 2 81
46 98 413 363 425 5 353 93 58 56
135 484 382 368 287 26 303 326 330 339
52 382 218 476 170 484 486 430 395 249
174 335 294 460 23 100 296 332 39 318
423 432 74 441 63 197 433 404 463 141
194 25 475 455 15 300 80 96 218 240
150 122 366 101 99 305 352 301 76 356
119 114 479 231 422 272 103 428 499 327
434 49 16 133 17 387 181 78 43 211
307 97 482 398 293 29 4 405 324 390
87 264 406 0 359 474 310 379 459 159
286 208 410 443 384 153 289 215 390 364
373 268 267 378 282 64 335 39 348 386
148 89 299 140 381 184 320 54 139 143
222 211 435 155 181 322 65 85 376 434
486 205 287 191 330 3 177 72 391 382
87 359 258 159 406 379 0 163 227 310
239 414 461 280 332 337 294 473 100 166
166 178 273 280 468 493 274 350 461 328
378 396 260 124 36 268 200 149 348 235
348 260 386 64 267 373 124 176 437 94
377 84 426 53 151 429 371 488 47 344
315 35 449 244 349 77 279 88 152 131
411 97 145 405 27 307 226 343 257 398
231 114 177 428 255 469 197 190 422 103
274 82 439 266 336 468 172 178 490 237
172 273 82 178 350 266 490 439 444 328
497 21 409 74 423 123 429 463 63 252
23 102 417 344 478 296 488 451 106 225
425 31 169 489 353 182 137 91 5 448
158 380 229 246 407 297 34 151 362 28
199 35 244 61 138 217 270 358 449 19
461 166 265 468 266 113 337 414 239 473
356 352 185 438 45 366 188 141 173 404
111 39 374 440 139 378 260 373 143 402
309 339 134 192 368 68 453 340 326 303
88 85 491 127 322 222 358 315 35 152
385 450 288 225 478 120 357 154 245 369
259 384 443 289 410 390 215 208 153 364
382 330 486 263 249 26 191 72 213 250
369 154 285 385 450 306 219 86 295 412
390 171 384 364 398 286 153 482 132 4
164 403 71 33 485 216 147 128 492 477
489 467 137 182 391 392 91 169 31 353
7 454 447 146 55 73 472 305 136 301
105 4 482 405 257 226 97 390 215 145
239 332 100 251 460 265 296 337 174 414
232 154 2 118 401 450 86 306 210 288
488 100 344 23 276 329 251 294 239 174
445 380 151 220 66 278 158 298 377 84
202 9 445 66 466 314 336 297 220 380
184 261 89 143 320 139 148 374 381 111
194 206 481 419 236 476 15 218 253 475
136 101 180 7 305 146 333 55 99 316
496 51 394 317 108 389 424 470 308 130
326 383 339 430 40 484 135 323 249 192
351 237 491 358 165 314 439 214 127 199
99 301 55 7 452 101 254 292 136 230
86 154 232 369 219 412 288 118 295 42
257 343 324 97 398 411 29 13 132 22
394 121 470 327 167 130 156 317 51 496
68 368 283 134 10 26 126 453 339 135
212 79 0 87 464 24 379 168 459 163
233 63 90 441 162 187 34 316 144 74
121 483 130 156 50 409 308 463 157 103
204 160 495 200 331 75 41 238 235 203
9 336 439 351 237 298 202 304 66 214
270 152 88 77 35 85 284 349 449 175
333 162 441 433 146 161 136 447 311 180
167 389 496 302 51 394 308 121 130 108
39 335 6 38 126 402 440 374 251 174
201 477 372 431 147 69 116 462 360 71
346 402 374 381 139 149 54 143 89 148
157 459 24 11 464 474 123 0 79 50
127 222 65 284 490 262 85 444 491 435
339 346 95 38 383 62 367 134 303 338
236 29 307 22 343 481 32 257 40 132
175 376 155 142 334 415 387 465 152 211
40 303 22 192 430 249 382 283 339 383
119 470 308 442 479 156 163 394 499 255
493 18 178 129 350 221 166 266 107 485
488 466 220 100 84 337 296 344 239 276
191 287 399 26 263 416 213 249 72 382
200 124 75 160 313 117 495 59 62 396
414 294 460 265 239 480 196 251 473 100
316 161 136 146 180 433 301 441 162 101
465 487 77 152 175 325 44 415 349 70
39 6 318 251 373 174 460 260 64 357
439 314 202 468 273 113 9 237 298 82
239 113 100 265 329 466 280 294 468 202
383 62 117 109 75 1 189 95 323 395
134 323 283 303 135 367 38 368 383 309
453 27 408 192 283 343 68 13 494 22
430 14 15 419 109 375 224 170 40 395
365 471 228 16 179 181 110 17 49 435
307 13 22 411 27 192 408 324 97 340
102 276 488 53 296 84 23 195 417 329
12 37 81 78 370 92 133 43 183 446
402 320 323 38 54 95 374 339 457 149
92 17 30 241 365 49 78 462 81 116
268 437 124 59 176 386 267 210 260 331
449 458 77 487 44 270 131 315 334 244
178 172 221 328 444 274 18 266 493 273
304 165 214 314 9 237 358 491 199 355
173 281 366 356 438 185 122 188 42 254
91 98 169 182 277 58 425 248 467 489
370 219 388 67 42 37 86 412 112 12
214 61 19 362 165 229 199 418 351 217
45 281 366 352 141 101 180 185 438 161
120 174 223 6 478 23 285 245 335 450
88 35 199 491 304 284 165 351 279 315
264 159 163 406 87 258 442 310 0 379
372 247 401 201 2 116 319 462 118 295
213 498 68 427 453 399 494 10 422 26
66 214 380 229 355 9 19 61 278 165
206 98 413 93 248 58 420 481 364 46
171 420 32 289 384 481 410 413 363 29
342 17 347 228 241 16 49 92 471 78
101 254 356 352 122 281 180 173 45 150
135 223 134 6 38 339 126 245 368 323
309 26 135 134 249 283 10 339 367 68
288 412 306 219 154 115 385 173 188 42
37 354 388 345 12 219 446 67 81 183
47 53 421 104 195 426 207 269 102 344
201 360 319 2 477 247 69 401 462 116
260 64 335 39 460 268 282 480 251 386
402 440 143 320 282 111 39 139 318 346
83 109 14 224 395 341 170 186 48 117
387 325 155 211 434 142 175 43 262 415
151 269 426 429 84 158 8 53 297 497
149 267 36 260 282 396 139 381 235 111
87 168 227 159 264 310 212 359 442 258
297 66 362 278 229 445 151 298 158 9
89 149 140 125 139 320 261 148 184 36
287 249 250 484 486 52 476 326 135 263
338 303 95 323 109 430 62 339 326 193
286 289 364 410 259 390 171 208 443 153
225 285 288 478 451 115 417 106 369 450
176 94 64 268 33 348 437 69 480 373
43 376 142 434 133 211 256 325 155 446
112 370 67 354 446 12 345 37 42 219
456 424 317 496 108 302 167 51 394 308
289 4 482 215 398 153 443 384 293 257
392 205 137 190 291 467 3 489 263 58
391 467 3 58 91 205 291 137 182 93
131 138 454 244 472 449 73 447 292 55
470 496 51 308 302 317 130 327 167 479
1 52 109 170 83 375 189 484 338 186
235 36 267 200 124 378 41 313 331 149
436 106 115 404 243 188 185 195 469 416
257 132 171 307 289 411 390 97 4 405
26 330 207 416 10 427 361 191 498 213
11 79 57 104 47 464 427 371 212 321
247 360 118 295 2 232 183 372 201 462
374 346 38 320 318 126 39 440 323 282
290 147 492 71 485 164 228 477 33 179
185 243 432 397 197 469 436 141 252 188
145 226 293 97 4 105 271 257 411 398
258 474 0 359 264 24 87 163 459 310
144 246 418 233 34 229 278 217 187 19
453 494 340 13 27 192 343 213 361 56
275 123 312 157 497 483 50 463 423 21
208 259 420 32 384 364 286 153 443 289
97 271 13 27 343 307 398 405 257 132
219 173 369 42 306 438 354 86 188 288
363 248 171 132 46 98 364 56 93 206
473 332 196 265 461 480 460 216 239 94
70 142 465 446 325 112 175 334 43 76
207 399 243 191 469 421 330 436 427 397
102 106 451 276 478 225 195 385 344 23
144 19 217 407 229 61 233 187 246 355
430 40 236 15 341 300 476 218 194 326
364 481 32 410 206 363 300 171 384 413
207 371 104 436 416 195 243 47 399 427
231 499 255 213 119 498 20 361 272 177
252 74 463 197 275 428 432 63 483 21
456 108 389 496 302 317 394 167 51 308
277 5 31 248 353 448 98 489 46 169
429 269 377 47 53 371 497 123 84 8
57 498 10 207 399 361 68 104 212 26
197 463 272 114 103 255 423 469 483 231
497 426 8 377 123 21 269 47 275 158
419 341 40 303 326 383 109 15 250 52
241 319 147 30 228 201 116 462 477 372
141 252 404 433 197 441 423 185 243 45
141 441 432 316 161 252 333 180 45 101
256 211 387 376 181 16 133 43 155 49
181 65 471 110 262 211 444 222 322 221
243 195 397 421 404 416 106 371 102 469
210 348 176 59 69 120 268 189 2 386
188 173 352 281 185 412 369 115 42 356
82 336 237 273 314 490 274 468 304 127
39 374 282 111 143 318 402 335 373 139
433 316 252 311 63 432 162 141 333 74
499 227 159 119 327 168 163 359 379 212
153 215 259 208 286 482 390 410 384 289
221 65 172 350 490 110 322 274 435 18
297 220 298 466 66 380 202 151 9 84
142 12 43 388 415 112 387 370 345 133
472 162 146 292 7 454 187 316 393 301
5 190 31 20 425 137 177 231 272 205
349 131 244 270 393 458 77 315 138 35
285 120 288 154 295 210 2 245 385 357
417 225 106 385 478 115 276 102 285 397
230 99 55 305 73 44 458 131 454 76
408 340 68 361 494 192 283 309 27 213
73 292 393 55 131 447 472 7 452 305
96 240 253 25 80 48 475 60 194 186
424 389 108 496 317 167 302 394 308 51
125 95 193 54 140 495 148 346 381 62
349 44 487 131 73 449 77 230 452 465
474 464 0 321 24 11 310 406 79 157
480 332 294 373 64 251 335 414 196 39
166 280 473 265 414 107 493 266 128 332
116 81 247 183 92 30 201 319 431 372
483 423 428 103 197 409 114 252 312 275
11 459 79 321 400 0 310 474 24 57
334 70 487 44 415 77 152 325 175 230
202 220 329 445 113 298 337 84 297 468
182 91 392 291 391 489 58 353 137 169
113 280 266 336 273 202 337 439 166 461
243 191 177 416 197 404 272 428 231 185
394 479 327 308 51 130 103 119 114 496
110 181 342 435 179 16 65 365 221 228
447 187 393 138 162 454 292 144 217 146
414 196 128 461 107 216 164 166 265 332
459 24 406 0 321 258 464 310 157 50
15 60 253 194 455 240 224 25 300 48
218 250 93 206 300 419 40 486 194 382
69 71 319 147 372 403 176 431 33 290
225 23 385 276 417 285 357 451 174 102
114 470 103 119 255 327 483 130 272 428
460 196 64 94 332 414 373 386 216 473
206 32 420 300 236 364 363 324 29 171
153 293 257 390 4 215 443 29 105 398
463 312 130 103 409 121 428 479 423 114
135 249 52 382 1 250 303 395 245 368
492 164 129 403 18 290 107 128 179 493
263 3 287 382 93 205 476 250 72 330
77 44 334 465 458 349 152 70 230 449
296 344 329 84 100 53 269 276 220 102
291 31 137 169 182 277 467 391 353 425
127 172 82 444 322 274 273 439 237 491
127 284 358 304 88 237 490 322 351 439
485 179 403 18 228 129 290 164 110 147
166 328 129 107 178 266 18 461 350 485
408 213 72 56 13 453 361 192 22 340
193 75 313 125 36 62 457 331 200 235
302 394 317 389 108 424 51 308 167 456
275 429 21 123 8 409 426 74 47 377
427 361 212 168 57 207 422 499 399 213
442 168 119 227 422 255 498 212 159 327
