33 20 37 3 1 8 25 43 40 47
21 20 25 37 0 43 3 5 15 8
39 48 38 30 23 12 32 44 35 18
20 15 0 43 33 1 8 41 21 37
22 16 31 7 24 28 27 39 9 35
21 12 48 26 41 1 49 11 10 20
17 19 13 36 42 34 25 47 40 45
9 28 14 4 31 16 24 45 46 36
33 25 17 43 40 0 37 3 1 20
45 7 46 14 24 31 28 19 36 16
18 12 26 11 23 48 38 5 2 49
23 48 26 10 49 18 12 5 21 2
10 5 38 48 18 2 26 11 23 21
34 47 6 42 40 17 19 46 36 37
46 28 36 42 9 7 45 31 19 34
41 43 3 20 49 21 1 5 0 8
27 4 24 22 7 32 39 31 9 29
6 25 40 8 19 47 13 37 34 33
10 38 23 30 44 12 11 2 48 26
45 34 6 46 17 36 25 42 13 31
3 1 0 15 41 43 21 37 5 33
1 5 43 48 49 41 15 20 11 25
4 39 31 35 24 16 27 32 2 29
11 48 30 18 2 10 12 38 44 26
39 32 16 31 9 27 22 4 7 45
17 37 8 1 19 33 40 0 47 43
10 11 49 5 12 41 48 21 23 18
16 32 29 24 35 22 39 4 44 2
36 14 7 31 9 4 45 46 42 19
32 44 35 27 39 38 30 2 22 24
44 23 35 18 2 38 29 48 39 11
28 4 22 24 45 9 39 7 19 36
29 39 27 24 2 35 22 16 44 38
8 0 40 37 3 25 47 20 17 1
13 46 19 47 42 45 6 37 17 36
29 30 22 44 39 27 32 2 38 4
28 42 14 6 19 46 45 31 34 9
25 0 47 1 33 40 8 17 19 20
44 18 2 12 30 29 10 23 32 48
22 32 2 24 35 31 27 29 4 16
47 17 33 13 37 8 25 6 0 34
15 49 5 20 21 26 43 3 1 11
46 36 14 34 13 6 45 19 28 9
15 3 21 1 8 20 25 41 49 0
38 30 29 18 35 2 32 23 39 12
46 9 19 34 14 31 42 36 28 7
45 42 14 34 9 19 36 28 13 7
40 13 34 37 17 19 25 6 33 0
23 11 2 12 21 5 10 26 18 30
41 26 15 11 21 5 43 48 10 1
