222 113 465 43 153 199 258 336 92 487
478 419 464 449 323 431 306 310 498 127
325 426 471 266 99 124 377 264 268 3
74 377 409 99 347 471 325 205 2 236
29 80 395 117 217 273 208 343 308 114
101 429 149 309 396 255 307 303 302 197
256 458 226 360 447 405 327 126 35 333
225 416 474 164 41 232 58 480 330 271
257 104 228 495 121 175 492 154 381 390
244 380 193 94 180 22 189 442 319 198
233 320 283 482 212 275 260 160 238 322
196 185 97 342 277 423 318 135 417 324
346 211 411 316 410 215 236 40 205 456
172 490 397 392 60 375 494 455 296 434
441 151 381 231 492 105 121 209 228 246
445 424 89 376 361 353 286 437 126 291
398 57 341 176 461 150 79 68 331 85
254 421 234 110 448 111 75 120 227 365
125 352 315 425 435 389 138 384 335 337
285 394 206 314 147 259 269 438 297 406
300 216 91 414 491 444 76 56 403 24
430 107 331 186 79 248 176 271 480 398
94 319 129 380 88 9 190 244 130 193
335 31 138 145 389 378 315 194 125 18
56 140 444 363 414 433 386 216 53 20
92 369 336 84 203 153 287 465 222 468
197 407 303 50 339 255 309 263 429 122
220 308 362 208 240 273 117 152 80 162
133 280 274 36 333 108 35 85 327 68
4 395 80 217 117 343 273 114 208 468
51 460 237 413 292 487 479 258 162 199
145 23 378 335 194 138 389 470 315 155
295 109 372 52 393 296 181 494 137 60
278 401 359 139 167 214 184 488 463 390
106 42 368 95 64 262 65 477 230 62
333 327 274 447 280 226 28 256 133 6
108 133 85 28 280 68 274 150 333 461
334 219 293 427 100 326 213 454 86 63
329 168 191 103 144 47 116 165 143 98
245 161 284 486 73 122 239 263 265 339
456 215 198 316 442 211 189 12 180 346
58 474 330 416 7 298 225 173 164 63
34 95 106 262 368 65 64 230 477 484
113 199 258 0 222 487 465 413 153 51
252 350 158 54 48 344 473 476 223 371
345 207 250 142 143 157 116 291 47 437
367 132 218 373 387 451 267 247 131 483
103 116 143 329 250 38 345 168 45 191
473 158 350 223 44 374 252 87 188 54
301 472 224 227 90 75 201 448 385 234
339 407 263 26 197 122 303 486 255 245
30 413 460 487 237 292 258 199 479 43
109 296 494 32 60 295 397 372 172 393
404 386 433 166 363 102 140 249 24 354
344 252 476 44 350 371 158 163 48 418
235 493 265 462 276 239 402 73 313 284
444 24 414 140 216 363 433 20 386 300
341 16 461 398 150 176 68 79 85 108
41 330 298 474 416 173 7 63 225 213
457 136 379 171 399 77 118 270 408 428
494 397 296 172 13 52 109 490 392 32
321 204 420 443 370 311 86 112 454 81
93 477 485 64 200 368 412 106 317 34
173 213 100 298 293 330 219 58 37 41
368 477 106 62 34 42 93 95 485 262
262 230 95 484 42 355 34 182 106 340
388 312 365 382 120 179 111 192 110 297
467 422 272 450 383 246 356 209 105 289
150 85 461 108 341 57 36 16 133 398
328 453 221 174 229 439 96 155 71 470
385 195 201 302 90 307 224 396 301 149
290 96 146 229 475 221 453 137 69 181
183 288 432 119 348 332 317 357 412 83
284 239 161 265 39 235 245 55 493 486
3 409 377 347 99 205 471 236 325 410
448 227 234 472 254 49 17 301 421 224
403 491 498 91 306 300 323 20 449 216
270 171 136 428 59 78 457 379 436 399
436 428 83 270 357 77 171 332 136 119
331 176 430 398 21 16 107 57 186 341
4 117 29 273 395 208 217 308 27 343
148 112 98 311 165 443 144 321 191 61
322 351 241 160 275 134 482 497 320 187
357 436 332 78 119 428 288 270 72 77
369 203 287 25 92 468 336 114 153 343
108 68 36 150 461 133 341 28 57 280
454 370 326 420 427 204 334 61 37 321
374 188 223 115 473 170 48 452 158 324
129 190 319 130 22 417 135 94 423 342
445 361 15 286 424 126 376 405 353 360
224 201 301 385 49 70 472 195 302 227
300 491 20 76 216 403 498 414 444 306
25 336 369 153 84 465 203 222 287 0
485 62 200 477 412 317 64 348 368 432
380 22 9 319 244 129 193 88 180 190
262 42 65 34 106 230 368 484 64 355
229 71 221 290 453 146 69 475 328 137
185 277 318 11 196 324 342 452 423 170
165 148 144 81 191 112 168 311 38 329
377 471 3 325 74 2 409 426 347 266
213 293 219 63 37 173 334 298 427 330
149 5 396 429 307 309 302 255 195 303
249 166 354 404 177 53 386 299 433 210
47 329 116 38 143 168 250 191 345 144
495 8 175 257 228 154 121 390 488 492
209 231 246 151 450 14 422 441 67 381
34 368 42 64 95 477 262 62 65 93
21 186 430 331 248 271 79 480 176 232
85 36 68 133 150 28 461 280 341 274
52 32 295 296 372 494 60 393 397 181
111 421 120 17 365 254 234 312 448 66
120 110 365 421 312 17 66 254 388 234
311 81 443 148 98 321 61 165 144 204
43 0 199 222 465 258 153 487 336 413
468 343 287 217 203 395 84 29 369 4
170 188 452 87 324 374 223 318 473 277
143 47 250 103 345 329 45 38 207 168
273 80 208 4 308 29 27 395 220 217
408 399 379 340 457 182 59 355 484 136
332 288 357 72 83 183 432 436 348 78
365 111 312 110 66 421 388 17 382 254
228 492 257 381 8 441 104 14 495 151
486 263 339 245 50 39 407 161 284 26
446 282 281 294 304 466 415 400 141 440
264 266 268 426 358 2 169 325 202 471
18 315 352 389 425 138 435 335 23 384
405 286 360 361 89 458 445 6 15 256
481 310 243 431 464 391 419 178 1 128
210 178 391 299 243 177 481 354 127 249
319 88 190 22 130 94 417 380 135 423
417 190 135 88 423 129 342 319 196 22
279 451 434 373 455 132 375 46 392 367
373 46 367 451 218 131 387 279 267 434
28 36 280 108 274 85 333 35 68 150
241 497 351 187 338 82 349 322 496 141
417 423 342 130 196 190 11 88 185 129
171 59 77 457 270 379 399 428 118 78
181 475 393 146 290 372 71 295 96 32
389 335 23 315 125 31 18 145 352 425
214 401 488 33 390 278 154 359 175 167
363 24 433 56 386 444 53 414 404 216
496 415 349 304 338 281 187 446 497 123
157 207 291 45 437 345 353 250 376 143
116 250 345 47 103 45 207 329 38 142
191 165 168 98 38 329 148 81 103 47
31 378 194 23 470 335 138 155 389 439
475 290 71 137 96 181 229 393 221 453
269 206 297 285 192 19 394 179 382 314
81 98 112 165 311 144 191 443 168 321
101 396 5 307 302 429 195 309 70 255
68 461 341 85 57 108 16 36 398 133
231 14 441 105 381 209 492 246 450 121
162 240 479 362 220 292 27 237 308 460
465 336 222 92 0 25 113 43 369 84
390 175 488 495 214 104 139 8 401 257
439 470 174 194 328 378 69 145 453 221
261 253 238 242 366 260 212 364 283 489
142 291 207 437 45 353 376 345 250 424
350 48 44 473 252 223 54 374 87 344
305 406 438 313 259 402 314 276 394 462
275 322 482 82 320 351 10 241 233 134
284 39 73 245 239 486 265 122 235 263
479 152 240 292 362 237 460 220 27 30
371 418 476 202 344 169 54 358 252 268
232 225 480 7 271 416 248 474 186 41
98 144 191 148 168 81 38 112 329 311
102 404 249 53 386 354 433 177 363 299
184 359 463 278 469 33 483 401 247 139
38 191 329 144 103 165 47 98 116 148
358 202 268 418 264 163 124 266 371 426
115 452 324 188 87 318 374 277 223 97
136 77 270 59 457 428 379 78 399 118
13 397 60 490 494 392 296 375 52 455
63 298 213 330 100 58 293 41 219 474
439 328 155 69 470 453 221 194 229 378
495 154 104 390 8 488 257 214 228 139
79 398 16 331 57 430 341 21 461 107
299 354 210 249 128 102 178 166 391 404
391 128 210 243 299 481 177 127 310 354
382 192 297 388 269 66 147 312 206 365
189 193 442 244 198 9 456 380 40 215
137 393 475 372 146 295 290 32 71 96
340 355 408 484 118 230 399 65 379 457
72 432 348 288 317 119 412 332 200 357
167 463 359 469 278 483 33 247 267 401
97 11 277 196 318 342 423 324 135 452
248 107 21 271 430 480 331 232 164 79
338 497 349 134 496 241 141 351 415 82
87 115 374 170 223 452 473 324 48 318
442 180 198 193 456 244 40 9 215 380
88 130 129 417 319 135 423 22 342 94
144 168 38 165 329 98 103 148 47 81
297 179 269 382 147 388 206 66 285 312
180 244 189 9 442 380 198 456 94 40
378 470 145 155 31 439 174 23 328 335
70 302 385 307 201 396 90 149 224 101
11 342 185 423 97 135 277 417 318 130
26 303 407 255 50 309 339 429 263 5
442 456 189 40 180 215 193 316 211 244
43 258 113 487 0 413 222 465 51 153
412 485 317 93 348 432 62 183 477 72
385 90 70 224 195 301 302 49 307 472
418 169 163 358 371 268 264 476 124 344
287 84 369 468 25 114 92 343 336 217
420 61 370 321 86 454 443 326 311 427
347 236 410 409 411 74 346 3 12 377
285 147 19 269 394 297 314 192 259 179
45 142 157 345 250 291 143 437 116 353
273 308 117 27 220 80 362 4 240 29
105 246 450 231 422 151 67 14 467 441
128 299 178 177 391 354 243 249 481 102
316 12 215 346 411 40 410 456 236 198
283 260 233 238 10 253 320 156 482 261
100 63 293 173 219 298 37 334 330 58
488 139 390 401 154 33 175 278 495 359
316 40 211 456 198 12 442 346 189 411
414 20 444 300 56 91 24 491 140 76
395 343 29 4 114 80 468 117 287 273
387 367 46 267 132 247 483 373 469 451
293 37 334 100 213 427 326 63 454 173
27 362 308 240 208 152 273 162 117 479
229 453 96 69 328 71 290 174 146 439
465 0 153 113 43 336 199 92 258 25
473 374 87 48 188 158 350 115 44 170
301 90 49 201 472 385 70 227 195 75
7 164 416 232 474 480 41 271 58 248
447 256 6 327 458 35 333 360 274 405
472 75 49 448 301 234 224 254 90 17
257 121 8 492 104 381 495 441 175 14
96 221 453 71 69 290 328 146 475 174
484 65 355 262 182 95 340 408 42 118
151 105 14 209 441 246 381 450 422 492
480 164 271 225 248 7 416 186 474 107
10 283 320 212 482 260 275 238 160 253
448 254 75 17 227 421 472 110 49 111
265 55 493 239 462 73 276 284 402 161
410 205 411 347 346 12 409 211 74 316
460 292 30 479 51 162 152 413 487 240
253 260 156 212 261 283 242 233 366 10
73 265 235 284 55 161 493 39 245 462
362 152 220 162 27 479 308 208 292 273
351 134 497 82 187 322 338 160 349 275
366 261 156 364 253 489 238 459 260 251
481 391 127 178 310 128 210 431 299 464
9 193 180 380 189 94 442 198 22 456
39 486 161 122 284 263 73 339 239 50
450 209 422 105 67 231 467 151 272 14
267 483 387 469 218 463 367 184 46 167
271 186 480 232 107 164 21 430 225 331
354 102 177 166 299 404 210 53 128 386
345 143 116 45 47 207 103 142 157 329
459 440 400 489 364 466 294 366 282 242
44 54 350 344 158 476 48 371 473 163
238 156 261 260 242 212 283 366 233 364
17 234 448 421 75 110 227 111 472 120
309 303 197 429 26 5 407 101 50 149
6 226 458 447 327 360 405 35 333 126
228 8 121 104 492 495 175 381 441 154
199 487 43 413 113 0 51 222 30 465
438 314 406 394 19 159 285 305 206 313
212 238 283 253 233 156 10 261 320 242
156 242 253 366 238 364 260 489 212 459
65 95 42 230 34 484 106 355 368 182
339 122 50 486 407 245 26 197 39 161
124 268 266 358 169 426 202 2 325 418
235 239 55 73 493 284 462 161 276 39
124 426 264 268 2 325 358 471 169 99
247 387 483 218 367 469 46 463 184 132
264 358 124 169 266 202 426 418 2 163
147 297 192 206 285 179 19 382 394 388
77 428 171 78 136 436 59 457 83 379
248 480 232 186 164 107 225 21 7 430
383 467 67 356 289 422 337 450 384 246
117 208 308 80 27 4 220 29 362 395
280 333 28 35 133 327 36 447 108 226
160 482 322 320 82 10 233 351 283 241
462 402 493 313 55 305 235 159 265 406
97 318 185 324 11 452 196 170 342 115
33 359 401 167 184 139 463 214 469 488
131 434 451 455 375 373 392 132 490 46
274 28 133 333 35 36 327 108 447 85
304 446 123 415 141 282 496 294 349 466
294 123 466 446 281 400 304 440 415 251
212 233 260 10 320 238 253 482 156 275
161 73 39 239 245 265 486 235 55 122
206 19 394 147 269 314 297 259 438 192
361 126 89 405 445 360 15 424 458 6
203 468 84 114 369 343 25 92 217 336
119 72 332 183 357 432 83 348 317 436
337 356 384 383 272 435 467 425 67 352
71 146 475 96 229 137 221 181 453 393
437 157 142 353 376 207 45 424 345 15
237 479 460 162 30 152 51 240 413 362
219 100 37 213 334 63 427 173 326 454
466 282 400 123 440 446 281 251 304 459
372 32 393 109 181 52 137 296 475 494
494 52 60 109 397 172 32 13 295 372
269 192 147 179 206 382 285 388 19 66
330 173 58 63 41 213 474 416 100 7
210 177 128 354 178 249 391 102 243 166
91 20 491 216 76 414 403 444 498 56
224 49 472 90 201 227 385 75 70 448
307 195 70 396 385 149 201 101 90 5
255 197 309 26 407 429 50 5 339 101
281 415 446 141 123 496 282 349 294 338
159 313 406 402 438 276 259 462 314 493
323 498 449 403 478 76 1 491 419 91
302 396 195 149 70 101 385 5 201 90
27 208 220 273 362 117 240 80 4 152
255 429 303 5 197 101 26 149 407 396
127 431 481 464 419 243 1 391 478 178
443 112 321 81 61 148 204 98 420 165
66 365 388 120 382 111 179 110 192 421
402 305 276 159 462 406 493 438 55 259
259 394 438 19 406 285 159 206 305 147
125 389 18 138 352 335 425 23 435 31
215 211 40 12 456 346 198 411 410 442
412 348 200 432 183 485 72 93 288 62
277 324 97 452 185 170 11 115 196 188
129 22 88 94 190 380 130 9 417 135
482 10 233 275 283 160 212 322 260 82
61 443 204 311 420 112 370 86 81 454
160 82 275 351 482 241 320 134 10 497
449 306 478 498 1 403 419 76 464 491
452 318 170 277 115 97 188 185 87 11
2 471 99 426 377 266 124 3 264 74
427 454 86 334 370 37 420 219 204 293
447 35 333 226 274 256 280 6 458 28
69 174 453 439 221 155 229 470 96 71
38 103 168 47 191 116 144 143 165 250
298 58 41 173 474 63 416 213 7 225
430 79 21 107 176 186 398 16 248 57
119 357 288 83 72 436 183 78 432 348
35 274 280 327 28 447 133 226 36 256
37 427 219 326 293 454 100 86 213 370
138 23 389 31 315 145 125 18 378 352
92 153 25 465 222 369 0 84 113 203
289 384 356 435 383 425 272 352 467 18
187 349 497 496 141 134 415 241 304 351
50 263 407 122 26 486 197 245 303 39
408 182 118 355 399 484 379 230 457 59
57 461 150 16 68 398 176 85 108 79
423 196 135 11 417 185 130 97 277 190
114 217 395 468 29 287 4 203 80 84
54 476 371 252 163 44 350 418 158 202
250 45 143 207 116 142 47 157 103 291
411 12 410 211 236 316 205 215 40 347
205 409 236 74 410 3 411 377 346 99
432 317 183 412 72 200 288 485 119 93
496 338 141 187 497 415 304 134 281 241
158 44 252 48 473 54 223 344 374 476
241 82 134 322 497 160 187 275 338 482
18 425 125 435 315 384 389 337 138 289
376 437 291 424 157 15 142 445 89 207
249 177 102 299 166 210 128 404 178 53
484 182 230 340 408 65 118 262 399 95
383 289 272 337 384 467 67 435 422 425
83 332 436 119 288 78 72 428 183 270
169 268 264 202 124 418 266 163 426 371
167 278 184 33 463 401 469 139 483 214
405 458 126 6 256 286 361 226 447 89
286 89 445 126 15 405 424 360 376 458
240 220 27 152 308 162 208 479 273 117
140 433 386 24 53 56 404 444 166 414
489 366 459 242 251 261 156 440 400 253
120 312 111 66 388 110 382 421 179 17
242 364 261 489 156 459 253 251 238 440
218 46 387 132 267 373 247 451 483 131
106 64 34 477 42 95 62 262 93 65
84 25 203 92 287 336 468 153 114 465
420 86 204 454 326 61 427 321 334 443
163 476 418 344 54 202 252 169 44 358
295 393 32 181 109 137 52 475 146 296
132 451 46 131 367 279 218 434 387 455
87 223 188 473 48 115 158 170 350 452
392 455 490 434 13 279 172 131 397 451
353 424 437 15 291 445 157 89 142 361
99 3 74 471 409 325 2 347 426 205
194 145 470 31 155 23 439 335 174 138
399 457 118 59 408 136 340 171 182 77
94 9 244 22 193 319 180 129 189 88
441 492 14 121 151 228 231 257 8 105
179 388 192 66 312 297 269 365 147 120
272 356 467 289 67 337 384 422 450 435
337 435 289 425 356 352 383 18 272 125
70 201 195 90 302 224 307 301 49 396
433 53 363 404 140 166 24 102 56 249
218 267 367 247 46 483 132 469 373 463
66 382 312 179 365 192 120 297 111 269
138 315 335 125 23 18 352 31 425 145
488 154 214 175 139 495 104 401 33 8
178 243 128 481 210 127 299 310 177 431
490 375 455 13 172 434 397 279 131 60
181 372 137 295 475 32 146 109 290 71
19 314 285 259 206 438 147 406 269 159
217 29 4 343 80 114 117 468 273 208
307 149 302 101 195 5 70 429 385 201
172 60 13 494 296 490 392 52 375 109
16 176 57 341 79 461 331 150 430 68
118 379 408 457 340 59 182 136 355 171
440 466 294 251 459 282 123 489 446 364
33 139 278 214 488 359 390 167 154 184
313 276 462 305 493 159 55 406 235 438
76 498 306 491 323 91 449 300 478 20
53 166 386 433 102 363 249 140 354 24
360 126 286 458 361 6 256 89 445 226
438 159 259 305 314 313 394 402 19 285
26 50 197 339 303 263 255 122 309 486
118 340 399 182 379 355 457 484 59 230
74 347 3 205 377 236 99 410 471 411
236 411 346 205 12 347 211 409 316 215
410 346 236 12 211 205 316 347 215 409
200 317 348 485 432 93 183 72 62 288
487 51 30 258 199 460 43 237 113 292
444 216 56 20 24 300 91 140 491 363
304 141 281 496 446 349 123 338 187 282
7 474 225 41 58 164 330 232 298 480
135 130 423 190 342 88 196 129 11 319
202 163 371 169 476 358 344 268 54 264
464 1 478 431 449 310 323 127 306 481
204 370 86 61 454 321 326 427 443 311
17 110 254 111 234 120 448 365 75 312
450 67 246 467 209 272 105 383 356 231
342 135 417 196 130 11 185 190 97 88
15 376 445 353 89 437 361 291 286 157
352 435 18 384 125 337 315 289 389 356
266 2 124 325 264 471 268 99 358 377
326 334 454 37 86 219 370 293 420 100
270 78 77 436 171 83 136 357 59 457
5 309 255 101 303 149 197 396 26 307
21 331 107 79 186 176 248 398 271 16
464 310 419 127 1 481 478 243 449 323
348 183 72 317 412 288 200 119 332 485
386 363 53 140 404 24 166 56 444 102
279 455 131 375 451 392 490 373 132 13
425 384 352 337 18 289 125 356 315 383
83 78 357 428 332 270 119 77 288 171
291 353 376 157 142 424 207 15 45 445
259 406 314 159 394 305 19 285 313 206
155 174 470 328 69 194 453 378 221 145
400 251 466 459 294 489 282 364 123 366
14 381 151 492 231 121 228 105 257 209
198 189 456 180 193 40 215 244 316 9
311 321 61 112 81 204 420 148 370 98
414 56 216 24 20 140 300 363 91 433
89 15 424 361 286 376 353 126 437 405
123 281 304 282 415 294 141 466 496 400
327 226 35 256 6 333 458 274 280 360
234 75 254 227 17 472 421 49 110 301
478 323 1 306 419 498 464 403 431 76
246 422 209 67 105 467 272 231 383 151
131 373 279 132 434 46 455 367 375 218
324 170 115 318 188 277 87 97 374 185
69 221 328 229 96 174 71 439 290 155
86 326 427 370 420 334 204 37 219 61
375 434 392 279 490 131 451 13 172 373
198 40 442 215 189 316 180 211 193 12
59 379 399 136 118 171 408 77 340 270
6 360 256 405 226 126 447 327 286 35
251 489 440 364 400 366 466 242 294 261
237 30 292 51 479 413 162 487 152 258
341 150 57 68 16 85 398 108 176 36
276 493 55 402 235 313 265 305 239 159
469 184 167 483 359 247 267 278 33 387
419 431 1 310 478 127 449 481 323 306
153 222 0 336 113 92 43 25 199 369
294 400 440 282 251 123 459 446 281 489
272 67 383 422 356 450 289 246 337 209
114 287 203 343 84 217 369 395 25 29
463 483 184 247 167 267 359 387 278 218
155 194 439 378 174 145 328 31 69 453
325 99 2 377 426 3 74 266 124 409
49 227 301 75 224 448 90 234 201 254
223 48 374 158 87 350 188 44 252 115
416 41 7 58 225 330 298 164 232 173
146 137 290 181 71 393 96 229 372 221
344 371 54 163 418 252 44 202 350 169
64 62 368 93 106 485 34 42 200 95
1 449 419 323 464 306 431 498 403 310
162 292 152 237 240 460 362 30 220 51
232 271 164 248 225 186 7 107 416 21
127 243 310 391 431 178 464 128 419 210
320 275 10 160 233 322 283 82 212 260
247 469 267 463 387 184 218 167 367 359
355 230 182 65 340 262 408 95 118 399
93 200 412 62 317 477 348 432 64 183
122 245 263 39 339 161 50 284 407 73
413 258 199 51 43 30 113 460 0 237
390 214 154 139 175 401 495 33 104 278
364 459 366 251 242 440 261 400 156 466
392 13 375 172 455 397 434 60 279 494
91 76 300 403 20 498 216 306 323 414
121 381 228 441 257 14 8 151 231 104
55 462 235 276 265 402 239 313 73 305
60 296 397 52 172 109 13 32 490 295
175 104 8 154 257 390 228 488 121 214
349 141 338 415 187 304 497 281 446 134
187 134 338 241 349 351 496 141 82 415
403 306 76 323 449 491 478 91 1 300
