84 86 89 193 113 70 61 96 18 82
205 108 180 192 188 83 81 90 100 227
44 130 144 154 129 223 95 72 176 199
230 149 197 75 32 28 213 115 114 16
200 23 13 163 238 20 27 174 162 237
66 39 50 153 20 19 30 88 54 138
221 219 61 143 187 70 106 89 171 94
55 171 233 187 183 221 94 204 219 146
43 231 139 31 64 236 42 142 12 179
161 210 40 125 92 97 202 140 195 63
24 215 77 156 79 71 14 189 91 240
192 133 106 234 94 90 146 219 113 70
169 139 93 126 142 179 231 31 105 8
174 4 200 27 238 226 23 164 162 163
24 16 127 79 206 71 10 147 38 213
120 226 53 141 132 27 194 190 148 26
14 127 149 213 38 79 32 24 3 206
170 196 117 228 212 209 157 45 99 131
104 86 113 25 184 234 201 82 133 0
50 160 91 240 66 88 5 215 22 69
30 200 162 163 5 50 4 220 39 138
217 131 47 209 114 182 208 170 78 185
128 67 160 80 220 91 168 222 50 71
238 4 163 237 195 13 200 92 68 207
14 10 79 71 215 77 127 16 206 147
227 133 104 18 201 234 113 180 184 11
148 120 76 132 37 62 166 186 190 15
141 226 13 238 174 68 15 120 4 194
197 114 203 115 230 3 131 157 182 140
51 152 42 58 207 33 31 195 229 236
220 20 162 50 200 160 5 164 218 22
58 42 43 179 139 8 236 29 12 51
149 38 198 75 110 3 59 16 230 83
236 42 152 52 29 85 72 43 199 229
129 48 46 107 135 144 232 95 154 119
145 65 121 56 177 112 41 103 134 49
99 158 205 175 60 81 212 188 45 180
62 118 26 132 190 155 225 186 76 120
59 32 189 149 79 16 198 188 14 158
138 54 153 5 137 163 66 20 157 50
92 9 195 51 161 210 58 179 207 29
235 159 134 73 204 185 102 57 122 183
31 43 58 29 236 33 51 152 8 179
8 31 236 42 139 231 58 33 85 179
2 154 144 129 130 232 95 34 214 223
196 81 99 208 212 201 209 17 180 217
135 48 119 34 151 107 118 155 74 150
217 21 184 78 208 104 82 209 185 201
46 119 34 74 95 150 135 129 144 176
122 84 96 134 193 112 0 89 57 143
19 160 30 5 66 220 20 91 22 88
29 207 195 58 40 42 92 152 31 179
178 72 152 229 33 224 223 176 199 29
190 173 15 132 194 120 141 150 155 191
137 39 153 157 138 203 5 117 66 115
7 187 94 146 233 219 171 167 165 183
65 121 177 35 101 98 145 181 8 231
82 78 159 134 193 122 185 84 184 235
31 42 179 51 29 40 43 161 139 195
188 189 38 158 198 32 83 79 205 175
69 175 156 212 36 99 77 228 240 158
70 89 143 6 106 219 0 96 113 221
186 37 225 172 26 76 118 105 111 132
211 125 206 97 147 116 136 202 127 9
231 142 216 8 139 107 98 232 12 169
56 181 177 35 121 98 101 85 236 8
5 88 153 19 50 117 39 228 240 54
22 80 222 168 128 147 71 220 218 160
141 238 194 207 27 229 23 15 152 195
60 240 228 156 88 212 77 175 117 19
106 61 113 234 89 0 219 6 86 143
128 147 24 215 168 206 10 14 67 91
199 52 223 178 33 130 85 176 152 236
204 123 233 235 41 165 183 102 159 239
176 95 191 150 48 119 178 223 173 224
110 230 3 123 32 149 102 198 197 182
111 166 186 26 148 62 124 37 172 109
175 156 10 189 79 60 215 158 24 69
185 82 57 47 159 184 182 193 235 21
189 24 14 10 38 77 16 59 175 127
67 218 222 22 220 124 168 87 128 164
180 45 99 36 205 227 201 196 1 212
57 193 78 184 86 47 185 159 84 18
198 100 108 239 110 167 188 90 59 1
193 0 49 122 89 86 57 96 82 134
236 199 33 43 72 42 8 52 31 29
18 0 193 113 184 82 104 84 70 234
116 222 124 111 168 80 166 67 136 218
66 228 69 240 117 19 153 5 50 17
143 61 96 0 70 84 6 113 86 193
100 146 108 192 167 11 94 239 83 1
215 19 160 240 128 22 156 50 10 71
195 210 40 237 9 140 51 23 207 161
105 126 225 169 12 151 172 202 179 62
146 219 187 55 11 106 90 167 6 7
74 144 176 48 130 223 129 34 191 178
143 89 61 84 49 0 6 70 122 193
140 213 211 210 9 115 127 63 125 197
64 231 8 142 216 43 139 236 85 232
212 36 81 45 196 60 205 17 175 158
167 239 90 83 108 146 165 198 110 192
181 214 177 98 65 56 85 199 64 44
235 182 123 185 230 75 73 159 114 78
183 171 7 204 233 221 55 187 73 41
184 18 201 25 208 227 86 47 82 217
93 172 126 225 202 136 62 186 12 161
70 234 11 219 113 61 94 133 6 192
216 232 135 34 142 129 46 169 154 64
100 90 83 1 192 239 167 146 198 205
166 124 164 218 148 174 76 80 87 162
198 75 239 32 123 83 165 100 149 167
76 186 116 166 87 136 124 172 62 26
49 122 96 134 84 143 89 41 193 57
234 70 18 86 106 0 25 61 133 11
28 182 230 21 131 203 197 102 3 185
197 140 28 213 203 137 97 3 210 230
87 136 111 222 172 124 63 186 168 76
228 17 153 170 157 88 66 212 196 69
155 37 151 119 225 190 62 46 150 132
155 46 48 150 118 74 151 135 190 191
226 132 148 15 26 53 166 174 190 27
56 145 35 65 103 41 183 204 112 73
49 134 84 57 193 159 82 0 78 41
102 75 110 73 235 230 165 239 182 32
166 109 87 218 111 222 76 80 116 148
9 202 161 63 211 136 97 210 40 126
105 93 179 202 12 161 172 169 139 225
206 14 211 16 213 147 97 24 63 71
22 67 71 91 168 160 215 147 80 222
154 34 144 44 232 95 48 107 2 46
2 223 144 95 176 44 72 178 129 74
21 209 170 203 157 114 217 28 17 47
120 190 53 26 15 37 148 226 155 173
192 234 11 25 227 106 180 18 113 201
159 122 57 41 49 235 185 193 78 84
46 151 107 34 169 48 119 118 216 142
172 116 202 111 186 105 125 87 63 76
54 138 39 203 237 115 157 140 153 163
39 137 163 54 237 20 5 153 4 23
8 12 231 31 43 179 142 64 42 58
210 115 97 92 213 197 137 237 9 28
194 68 27 15 226 238 53 120 229 132
216 64 231 169 12 139 107 8 135 232
89 96 61 6 221 70 0 84 219 106
129 95 44 130 2 154 34 48 223 176
35 121 103 112 56 65 183 41 49 171
94 90 167 55 100 187 11 165 192 219
206 168 71 128 211 127 67 222 63 14
166 120 26 76 226 109 132 174 124 15
3 32 16 38 75 213 197 230 110 198
173 191 155 119 74 190 48 53 224 176
135 46 118 169 225 119 93 155 48 34
229 29 52 33 207 51 42 224 68 178
39 54 66 5 157 117 88 137 138 228
129 44 232 144 34 2 107 216 130 95
190 118 119 150 37 173 53 132 46 151
77 240 69 10 215 60 175 91 88 24
54 203 153 170 117 131 137 17 39 209
188 175 36 189 205 59 77 60 99 38
134 57 185 235 78 41 122 82 102 182
22 19 50 91 220 128 30 67 240 215
9 125 202 179 40 126 58 210 105 92
164 30 200 220 20 218 13 174 4 109
4 138 200 23 20 237 39 13 137 238
162 218 109 174 200 220 13 30 124 80
167 239 233 100 73 110 123 146 204 55
148 76 124 109 111 26 186 120 87 218
165 100 239 146 90 83 55 108 233 94
222 147 67 128 71 87 80 22 206 116
12 93 151 135 142 107 225 126 139 216
209 17 131 196 157 117 217 21 212 228
221 7 187 55 6 183 219 233 103 94
136 105 186 62 111 202 225 116 76 93
150 191 53 190 224 155 194 74 132 119
13 226 164 27 109 148 200 120 162 4
77 158 60 36 156 189 69 188 10 99
223 178 74 95 191 224 130 150 52 48
65 56 101 181 35 121 98 145 214 85
176 224 223 52 191 229 74 72 95 152
31 58 126 161 139 12 40 202 42 51
81 227 1 205 201 133 25 45 192 99
85 199 101 65 98 236 214 43 8 72
102 185 114 230 235 21 78 123 159 47
204 233 7 73 55 171 103 165 41 187
104 82 18 86 47 78 193 201 208 57
78 182 159 235 102 57 82 47 134 21
62 76 111 172 136 26 225 37 166 105
219 55 94 221 7 6 171 146 106 233
59 158 205 189 1 83 36 198 175 38
59 79 38 158 77 188 175 10 24 14
155 53 132 173 37 150 118 15 26 120
224 173 150 74 176 178 53 119 95 194
11 133 90 108 1 234 146 100 180 25
84 82 86 0 57 122 184 78 49 18
141 68 229 224 53 15 173 27 191 152
92 40 51 207 237 23 210 29 238 9
45 17 212 209 170 99 208 217 117 81
115 3 28 213 230 149 140 114 203 97
83 110 32 239 59 38 100 75 188 108
72 85 33 236 52 223 130 2 178 43
4 20 162 13 163 30 164 174 23 238
227 208 104 25 45 180 18 217 184 81
125 161 126 105 136 172 9 179 63 93
28 157 54 131 115 137 114 197 170 153
73 183 233 165 41 7 123 55 235 167
1 188 36 158 81 180 99 108 59 175
147 127 211 14 63 71 168 24 16 97
51 195 29 68 152 238 229 23 40 58
217 201 45 47 209 104 196 227 21 184
217 170 131 196 21 208 17 45 47 157
140 92 9 97 40 237 195 125 115 161
206 63 127 97 213 147 125 14 16 140
99 196 17 228 60 45 36 69 117 81
97 197 127 16 115 149 3 211 140 14
44 154 2 232 129 144 130 98 199 216
10 91 156 240 71 24 128 77 19 160
107 142 64 232 231 169 135 34 154 12
209 47 208 21 131 170 201 196 45 104
80 164 109 124 220 162 222 67 87 166
187 94 6 106 221 61 70 55 11 146
30 162 80 22 218 160 50 164 20 67
6 171 187 219 7 143 61 55 94 89
168 87 67 80 124 218 116 22 147 128
176 130 178 72 95 52 74 144 2 191
191 178 229 173 194 176 52 150 74 152
62 93 105 151 118 172 37 186 169 126
120 15 27 174 148 141 13 132 26 53
25 201 180 133 104 81 208 18 45 192
117 88 69 17 212 60 66 240 170 196
152 224 194 52 178 68 207 191 29 141
3 75 114 197 28 182 102 123 149 32
8 64 139 142 43 216 12 31 98 169
107 154 216 129 34 44 142 144 64 135
183 204 7 55 165 73 167 187 171 146
113 106 133 11 25 70 18 192 86 227
102 159 185 41 182 73 123 134 78 57
85 43 42 33 8 31 29 199 58 152
92 23 138 163 195 137 210 140 4 40
23 27 68 4 13 141 207 195 200 174
167 100 165 110 83 198 90 108 123 146
156 91 69 19 88 215 60 66 228 160
