920 972 919 435 673 787 325 454 558 738
381 779 897 784 160 107 401 246 891 41
805 676 583 47 716 682 727 724 745 77
814 946 328 552 173 528 51 201 672 582
436 549 161 359 249 77 217 809 218 75
401 139 784 365 771 779 1 667 381 493
190 597 460 480 601 751 775 902 506 12
444 637 913 213 586 937 446 111 154 152
929 144 150 824 293 268 437 346 21 392
109 295 645 352 930 296 962 422 165 543
943 624 118 870 739 71 135 546 141 910
669 423 678 641 893 63 655 511 270 603
506 233 775 351 601 789 460 452 190 885
725 931 24 647 131 499 942 53 891 41
550 42 207 925 833 978 453 844 670 464
964 203 306 143 603 845 511 543 63 165
127 646 281 703 654 151 732 130 410 696
489 368 329 987 653 450 985 924 419 331
765 933 973 569 37 565 554 869 110 940
286 147 61 613 215 374 340 790 866 323
229 382 36 22 840 620 318 123 992 578
674 437 759 635 824 593 144 518 8 93
620 382 123 20 578 229 36 178 840 320
129 72 59 785 935 349 979 566 81 754
725 131 13 942 891 41 107 931 160 60
772 689 585 782 332 503 983 290 310 622
512 463 839 568 928 731 221 255 111 357
663 629 291 200 426 449 222 182 121 932
177 468 562 579 55 744 195 715 748 500
693 764 515 406 954 67 333 853 728 101
235 99 344 508 949 898 734 509 936 232
52 960 427 830 292 941 438 934 918 62
527 247 475 65 625 198 575 539 927 432
308 537 358 794 636 951 38 312 385 876
534 380 968 277 873 521 877 743 798 397
386 478 315 422 708 296 352 193 295 501
229 840 20 318 992 382 142 22 209 620
973 940 403 765 84 18 730 62 933 934
385 636 858 358 308 706 33 461 537 660
808 640 414 405 605 776 300 339 282 910
532 335 806 451 260 588 224 679 970 97
891 60 160 942 131 897 737 107 381 24
925 14 978 550 844 207 833 464 977 453
474 969 819 982 384 799 104 106 545 803
252 627 379 299 642 811 967 402 994 250
559 832 802 648 632 953 950 420 848 94
649 662 911 341 665 497 488 690 377 740
805 716 727 2 724 77 676 745 217 359
492 697 797 783 181 265 124 829 415 360
347 644 278 400 944 825 791 905 66 818
849 223 728 981 853 491 338 816 563 64
173 672 328 246 814 107 3 897 160 381
427 31 292 960 438 830 918 941 602 934
287 499 370 647 390 931 313 13 781 725
225 396 430 899 707 572 862 938 997 199
195 562 500 177 574 28 498 467 468 553
590 548 722 792 851 441 354 652 872 692
301 948 813 283 963 387 364 156 616 483
926 892 685 189 285 398 998 666 128 486
72 935 23 979 129 81 66 785 349 791
41 737 891 735 942 160 131 897 107 24
215 147 790 19 286 866 932 613 121 374
730 934 84 941 403 830 940 37 960 973
511 893 603 423 641 11 306 270 669 964
334 338 921 223 981 816 162 909 50 383
247 432 32 324 527 456 475 198 625 927
81 791 979 905 825 400 935 208 238 644
853 515 728 764 491 849 563 50 29 223
272 231 184 168 416 363 171 271 890 762
917 191 755 91 922 864 469 619 112 801
155 152 424 586 533 913 531 444 872 7
135 870 624 141 780 10 609 943 696 118
59 23 935 129 979 785 81 349 66 566
740 305 488 699 662 456 649 46 341 911
980 692 714 652 851 760 792 713 548 126
865 809 510 217 77 359 108 549 727 716
882 733 176 599 476 547 336 218 249 228
359 217 716 809 727 549 47 724 75 4
748 95 715 769 744 167 860 579 468 619
88 80 490 140 536 900 702 742 705 434
88 140 79 900 536 490 705 434 702 319
66 979 935 791 59 825 905 400 208 72
472 656 577 729 273 888 756 137 694 362
407 164 125 651 148 908 373 959 598 767
403 730 62 940 37 934 973 941 765 830
134 630 777 353 986 162 119 921 197 334
158 615 581 297 477 626 906 495 254 879
319 820 434 657 900 660 705 288 140 691
80 79 536 900 140 702 490 434 594 705
483 431 364 878 387 356 283 367 948 984
994 823 587 967 642 263 379 631 627 245
112 917 618 69 191 736 469 864 228 755
157 923 183 529 591 616 366 187 710 156
518 602 593 918 635 438 759 292 674 21
420 589 953 418 648 458 832 175 45 192
769 78 167 748 715 860 744 619 801 695
516 497 911 767 959 46 649 148 662 488
679 341 665 690 588 662 649 377 46 451
584 163 179 530 551 241 244 628 126 753
508 30 898 235 509 344 949 100 734 936
509 717 898 519 508 955 523 540 216 852
333 694 756 954 273 406 729 656 693 29
895 388 681 114 541 542 251 361 262 194
598 369 373 269 908 869 995 520 651 196
545 384 688 819 999 474 43 827 621 969
560 600 835 670 453 470 833 841 207 169
803 799 982 675 969 834 284 43 274 474
246 160 942 897 891 131 672 381 41 1
976 510 535 865 988 75 457 544 671 687
645 9 930 295 962 352 165 296 543 422
634 565 554 700 569 869 933 995 520 18
568 446 213 731 937 463 928 637 221 7
91 618 917 736 69 219 191 469 228 864
473 330 677 966 307 242 735 439 737 417
542 895 361 102 194 388 815 681 276 541
655 817 678 494 669 723 11 236 423 603
394 746 993 202 192 504 175 340 374 323
880 275 481 868 984 367 741 356 573 878
739 943 546 10 910 624 339 870 71 776
197 986 875 777 153 630 564 85 507 134
132 571 205 538 709 182 261 449 348 200
222 932 866 426 790 291 663 215 27 61
990 149 850 595 766 604 266 525 417 718
578 620 22 178 382 320 957 20 826 229
181 829 797 360 492 462 958 720 180 48
148 164 959 83 767 407 516 651 908 96
713 244 241 721 530 760 753 907 163 146
16 281 654 646 732 703 410 151 130 303
487 998 285 956 685 355 926 871 58 580
23 785 72 349 59 566 935 754 979 747
151 696 609 703 780 646 141 16 135 127
942 24 891 107 725 41 160 246 60 13
120 205 571 182 538 449 709 200 261 348
397 704 502 743 513 521 138 465 968 778
85 353 630 162 777 921 986 334 64 119
71 141 870 780 624 609 696 10 130 943
608 745 796 724 226 727 47 716 245 805
362 888 248 577 774 472 257 82 656 903
465 513 778 502 761 704 309 133 482 680
5 365 401 771 784 667 779 493 1 375
80 900 705 79 88 434 288 490 319 536
780 135 609 71 696 870 624 130 151 10
209 992 556 318 425 840 36 749 229 800
203 845 543 15 165 964 306 962 603 930
8 824 929 437 150 293 21 268 674 346
188 204 196 614 520 863 995 701 269 869
753 459 721 241 907 831 244 530 348 607
61 19 215 286 790 613 866 374 932 340
125 959 164 767 83 516 407 96 651 497
850 122 766 990 525 595 604 718 266 639
293 929 268 8 346 144 392 904 824 606
130 703 696 646 609 16 780 127 141 281
586 70 913 155 444 424 7 533 637 531
875 564 507 197 119 658 986 514 777 594
289 937 446 371 637 213 7 855 111 444
70 424 533 152 531 586 872 913 354 444
616 963 813 529 187 923 762 92 301 271
92 591 183 923 366 529 710 881 616 445
86 581 477 615 906 297 254 626 495 671
238 750 208 905 856 914 825 791 298 793
891 107 897 942 41 246 381 131 60 1
249 436 4 218 549 547 359 176 77 882
921 353 334 134 64 85 338 909 630 816
530 98 241 584 244 126 753 721 179 713
125 83 148 407 959 651 767 908 516 373
543 962 845 930 143 645 203 109 9 15
837 253 322 486 447 666 484 398 189 859
769 860 95 619 801 78 695 922 755 558
272 363 68 271 231 762 184 187 416 529
974 841 470 881 366 835 591 560 157 445
838 342 391 752 443 413 680 412 482 327
890 416 184 327 231 412 68 413 272 752
440 843 393 902 751 896 480 700 597 634
51 328 672 814 3 246 946 107 897 160
501 230 193 575 625 539 708 884 475 912
192 458 993 418 394 589 116 94 746 420
882 547 76 218 733 249 599 161 476 436
562 28 468 55 195 579 500 744 574 715
320 578 957 123 826 620 22 321 382 383
584 551 98 628 847 163 684 530 804 241
216 958 360 540 519 829 462 955 124 717
797 124 492 829 48 360 462 720 958 697
449 205 200 132 629 120 571 27 538 663
92 157 710 591 923 445 529 366 343 187
416 231 171 68 890 272 327 168 412 363
378 302 650 889 570 517 975 747 821 846
683 206 885 854 452 455 789 351 567 428
529 762 616 923 271 156 92 363 183 963
196 145 520 204 995 614 269 869 554 369
398 892 666 58 486 926 837 685 166 285
6 460 601 597 775 480 506 751 12 902
69 755 922 917 864 619 801 469 91 860
993 175 394 458 116 418 589 746 202 94
708 501 174 315 478 230 35 575 884 539
815 361 276 542 114 433 939 895 701 102
55 500 574 562 498 177 467 28 553 770
188 520 995 145 869 269 204 554 369 565
119 875 986 153 564 777 507 630 85 658
475 927 527 575 625 505 32 230 539 247
938 258 572 220 343 430 445 225 710 54
449 629 182 27 663 205 132 291 120 426
582 528 552 991 770 946 553 3 467 814
746 504 294 323 915 116 821 340 394 975
143 15 845 964 543 306 165 603 511 962
614 145 863 188 701 196 939 520 995 433
132 182 120 571 449 200 538 709 629 261
186 854 683 455 885 567 452 428 789 471
833 550 453 14 670 42 600 925 105 978
914 238 905 159 791 298 825 750 611 66
142 556 992 425 318 749 840 800 36 274
243 818 259 944 643 278 612 347 883 49
712 996 479 989 757 576 971 758 239 227
524 901 255 947 839 555 512 580 26 871
111 637 446 937 568 7 731 444 154 928
886 961 738 795 874 325 664 673 610 919
61 790 147 866 932 19 286 121 222 613
180 540 519 958 955 360 717 523 462 829
809 77 727 716 359 75 724 549 47 865
547 249 176 161 882 436 4 76 549 733
736 557 618 661 112 326 91 668 917 336
343 258 445 710 199 938 183 881 366 591
928 357 731 726 463 568 26 111 512 256
121 426 932 291 866 663 790 27 215 629
981 338 50 728 849 816 64 853 909 334
970 260 842 806 807 532 786 40 471 335
430 54 572 396 899 938 707 199 862 258
796 245 608 631 136 263 745 587 724 823
758 411 576 331 989 985 996 653 329 489
469 336 864 476 922 69 599 917 191 91
20 36 840 382 318 22 992 620 142 123
575 174 625 475 539 501 884 198 527 912
68 184 272 416 171 168 890 363 327 271
698 936 848 734 950 949 344 632 235 802
12 351 506 789 775 452 601 885 460 683
376 857 622 686 290 442 332 768 585 267
344 30 949 99 734 508 936 898 232 509
723 903 494 257 817 774 115 248 362 655
596 623 997 719 862 262 707 251 899 541
159 905 208 914 825 791 750 400 298 856
971 421 757 793 479 856 712 750 211 159
883 457 544 671 988 612 687 535 254 867
244 530 721 753 126 163 146 907 713 98
966 439 330 417 113 266 473 604 677 595
259 210 818 643 612 944 278 883 240 347
126 241 721 530 753 713 907 163 146 348
631 226 263 796 608 587 136 823 745 90
107 672 160 897 942 51 891 381 131 1
65 32 527 432 475 198 625 324 539 927
362 774 137 257 888 903 577 236 472 82
161 218 436 547 4 176 549 882 359 76
448 402 822 811 429 299 314 252 44 788
541 262 681 719 388 596 102 237 895 623
44 299 627 811 379 402 642 250 967 448
322 166 447 837 484 486 859 666 398 887
906 671 477 457 581 240 988 883 535 544
524 839 212 512 901 26 947 463 555 221
267 726 768 357 221 442 928 686 731 26
774 903 248 236 362 723 137 494 888 817
199 220 343 938 445 572 710 430 183 881
243 643 210 612 818 883 944 240 278 457
806 224 970 532 842 40 807 335 786 451
348 709 538 907 571 721 753 146 120 459
251 719 541 596 681 237 388 623 102 997
631 587 245 823 226 90 796 994 608 967
466 617 377 952 690 810 665 97 341 916
783 415 697 303 48 492 410 797 732 181
604 417 595 439 990 242 122 966 149 330
768 256 726 442 357 686 221 376 928 234
346 293 150 392 929 904 8 606 855 144
369 869 995 554 520 103 569 196 565 933
641 924 893 987 450 423 368 653 63 11
762 363 168 187 272 529 156 616 963 923
68 168 231 363 184 271 416 762 171 890
729 756 694 656 101 82 472 333 577 954
800 284 834 749 675 425 803 556 106 209
117 868 880 481 741 984 573 367 345 356
815 433 194 939 361 701 542 863 114 614
873 380 34 877 534 798 968 912 521 884
347 944 49 818 644 210 400 243 825 259
611 372 298 914 836 208 638 159 238 750
691 788 288 314 705 429 87 140 319 820
127 654 16 732 646 410 703 303 151 415
300 773 605 389 414 409 640 846 39 808
387 948 364 57 301 483 813 89 963 431
834 274 675 800 803 749 106 425 799 556
998 685 128 926 58 487 892 956 355 189
19 613 147 374 61 340 215 323 790 116
53 370 390 499 313 647 781 931 638 13
691 705 280 140 434 900 319 788 80 87
154 371 937 855 446 606 637 7 213 444
622 332 857 585 234 772 376 25 689 686
426 663 27 222 121 629 932 200 866 449
438 427 52 918 31 602 960 93 518 830
268 150 346 929 8 392 904 144 606 824
821 504 915 975 202 323 570 746 302 889
9 352 109 296 645 422 930 962 386 35
352 422 295 386 9 35 109 478 645 315
626 615 495 879 86 158 894 408 581 477
611 914 208 279 238 159 905 750 791 372
811 252 402 44 627 250 379 448 642 822
282 605 773 414 389 640 409 39 808 846
57 813 948 963 283 156 387 616 364 762
185 570 975 889 378 821 517 650 294 747
415 410 732 265 654 783 281 697 127 48
485 404 861 812 639 395 718 742 525 490
73 699 740 488 456 324 662 432 46 649
964 603 15 511 63 203 143 893 669 11
677 735 473 737 113 60 330 41 966 891
33 358 537 636 794 38 385 951 312 858
761 482 778 680 465 443 138 391 838 513
350 983 503 711 782 852 523 689 955 25
526 720 965 462 496 958 124 829 181 633
876 951 794 408 894 537 33 879 308 495
781 390 370 638 287 836 53 372 499 279
429 788 822 280 448 250 691 288 402 705
478 708 35 193 386 501 422 174 296 230
763 945 607 337 831 592 459 887 146 753
561 867 687 399 544 668 988 240 535 457
840 992 36 142 229 209 20 556 425 382
434 87 820 900 657 705 140 288 80 691
957 178 826 578 321 123 383 620 909 22
383 826 909 957 816 320 334 64 981 921
253 447 484 166 837 859 486 887 666 592
915 340 504 821 294 202 374 746 975 613
432 456 65 699 247 305 32 73 527 740
673 738 919 886 920 214 0 961 795 972
668 661 557 399 219 561 736 317 867 618
412 890 413 171 416 752 184 342 231 170
173 814 51 3 672 946 552 246 107 528
419 489 621 17 827 368 999 985 331 653
113 966 473 242 677 439 307 417 735 266
985 411 653 227 450 17 368 758 489 924
585 290 772 622 25 857 689 234 782 376
101 954 406 694 756 693 273 29 729 656
64 921 162 338 223 353 816 909 981 383
451 40 588 532 679 806 97 260 224 341
476 228 599 469 733 864 76 91 917 112
592 945 316 887 763 607 859 831 484 459
64 223 981 334 816 50 909 921 728 849
910 776 405 546 808 739 39 118 640 943
374 323 613 915 202 504 286 746 821 294
649 665 662 97 690 46 377 488 679 911
752 170 413 838 391 412 327 443 680 890
220 445 710 258 183 199 366 591 881 157
949 235 734 30 936 99 232 508 698 898
573 563 741 491 868 849 853 67 728 515
268 392 293 904 150 606 929 855 8 371
278 49 944 644 818 400 825 210 791 66
261 907 709 721 538 753 146 244 459 241
566 785 754 129 747 23 517 72 59 889
310 711 983 852 503 523 782 955 540 689
789 233 452 12 885 506 683 775 186 601
296 295 422 9 386 109 35 645 930 478
134 162 921 85 334 630 64 777 338 383
872 441 531 722 533 590 424 56 155 548
956 871 580 487 128 555 998 947 285 901
878 367 431 984 89 481 483 880 364 117
726 221 928 256 731 463 26 267 568 512
308 636 33 38 537 385 794 858 951 706
549 77 4 217 809 716 436 727 47 75
829 958 180 124 462 216 540 181 720 519
542 194 114 815 276 895 433 102 939 388
137 248 888 774 577 257 472 903 82 236
271 168 762 272 68 187 231 529 156 616
387 483 283 89 948 431 57 878 301 356
771 139 667 5 493 401 375 784 828 779
881 591 157 974 183 92 710 445 169 923
984 356 481 878 880 431 117 89 275 483
17 987 450 489 924 653 985 270 329 331
103 269 598 869 995 520 373 554 196 569
390 287 313 53 781 499 638 647 836 931
855 289 606 154 904 392 937 7 444 446
836 279 638 611 298 781 914 313 208 750
598 908 103 651 369 407 83 269 869 164
340 613 286 323 19 915 202 746 504 147
828 493 667 682 771 583 365 676 139 2
234 686 857 442 622 290 768 267 332 256
690 617 665 264 341 97 649 466 46 662
185 650 302 846 889 517 570 747 975 409
642 627 967 44 994 252 90 299 823 811
277 34 873 534 968 877 521 798 912 743
1 897 779 160 107 246 891 41 784 942
22 20 620 229 36 123 578 840 318 178
321 909 816 826 981 957 64 334 338 921
819 104 474 545 43 688 969 999 982 827
38 858 636 706 358 461 308 660 33 657
35 422 478 296 315 352 708 295 193 9
364 283 948 483 57 89 301 431 813 878
102 681 541 895 251 114 262 542 361 719
773 409 282 846 300 650 605 414 378 640
313 370 781 287 53 638 836 499 372 647
838 443 170 680 482 342 309 752 761 413
904 346 606 268 855 293 371 150 929 289
896 843 172 700 440 634 110 902 751 565
116 993 192 746 175 202 458 504 340 374
812 742 404 304 490 485 79 861 88 536
899 54 707 225 862 430 997 623 572 237
743 133 704 521 502 968 513 534 138 34
666 189 486 892 837 58 166 926 685 253
561 668 317 326 867 661 687 557 544 219
825 644 791 905 49 238 66 159 208 81
784 5 139 779 1 365 381 771 897 667
811 250 299 448 252 822 44 429 627 314
84 940 730 37 62 973 934 765 941 18
304 812 485 395 861 742 639 718 490 525
776 808 39 339 640 910 414 546 605 739
954 693 29 333 764 101 515 694 756 67
651 83 908 164 373 125 598 148 103 959
894 876 312 879 951 495 626 794 297 537
389 846 773 650 282 300 378 605 185 754
732 303 654 415 281 127 265 16 783 646
227 331 758 985 576 653 989 450 489 17
327 413 890 752 171 342 416 170 184 838
752 412 342 327 890 170 171 838 391 416
605 640 300 39 282 808 773 405 389 776
303 265 783 410 697 732 654 48 281 492
184 171 231 890 68 327 272 412 168 413
439 266 604 242 595 966 990 330 122 113
458 589 175 94 192 420 993 953 394 648
329 621 827 489 17 999 368 688 331 985
94 953 648 589 418 832 458 45 559 175
793 239 856 971 757 750 159 479 238 712
296 386 352 35 295 478 315 9 109 708
641 11 893 669 270 63 511 924 678 987
533 155 531 70 872 152 354 586 441 913
556 749 209 800 142 274 992 284 318 834
291 222 663 121 27 932 866 629 790 200
52 292 31 438 960 918 830 602 941 93
471 567 786 455 807 854 842 206 970 224
822 314 448 788 250 280 402 691 811 288
225 572 54 938 396 199 899 707 258 862
878 89 356 483 367 364 984 387 481 283
324 65 456 247 32 699 527 305 475 198
939 276 701 815 863 194 361 614 542 204
319 900 87 140 705 80 820 288 88 79
972 787 0 454 920 558 919 695 673 801
161 4 249 549 359 218 547 77 809 217
824 21 674 144 759 635 8 593 929 150
918 292 602 427 52 93 518 31 960 593
417 242 266 966 604 595 330 113 990 473
172 902 751 843 480 393 896 597 6 700
354 722 872 590 531 56 533 548 424 792
686 768 376 267 234 256 857 622 726 290
680 391 838 482 170 309 761 342 778 752
7 913 586 637 152 213 937 154 70 446
343 710 220 183 258 591 366 157 881 92
937 111 213 568 731 637 154 463 7 928
484 322 253 859 166 887 837 592 486 337
250 822 429 402 314 811 299 788 252 280
200 182 629 205 27 132 663 120 571 291
924 653 987 368 985 270 17 331 641 489
335 588 679 40 532 97 806 341 690 377
789 885 351 683 186 233 206 12 506 854
670 833 600 207 550 105 14 560 835 42
787 558 695 435 801 972 860 619 167 0
567 854 428 206 471 186 786 683 807 885
324 699 432 305 65 73 247 740 488 32
988 671 240 544 535 883 254 687 976 612
418 175 589 192 993 94 394 420 116 953
831 146 607 753 763 721 907 316 348 241
601 190 6 775 506 597 12 480 233 751
660 706 858 657 820 385 87 38 319 636
720 958 360 829 311 180 124 216 181 526
26 568 731 928 512 111 221 446 839 357
977 844 522 978 925 505 42 927 14 198
138 778 761 513 309 502 482 704 680 133
264 952 617 810 377 916 690 659 665 97
498 553 574 770 991 500 195 582 55 201
579 28 744 177 715 562 748 55 78 195
228 864 922 336 69 191 917 755 91 619
841 835 169 560 974 105 600 881 670 366
786 428 567 807 842 455 970 854 224 206
577 82 656 888 729 137 273 362 756 248
113 677 330 307 966 735 242 737 439 60
819 43 384 969 104 982 545 799 688 106
575 527 198 625 32 539 927 230 884 247
599 336 733 228 76 469 882 864 176 112
906 581 254 158 671 86 457 240 988 883
315 35 386 708 193 422 296 501 352 174
712 757 211 971 239 996 421 989 793 576
751 597 902 6 190 440 460 172 601 843
984 880 367 117 275 356 878 868 431 741
309 680 761 443 778 391 465 838 138 170
89 364 387 431 878 283 356 948 57 367
447 859 322 253 887 166 592 837 337 945
304 861 404 639 812 718 395 525 742 766
666 837 398 166 189 253 892 322 58 447
128 956 998 355 285 871 685 580 926 58
740 662 73 649 46 341 305 911 665 97
17 329 368 419 621 987 653 985 450 331
79 742 88 80 536 140 702 395 900 705
563 849 728 853 50 345 67 223 981 573
797 48 181 697 124 783 829 265 360 720
375 667 828 771 365 682 583 139 676 5
817 723 236 115 903 655 257 678 774 669
879 626 297 894 615 408 876 86 312 158
965 633 526 610 311 664 874 720 795 462
911 96 516 46 649 767 662 488 665 341
467 574 553 500 770 195 991 55 582 562
647 53 931 287 370 13 390 725 313 24
195 574 55 498 467 562 553 177 770 28
174 193 230 708 575 315 539 884 625 912
704 513 138 133 465 397 778 743 761 309
782 983 310 689 350 25 711 772 585 852
294 202 915 821 323 746 975 340 570 116
927 522 198 977 475 464 575 527 32 230
12 775 233 601 460 351 789 190 452 6
564 658 153 514 875 594 197 119 702 986
99 898 30 509 235 100 344 949 717 734
898 100 508 717 99 519 30 523 955 852
108 865 75 976 809 535 217 988 359 77
63 603 306 893 964 423 11 669 641 15
26 839 255 463 524 928 221 731 568 357
502 138 704 465 778 133 761 397 309 482
658 594 702 507 536 564 153 88 79 490
764 67 29 853 693 728 491 563 849 406
96 767 497 959 911 148 125 46 164 649
747 889 570 754 185 302 378 975 650 566
93 593 602 635 918 759 674 438 21 292
717 216 540 955 180 100 523 958 852 360
995 196 188 869 269 554 145 565 369 569
968 743 534 397 34 133 380 277 704 873
977 505 464 927 844 198 978 475 575 527
955 852 540 711 519 350 216 717 180 310
212 255 901 839 512 947 26 555 463 580
766 718 850 639 149 861 122 485 990 304
965 311 496 720 633 462 610 124 181 664
32 475 625 198 575 247 539 927 65 884
201 552 582 946 991 3 770 814 553 328
923 187 616 92 156 762 183 157 271 591
163 241 244 753 721 126 98 146 713 584
872 533 354 424 441 155 70 722 590 152
40 806 260 335 224 451 970 588 842 679
424 531 872 155 354 70 441 152 722 586
34 968 380 521 277 873 743 397 877 798
988 976 457 544 671 108 687 240 254 867
702 88 79 594 80 490 900 140 514 742
33 794 308 951 358 312 636 876 38 408
709 571 261 120 348 132 205 907 721 146
884 625 575 912 475 527 230 32 798 198
955 216 519 523 180 717 852 958 360 711
681 251 388 262 102 719 895 596 114 237
114 361 194 895 815 102 276 388 433 681
165 845 143 962 203 930 645 15 109 964
687 988 240 457 867 535 883 671 317 976
688 104 384 999 819 827 474 621 43 419
739 910 118 339 943 776 10 405 808 624
218 176 249 882 161 76 436 733 4 599
792 56 851 590 722 652 692 441 354 74
359 4 436 77 217 161 809 716 75 249
14 207 833 42 453 925 670 978 600 844
628 179 847 584 684 98 804 163 659 530
946 528 201 3 582 814 328 991 173 770
467 770 498 991 574 582 500 201 195 528
869 565 569 995 269 110 520 933 196 634
947 580 871 901 212 355 524 956 255 487
209 425 142 749 992 800 318 274 840 284
661 219 736 326 668 618 112 399 91 917
454 695 787 801 860 435 619 167 755 972
45 802 632 832 648 950 953 848 698 420
105 835 600 470 670 841 453 169 833 974
317 399 867 687 668 544 326 988 240 535
177 55 28 195 500 468 579 574 498 744
491 345 849 573 853 728 67 50 741 515
507 153 875 658 197 514 119 594 986 702
554 110 569 869 995 933 634 520 269 196
349 754 785 747 129 517 23 889 650 378
428 455 471 854 786 206 807 186 842 683
731 111 463 446 928 213 26 937 221 637
933 554 869 565 269 18 995 110 369 520
889 975 302 517 185 821 294 747 378 915
120 538 132 709 205 261 348 182 907 449
430 938 225 199 54 258 396 220 899 343
345 741 563 868 491 275 849 67 853 515
498 500 467 195 553 55 770 562 991 177
625 475 230 539 198 527 884 174 927 32
758 989 227 996 411 211 331 712 985 479
472 888 82 137 656 362 729 248 273 756
123 178 620 320 22 957 382 826 20 321
468 744 715 28 748 177 78 562 95 769
871 555 355 947 956 901 487 212 128 524
477 158 906 86 254 615 671 457 297 240
201 991 528 770 552 553 946 467 498 3
676 682 2 828 805 375 47 493 716 724
98 179 551 163 628 530 241 847 244 126
332 772 25 290 689 622 782 857 503 234
913 152 444 70 7 155 637 424 213 533
823 263 90 631 994 245 967 226 642 796
679 451 335 97 40 341 690 665 377 532
418 94 458 420 175 953 192 648 993 832
56 722 548 441 792 354 851 872 531 652
366 157 92 881 183 710 923 445 529 974
337 887 945 859 316 763 484 607 447 831
635 518 759 93 674 21 602 918 437 438
514 702 658 536 88 507 79 490 80 564
604 990 266 122 417 149 439 850 766 242
237 719 623 262 997 251 862 541 707 681
480 6 190 751 460 902 601 440 775 172
373 103 369 908 651 269 407 869 995 520
733 476 336 76 882 228 176 469 547 864
670 105 453 560 833 835 207 470 550 841
460 775 190 506 6 12 233 597 480 351
918 93 438 518 292 593 635 427 52 759
511 306 63 964 15 893 11 669 423 678
595 266 417 990 439 122 149 242 850 966
414 300 640 282 773 39 389 808 409 405
904 855 392 371 346 289 268 154 293 937
763 831 459 316 945 146 337 753 907 348
136 796 226 745 245 724 631 727 47 716
696 780 141 130 151 135 71 703 870 646
664 633 496 874 795 965 961 526 214 311
279 298 914 372 208 159 238 836 750 905
643 883 240 259 457 671 243 544 988 687
374 286 340 19 323 147 915 746 61 202
204 863 701 145 939 188 433 196 276 520
297 86 626 158 495 879 581 477 894 906
156 923 529 187 92 963 157 762 813 183
377 264 690 466 665 341 97 952 649 679
112 736 91 219 917 557 69 661 228 191
755 801 922 860 191 695 864 167 69 558
22 123 382 578 20 178 229 320 36 957
827 419 329 999 489 688 17 545 368 104
857 290 234 332 376 585 686 772 442 25
997 237 862 596 707 719 899 262 396 251
870 10 71 943 135 141 118 780 739 609
539 575 475 527 884 230 198 32 912 927
495 297 879 615 894 86 408 158 876 581
379 44 642 252 967 299 994 811 90 402
551 847 179 684 804 584 659 98 916 163
200 27 449 663 182 291 426 205 222 132
777 85 134 986 119 353 197 162 875 921
245 263 226 587 796 823 608 90 136 994
802 950 559 848 45 698 832 232 648 936
610 496 664 965 874 526 795 311 961 720
110 700 565 896 554 569 393 933 869 995
593 759 674 518 21 93 437 602 824 918
38 358 385 308 858 33 537 706 461 794
7 213 444 937 446 111 913 154 568 586
836 781 372 313 390 279 370 611 298 287
718 861 485 525 304 766 404 850 812 149
414 39 605 808 300 405 282 776 773 339
270 423 893 924 11 63 987 450 669 511
379 967 627 994 90 44 823 252 587 299
612 259 243 883 210 240 818 457 671 544
400 49 825 347 791 905 278 66 238 81
930 109 962 9 295 165 543 352 845 296
16 703 127 151 281 130 654 696 732 609
931 499 53 13 725 287 24 370 390 131
953 832 45 420 559 94 802 632 589 418
46 341 662 665 690 911 488 97 377 497
378 846 185 409 302 517 747 889 389 570
908 407 373 83 598 164 103 125 369 148
692 851 74 792 980 548 714 56 590 760
985 450 331 924 368 987 17 270 489 411
281 732 127 410 16 303 646 415 703 151
678 115 669 817 11 494 423 511 603 63
729 82 273 472 756 577 694 888 101 137
820 660 87 461 319 706 434 858 691 288
514 507 594 564 702 153 536 875 197 88
916 804 684 810 847 952 628 466 551 264
461 657 706 820 858 87 319 385 434 38
557 326 668 219 736 399 618 561 112 91
649 341 46 488 665 97 740 690 911 73
27 291 426 629 222 200 121 449 932 182
610 874 633 795 961 496 214 965 886 526
690 341 649 377 662 46 97 617 911 679
486 398 189 837 892 166 58 253 926 322
771 493 365 375 828 139 682 5 401 583
326 399 661 561 557 317 219 867 736 687
11 678 423 655 641 63 115 511 893 603
453 600 833 105 207 560 550 835 14 470
457 254 988 240 535 883 906 544 976 477
51 246 173 107 328 160 897 381 942 814
919 325 920 738 0 886 972 214 435 961
21 759 635 437 593 824 518 93 144 8
834 803 284 106 274 799 982 800 749 969
2 583 805 682 47 828 716 724 375 727
307 473 113 735 330 737 966 60 242 41
669 655 11 115 423 817 511 63 603 641
588 97 451 335 341 665 690 377 662 649
443 482 391 309 838 761 170 778 465 342
541 388 251 102 895 262 114 719 542 596
583 828 676 375 493 2 805 667 47 771
885 186 452 206 789 854 351 455 233 567
804 847 659 628 916 551 810 179 952 584
926 285 58 998 892 128 487 189 398 956
442 376 234 768 857 267 622 256 290 726
867 544 317 988 240 457 535 561 883 671
545 999 104 827 384 621 819 419 474 329
25 782 772 503 585 983 332 310 350 290
377 665 341 617 649 97 46 662 264 679
288 280 705 788 140 319 434 87 900 314
652 74 980 851 792 714 548 760 56 590
29 406 764 954 515 333 67 101 853 694
756 101 273 333 729 656 954 82 406 472
558 801 454 619 860 755 787 167 922 191
609 130 780 151 141 703 135 646 71 16
783 48 265 492 797 415 181 303 124 410
232 848 950 936 734 632 949 802 344 559
305 456 73 324 740 432 488 65 662 247
634 896 110 393 565 843 554 569 933 172
863 939 433 614 276 204 815 145 194 188
536 594 88 514 79 80 490 658 900 140
151 646 130 16 696 127 609 281 780 654
502 133 513 397 138 743 465 778 521 761
288 140 691 900 80 434 319 79 280 88
461 858 660 385 657 38 820 636 87 358
899 862 396 997 623 54 237 225 596 430
193 315 478 501 174 35 386 230 422 575
538 261 348 571 120 907 132 721 146 205
445 183 343 591 220 157 366 92 881 923
350 852 310 523 955 983 540 503 717 519
479 211 757 996 971 989 239 576 421 758
126 760 244 241 721 530 714 907 163 753
980 760 74 713 692 126 652 244 851 721
748 744 78 579 95 468 769 167 28 860
727 47 77 217 724 805 359 809 745 2
519 100 216 540 955 509 523 180 852 898
639 525 861 766 485 850 304 149 404 122
262 596 237 251 541 623 681 997 388 862
462 311 958 526 829 360 124 180 965 181
244 753 241 907 126 146 530 348 713 163
590 441 56 354 548 872 531 792 533 851
236 494 903 817 257 115 774 655 248 678
745 727 716 136 47 217 805 608 77 809
13 24 931 131 942 647 891 41 107 499
357 256 221 267 928 768 731 26 463 512
716 724 217 47 77 745 809 805 136 359
853 849 50 491 223 67 981 563 338 515
273 656 756 82 694 472 101 577 333 888
62 84 403 934 940 941 37 830 973 960
928 568 111 463 221 446 213 26 357 937
410 654 281 303 127 415 16 646 265 703
599 76 476 882 336 176 228 547 469 218
936 949 344 232 235 698 848 30 950 99
737 307 60 677 41 473 891 113 942 131
219 618 557 112 91 661 917 326 69 336
735 60 307 41 891 677 942 160 131 473
886 325 214 673 961 919 795 920 874 0
118 546 943 910 10 339 776 624 405 870
73 488 305 662 699 649 46 341 911 665
573 868 345 275 563 117 491 880 67 515
490 395 812 79 404 88 536 80 140 702
397 521 133 968 704 534 502 34 513 380
715 579 748 468 78 95 28 769 177 167
724 136 727 608 716 47 796 805 217 77
202 116 504 394 294 323 915 340 821 374
517 754 889 566 570 185 378 302 650 349
715 78 744 95 769 579 167 468 860 28
800 425 274 556 284 209 834 142 675 992
856 159 238 793 208 914 905 421 298 825
902 480 440 597 172 6 190 843 460 393
342 413 170 412 838 327 391 890 443 171
146 721 241 244 907 530 459 126 348 163
566 747 349 517 785 889 378 650 185 129
922 191 619 801 69 864 860 917 695 469
273 694 729 101 656 333 82 954 472 577
971 479 239 712 421 211 793 996 856 989
227 576 411 989 996 331 985 211 653 712
635 674 21 593 437 518 93 824 602 144
713 714 126 980 244 74 721 241 530 907
778 309 482 465 138 680 443 513 391 502
271 187 363 529 616 156 168 923 963 92
607 316 831 945 459 337 146 592 753 348
515 29 693 67 406 853 954 728 563 491
18 973 37 933 940 569 403 565 554 110
850 525 149 718 122 639 990 861 595 485
959 516 148 96 125 497 164 911 83 46
267 442 256 686 726 376 357 234 221 857
167 95 860 78 748 619 801 695 715 922
991 553 467 582 498 201 574 528 500 552
365 667 493 139 375 5 828 401 784 682
25 585 332 689 782 290 503 622 983 857
282 389 300 409 605 846 414 640 650 39
257 248 903 362 137 236 888 723 577 494
506 601 12 460 233 190 351 6 789 597
405 339 808 910 39 546 640 739 414 605
630 986 85 119 134 197 875 353 153 162
761 465 309 138 482 513 680 502 443 704
1 784 381 401 897 5 160 107 246 139
141 609 135 696 71 130 870 151 624 703
313 638 390 836 370 372 287 279 53 611
503 689 983 25 310 772 350 585 332 711
697 265 48 415 492 303 797 181 410 124
401 779 5 1 139 381 897 365 771 160
349 129 566 23 754 72 747 59 517 935
471 807 428 842 567 970 224 455 260 854
454 435 558 972 695 0 801 920 860 167
280 314 429 691 822 288 448 705 250 820
452 351 885 233 683 12 186 506 206 775
866 215 932 61 121 147 222 19 426 286
905 825 66 208 238 400 914 81 159 644
851 548 56 652 590 692 722 74 441 980
421 856 750 239 159 971 238 757 914 208
951 537 312 33 876 308 358 408 894 636
874 961 214 664 886 610 738 633 325 496
226 608 245 136 631 745 263 724 727 587
492 181 48 124 829 697 360 783 720 462
877 912 884 873 539 277 625 380 230 575
982 106 803 969 675 43 834 474 284 819
749 274 425 284 834 556 675 209 142 803
695 619 755 860 558 922 191 167 454 69
559 632 45 950 832 848 648 698 953 232
106 675 799 834 982 284 969 274 43 800
659 684 916 847 810 628 952 551 179 466
2 47 676 716 727 583 724 77 745 217
532 260 40 224 970 335 842 451 807 588
842 786 970 471 224 428 260 567 806 455
39 405 640 776 414 339 605 910 300 282
217 75 77 865 359 727 716 549 724 510
952 916 659 466 804 264 684 847 617 377
402 299 250 252 448 44 822 627 429 379
395 404 304 742 485 861 490 639 79 718
963 301 57 156 948 616 283 187 762 529
3 328 946 173 51 552 672 528 201 246
276 194 361 433 542 939 701 114 863 895
909 981 338 223 383 64 50 334 849 321
494 115 723 655 236 678 903 669 11 257
210 944 243 278 259 347 643 49 612 644
384 474 43 104 545 969 688 982 999 799
657 87 319 660 434 461 706 900 288 705
294 915 975 504 323 570 302 202 889 340
429 448 314 250 402 788 811 280 299 691
90 587 994 263 967 631 642 245 379 226
144 437 8 21 674 929 759 150 635 293
400 905 791 238 644 208 159 66 914 49
957 321 320 383 178 909 816 578 921 334
621 999 419 688 329 545 489 104 17 384
375 682 493 583 667 676 771 2 365 805
124 360 181 958 180 462 797 720 216 492
941 960 934 31 62 52 730 427 84 403
459 607 763 146 316 753 945 907 721 348
45 648 559 953 802 420 632 94 950 848
207 453 670 550 600 14 105 42 560 925
284 675 274 803 106 800 799 749 982 425
560 470 105 841 600 169 670 974 453 833
638 372 781 279 313 611 390 298 914 370
166 486 253 666 322 398 447 189 484 892
391 170 443 342 680 752 482 413 309 412
512 255 524 26 212 463 901 221 928 357
36 318 229 992 20 142 209 382 556 22
470 169 974 835 560 881 105 366 600 591
807 970 224 786 471 260 428 806 567 532
393 172 896 440 700 902 634 751 110 480
464 978 977 925 522 42 505 14 550 927
143 543 203 165 15 962 964 930 306 645
409 650 389 378 773 185 282 747 300 302
684 628 804 551 659 179 916 584 810 98
698 950 232 632 936 802 734 559 949 45
50 728 491 853 223 981 563 67 338 816
149 766 122 525 990 718 595 639 604 861
792 652 548 692 56 74 590 980 722 714
523 711 955 350 540 310 519 717 216 983
728 67 849 50 491 223 563 515 981 338
455 206 567 186 683 428 885 471 786 452
371 606 904 289 392 154 346 937 268 444
750 793 159 421 238 239 208 914 298 905
622 234 376 290 686 332 442 585 772 768
706 385 461 38 660 636 657 358 820 308
484 887 447 592 322 337 253 945 166 316
167 619 801 769 695 755 922 95 558 864
485 639 304 718 404 525 812 395 766 850
707 997 899 623 396 237 596 54 719 225
701 614 939 204 433 145 276 188 815 196
922 469 191 755 228 69 619 917 860 91
75 510 809 108 217 976 77 359 549 727
932 790 121 215 222 61 426 147 291 19
687 317 561 544 988 399 240 535 457 883
741 275 117 573 880 345 481 563 984 491
554 995 269 569 565 520 369 933 196 110
71 624 135 10 141 943 780 609 118 696
580 355 956 555 947 487 128 901 998 212
531 354 533 441 424 722 155 590 70 56
277 877 380 798 34 912 534 968 884 539
795 664 961 610 214 633 886 496 738 965
153 197 119 564 986 507 777 658 630 514
312 408 951 894 794 879 537 495 33 626
798 873 912 277 884 380 539 34 625 230
356 431 89 367 483 984 481 364 387 880
495 894 626 408 297 876 615 312 951 86
117 481 984 275 367 868 356 741 878 573
366 974 591 169 157 710 183 92 445 841
176 76 547 733 218 599 476 249 336 161
240 612 457 671 544 643 988 687 254 535
539 912 625 798 575 230 475 877 527 174
683 452 186 789 351 206 854 233 12 455
738 214 961 325 795 673 874 919 664 920
592 859 337 484 945 447 316 322 763 253
137 577 362 472 248 82 774 656 257 729
570 517 302 975 747 185 378 821 294 650
171 327 416 412 184 413 231 752 68 342
41 160 942 107 897 60 131 246 381 24
58 189 926 398 685 666 486 285 998 837
641 270 63 423 511 924 11 987 603 669
408 879 495 876 626 312 297 951 615 794
102 114 388 542 681 361 541 194 251 815
393 700 843 634 172 110 440 565 902 554
381 160 107 891 1 246 41 942 779 60
509 508 99 100 30 717 235 519 344 523
707 396 862 54 997 225 623 430 237 596
80 140 434 88 319 705 79 536 87 288
212 947 524 555 255 839 580 512 871 26
751 440 480 172 597 843 6 393 190 896
236 257 723 774 494 248 817 362 137 115
392 606 855 346 371 268 293 289 150 154
791 238 208 825 159 914 400 66 750 298
477 254 581 671 457 158 240 988 883 535
348 721 753 261 244 146 241 126 709 459
651 373 407 598 83 103 369 164 125 269
816 383 981 321 338 64 223 334 50 921
339 546 776 739 405 118 808 943 39 10
497 46 96 649 662 516 665 341 488 690
884 798 877 539 625 575 230 873 174 475
586 444 7 152 637 70 213 155 154 289
208 298 238 611 905 159 791 750 279 825
323 821 294 504 975 202 340 746 570 374
659 810 804 952 684 847 466 264 628 617
69 91 191 112 864 755 922 618 469 228
602 438 292 93 518 427 52 593 31 635
673 920 0 325 972 738 435 886 214 787
0 919 673 972 435 325 787 738 454 886
162 334 64 353 338 134 909 816 223 981
755 864 619 191 69 469 801 860 917 228
529 92 616 157 187 183 156 591 762 366
450 987 270 653 368 641 893 985 17 423
978 42 844 14 550 464 977 207 833 522
58 685 285 892 998 189 128 398 487 666
198 505 475 522 527 575 32 625 230 977
731 221 568 463 357 111 26 726 213 446
150 8 293 268 144 346 824 392 437 904
962 645 109 165 9 543 295 845 143 352
647 13 725 499 24 53 131 287 942 370
866 121 222 790 426 215 291 61 663 147
569 18 554 565 765 869 110 269 995 634
941 62 730 830 84 960 403 940 31 37
59 979 72 81 23 66 129 791 825 400
734 232 949 698 344 848 235 950 30 632
446 154 213 111 637 568 289 7 731 463
199 572 258 430 225 220 54 343 445 396
433 701 863 276 815 614 194 204 361 145
403 37 973 84 730 765 62 18 934 933
934 830 62 960 730 84 31 403 52 940
131 891 160 107 41 24 246 897 60 725
10 118 739 624 870 546 71 910 135 339
278 818 347 210 49 243 644 259 400 643
316 337 763 592 607 831 887 459 859 146
3 552 814 528 328 201 173 582 51 991
555 901 212 580 524 871 255 355 839 956
57 283 301 387 813 364 963 483 156 89
344 734 936 235 232 30 698 99 848 508
848 632 698 802 232 559 936 45 734 832
312 794 876 537 408 33 894 308 358 879
810 466 916 264 659 804 617 684 377 847
648 420 832 94 45 559 589 802 418 632
406 333 693 101 29 694 764 756 515 273
540 523 852 519 216 180 717 711 958 360
355 487 128 871 580 998 285 555 685 947
320 826 178 321 383 578 123 909 816 620
180 360 216 462 829 720 540 519 124 955
767 148 125 516 164 96 497 83 911 407
830 31 941 52 934 427 62 292 730 84
795 214 874 886 738 664 610 325 633 673
930 165 645 543 109 845 9 143 295 203
813 156 301 616 57 187 529 762 923 948
15 306 603 203 511 143 63 845 543 669
526 496 311 633 610 720 664 462 874 181
242 330 113 439 473 417 677 266 307 604
994 642 90 379 823 627 587 44 252 263
534 521 34 380 743 277 397 873 133 877
982 43 799 474 106 819 803 384 675 104
224 842 807 260 786 806 471 532 428 40
239 757 479 421 712 793 211 856 750 996
435 0 920 787 919 454 673 558 695 325
37 765 940 18 403 84 933 730 569 62
169 881 841 366 470 591 157 710 445 835
570 821 302 294 889 915 504 185 517 323
535 108 988 510 457 544 671 687 865 240
464 522 844 505 978 927 925 198 42 475
925 844 42 464 14 977 550 522 207 505
81 935 66 59 72 791 23 825 905 400
74 714 692 760 652 713 851 126 792 244
223 816 50 338 849 909 64 728 491 334
799 969 106 43 803 474 675 819 834 384
503 310 782 350 689 711 25 852 772 523
481 367 880 356 117 878 275 431 868 89
331 653 450 411 368 17 924 987 489 227
119 777 197 630 875 85 153 134 564 353
924 368 450 270 653 17 641 985 893 489
457 535 544 671 240 976 687 883 254 867
996 576 758 211 227 712 411 479 757 331
122 595 149 604 850 266 766 417 439 525
770 582 553 201 467 528 498 574 552 500
142 318 209 840 556 36 425 229 20 749
192 394 175 116 458 746 418 202 589 374
90 967 823 642 587 379 627 263 44 631
520 869 554 269 196 565 569 188 369 110
989 211 576 712 758 479 227 757 411 971
623 862 707 237 899 596 396 719 54 262
285 128 487 685 926 956 58 355 892 871
827 688 621 545 419 104 329 384 489 819
