437 520 513 216 751 744 723 977 222 482
469 747 113 291 299 173 766 821 242 625
651 122 983 619 841 931 31 23 631 919
624 883 638 54 239 586 736 425 165 381
14 599 284 788 792 850 11 441 957 700
332 777 164 408 309 234 358 154 718 389
462 813 396 214 162 8 93 322 902 463
482 302 977 129 744 505 216 279 520 963
214 93 462 902 6 868 813 905 396 635
12 937 249 465 529 115 238 69 539 587
311 245 681 190 428 688 144 204 132 451
284 200 599 773 4 14 355 788 542 850
465 9 529 937 249 238 539 115 583 69
698 969 661 615 45 573 456 82 406 185
4 792 788 850 441 599 700 957 284 172
932 570 988 40 704 406 526 456 45 352
566 366 686 263 140 976 480 475 845 310
628 802 646 617 288 26 211 385 903 44
915 458 470 710 816 978 436 52 715 280
591 965 530 598 255 310 404 475 221 976
468 757 484 936 24 911 685 89 861 325
525 726 534 391 320 852 750 822 545 798
439 632 659 46 184 825 485 712 733 398
931 715 52 983 651 619 357 2 816 122
685 484 861 757 159 20 662 468 855 936
278 297 219 612 321 533 645 860 49 755
211 617 903 802 116 17 166 628 147 646
285 560 745 199 776 225 327 457 848 700
801 72 836 59 800 277 778 522 739 795
568 944 168 512 479 845 755 480 860 140
397 980 889 817 250 410 139 562 34 434
631 619 679 651 983 357 2 895 931 122
447 721 118 417 506 749 137 189 706 752
365 869 737 975 687 689 419 281 655 119
650 139 410 336 817 386 980 854 674 30
101 413 639 649 70 621 717 697 491 104
313 359 384 99 376 664 64 286 886 459
789 415 846 604 838 719 356 951 656 88
810 967 185 495 629 82 100 573 501 661
431 644 149 523 518 91 267 511 691 333
406 932 456 15 45 615 570 988 969 704
153 855 906 662 616 159 826 861 685 98
680 783 426 815 509 486 636 266 626 724
805 364 217 627 732 373 306 501 196 156
385 558 772 288 830 646 507 628 699 17
456 615 406 969 40 13 698 932 661 15
712 632 485 659 22 334 448 825 53 544
151 820 741 611 467 984 794 708 319 781
909 891 276 762 207 105 231 163 307 594
555 645 321 226 219 596 278 156 25 373
714 371 920 676 787 701 383 872 316 768
912 709 160 580 779 71 282 378 293 196
715 816 23 470 931 915 983 651 357 18
947 334 712 837 716 46 985 632 485 22
883 586 736 3 165 624 694 638 239 352
223 92 609 331 236 552 407 671 499 171
960 990 481 684 614 58 148 900 892 346
528 828 403 647 958 907 941 940 758 546
684 900 990 346 56 85 960 443 481 583
800 72 28 778 801 739 836 910 922 277
519 232 725 474 145 835 921 402 248 83
833 692 493 724 508 266 564 486 411 95
280 180 436 305 978 923 710 110 458 442
438 695 623 972 264 65 877 648 894 260
376 886 99 916 359 81 36 152 313 333
648 972 260 438 543 63 589 695 623 342
155 556 347 237 857 553 896 182 328 735
362 379 128 658 637 161 885 961 982 289
767 418 274 503 212 973 742 625 111 821
587 115 133 249 786 937 675 9 135 12
717 639 101 104 35 590 413 571 784 649
378 160 293 912 840 51 325 709 89 911
28 59 801 800 836 778 739 277 910 522
516 746 818 657 908 422 532 775 430 210
510 643 655 538 419 338 687 275 821 242
500 227 754 904 228 253 866 720 823 929
569 943 642 183 208 375 831 261 367 782
603 454 918 585 136 423 922 491 910 697
823 914 253 927 904 453 412 227 633 75
80 499 134 407 94 236 363 609 843 223
79 134 94 499 407 363 843 236 765 609
916 152 886 333 64 511 376 91 99 523
185 573 810 661 38 698 967 13 495 629
402 962 157 145 392 725 986 519 60 584
913 388 187 186 863 473 452 696 450 673
346 443 900 583 58 539 684 238 990 529
565 933 323 515 251 177 673 878 473 440
966 734 605 390 229 119 464 281 689 959
557 951 719 207 105 163 604 762 307 594
911 325 936 840 293 468 20 378 71 757
377 979 348 663 797 504 150 814 890 706
511 523 333 644 152 39 81 431 916 149
331 55 552 671 223 609 171 236 547 847
8 902 214 868 462 905 6 635 813 396
363 134 843 80 765 79 542 499 355 407
411 434 564 562 508 250 493 889 833 397
135 656 356 675 838 786 846 133 415 587
265 205 938 774 262 780 440 551 878 702
653 582 826 616 793 906 577 153 121 41
376 359 64 36 313 886 384 916 81 664
629 501 495 364 967 43 38 805 217 627
35 639 413 70 717 649 621 104 697 590
502 106 112 220 360 269 974 181 283 640
194 856 893 608 563 357 809 983 619 931
590 717 571 70 784 639 372 101 945 35
307 207 762 557 891 461 88 163 48 527
112 102 502 360 974 220 283 269 420 181
952 873 545 175 750 108 641 391 781 726
175 641 781 952 708 107 794 873 467 545
318 859 300 222 723 330 751 667 513 367
923 442 305 369 180 298 62 690 280 730
492 742 130 212 274 853 767 579 68 488
360 106 974 102 283 502 420 220 561 269
299 469 766 1 821 242 625 882 275 973
308 353 256 374 233 634 354 446 123 455
249 69 937 587 133 9 12 786 675 465
903 166 147 211 26 202 660 617 581 802
326 955 939 824 433 294 394 400 230 876
447 506 32 137 721 752 417 340 749 209
281 390 689 605 975 966 87 737 365 734
989 478 248 361 921 476 835 306 474 627
577 578 401 793 235 582 414 653 875 98
2 841 651 919 983 619 931 31 23 541
427 354 887 233 862 256 899 308 170 114
210 487 981 775 532 498 908 350 818 607
201 370 858 460 703 917 472 444 290 677
576 771 971 268 987 295 575 531 272 490
956 785 172 572 441 808 788 241 792 14
637 362 885 67 379 982 658 795 161 522
505 302 279 7 963 482 142 977 670 744
492 853 111 579 742 488 212 421 274 711
143 790 811 489 559 953 195 270 926 247
718 688 358 309 190 245 164 332 10 5
587 786 675 69 135 115 96 249 656 937
94 80 79 363 843 499 765 407 542 236
96 675 656 786 356 133 838 587 846 415
918 922 910 603 77 739 778 454 800 585
506 752 118 340 447 209 32 870 721 537
668 241 188 808 839 572 669 785 768 127
410 34 817 650 980 336 30 386 397 854
686 480 566 845 16 512 366 568 263 29
257 349 527 381 461 425 307 105 239 207
670 963 849 279 405 505 544 129 448 302
489 131 953 790 195 811 926 559 341 270
204 428 451 681 540 311 606 10 929 245
402 725 83 519 962 60 232 157 474 392
213 672 271 554 524 550 769 945 191 372
166 202 116 660 903 581 211 178 26 832
614 892 481 494 960 158 56 273 990 895
518 431 39 267 644 691 523 382 193 91
797 706 348 189 377 749 90 417 721 979
47 611 820 984 741 467 319 794 696 708
333 81 511 916 91 886 523 64 376 644
41 906 616 855 662 826 159 98 861 653
389 234 610 408 777 517 707 5 290 332
66 347 857 556 896 237 328 553 337 182
373 596 226 217 555 805 43 732 364 196
962 392 83 986 402 584 145 633 725 412
494 273 892 895 679 148 631 614 31 481
861 662 855 685 24 41 484 153 757 906
71 912 378 51 293 709 840 580 325 779
961 658 379 289 67 246 362 705 128 483
322 396 813 463 6 874 462 339 214 445
594 207 762 557 891 799 88 105 48 951
332 309 5 358 718 777 132 408 234 688
736 694 586 352 54 883 526 3 704 624
147 116 903 202 211 660 26 581 617 178
942 678 197 711 600 421 864 488 683 579
479 944 755 29 568 860 533 512 612 845
466 882 242 595 766 275 299 252 338 113
296 899 272 862 887 575 427 295 123 268
547 671 847 552 806 331 735 92 182 553
956 441 127 788 785 792 14 700 4 327
291 301 747 432 935 1 469 829 113 314
865 796 968 954 368 471 722 959 760 464
108 952 641 107 781 873 708 545 794 750
652 380 733 459 825 286 659 632 485 22
878 440 515 565 262 86 938 933 265 323
832 581 660 351 844 202 964 147 166 812
537 620 224 870 729 209 317 340 592 752
305 62 923 280 110 436 978 442 710 369
640 269 430 220 422 502 657 102 746 106
735 553 806 237 847 556 547 66 171 155
208 943 831 76 367 569 667 330 642 300
439 398 803 22 490 632 659 46 531 825
810 82 38 573 967 661 495 698 629 100
913 450 84 324 497 388 187 863 473 928
388 473 452 84 673 863 251 913 807 696
668 839 138 669 241 768 808 872 572 701
749 706 417 150 721 797 32 348 447 377
245 688 10 132 311 718 681 358 428 309
769 881 550 593 554 728 607 243 672 350
546 597 748 940 907 957 647 850 828 792
382 699 691 507 267 830 772 518 558 149
103 893 856 563 608 809 357 727 259 983
953 926 489 341 143 740 409 131 924 790
732 282 779 805 217 627 373 306 43 580
600 678 167 864 942 683 711 343 421 677
314 827 819 829 880 935 851 432 496 301
560 776 27 327 285 700 745 792 788 225
773 11 284 599 355 4 542 765 14 843
858 125 370 703 460 472 290 917 707 444
147 660 166 581 116 178 903 832 211 26
985 449 890 716 814 837 504 947 53 663
144 451 540 428 606 681 929 311 720 10
97 774 265 780 938 551 262 702 440 834
798 682 822 395 852 254 320 753 534 525
762 105 557 163 891 88 307 594 48 461
183 831 943 367 667 76 330 569 300 642
870 340 537 752 179 137 620 506 224 118
124 775 532 487 908 981 818 498 516 350
26 903 116 617 166 802 147 17 202 628
274 742 767 111 68 492 418 130 503 853
146 271 524 672 554 945 550 372 769 784
8 462 93 6 813 902 396 868 162 905
770 287 435 548 303 304 665 535 759 393
744 520 977 0 482 437 7 513 751 302
805 373 43 732 627 364 196 156 306 282
496 876 851 400 880 294 819 824 827 955
278 321 25 645 49 297 555 612 533 226
269 502 181 102 640 106 430 112 422 360
549 404 483 598 705 591 246 19 289 965
723 318 109 751 513 859 437 300 0 330
609 55 236 92 407 499 331 552 79 671
729 620 179 317 537 592 870 312 209 329
457 745 848 285 884 27 560 753 199 254
596 555 49 156 645 373 321 217 219 805
904 75 253 500 823 754 78 228 866 914
866 754 720 500 929 75 606 227 540 904
464 734 959 87 966 471 605 968 390 796
946 394 258 433 764 939 240 326 743 117
429 276 731 909 337 48 328 891 896 762
60 474 519 835 725 921 145 248 478 402
256 354 123 308 427 114 887 353 862 899
408 154 777 389 610 5 517 332 707 164
414 401 875 578 121 799 577 594 793 163
609 407 223 499 55 79 80 92 134 331
556 553 182 66 735 155 806 347 847 857
539 529 583 465 443 12 85 9 346 900
638 425 624 381 3 349 883 141 54 257
743 764 258 738 946 588 230 791 394 713
138 808 668 572 188 785 839 127 669 956
882 766 275 299 821 169 338 113 625 466
728 247 593 315 607 881 270 521 191 350
342 345 613 589 521 543 315 260 648 243
190 10 688 311 681 132 428 718 358 144
705 289 483 961 549 161 221 658 379 404
728 607 270 243 593 350 559 881 315 811
478 921 835 120 474 989 232 60 361 519
937 115 9 69 12 587 465 133 529 786
889 562 397 434 30 95 411 980 564 817
673 323 473 933 187 86 388 452 84 565
595 842 466 950 335 169 393 882 535 242
904 823 227 78 75 914 500 927 754 453
753 395 682 884 206 848 798 457 225 822
310 530 965 475 19 976 591 263 598 366
233 308 354 114 123 353 427 887 374 862
141 527 461 349 307 381 105 425 207 762
946 764 240 230 743 394 738 433 939 588
727 567 809 760 722 563 368 893 954 194
543 648 589 65 342 972 244 438 63 345
375 782 928 642 497 569 324 450 76 186
938 440 265 878 97 177 205 515 774 780
366 976 16 475 566 310 686 255 140 530
877 623 695 894 63 477 438 867 972 602
97 938 262 205 774 440 780 878 177 551
724 486 692 426 783 61 42 833 680 493
691 518 382 149 193 431 39 699 644 507
295 576 575 126 272 296 771 170 971 987
220 181 640 502 430 102 106 422 112 657
559 247 811 728 607 243 790 593 350 315
213 524 146 945 672 372 554 784 550 571
296 575 170 295 268 899 862 576 887 427
895 158 494 679 892 631 31 148 619 614
212 767 68 742 418 111 492 503 130 973
338 821 766 242 625 882 299 538 973 113
909 231 48 429 891 731 762 337 207 105
522 836 795 801 982 28 72 885 59 637
219 25 321 297 645 612 49 533 555 860
963 505 129 142 670 302 849 405 7 482
62 436 978 180 710 305 458 923 110 18
689 119 975 390 737 605 365 966 33 87
779 196 580 732 805 709 217 627 306 373
974 420 360 561 112 898 106 758 941 102
599 11 4 200 14 773 788 792 850 441
27 745 560 225 199 457 776 848 327 884
459 664 380 384 176 313 652 36 733 359
548 215 770 304 535 435 303 393 665 335
646 385 628 44 17 558 802 772 617 830
246 961 705 161 483 658 549 379 221 67
707 472 517 703 610 858 389 201 154 125
747 173 301 1 432 469 113 935 299 829
455 888 446 693 634 514 374 934 601 353
840 378 325 71 160 89 911 912 936 51
824 400 955 876 117 218 326 496 851 939
575 268 272 576 296 126 170 771 899 971
272 170 575 899 295 862 887 268 427 576
612 25 533 278 860 219 321 755 645 479
690 369 730 442 618 110 925 923 756 305
113 766 821 242 469 625 275 882 973 1
859 330 109 667 318 367 222 831 723 208
432 173 935 291 829 747 314 1 198 469
129 7 505 482 279 977 963 744 142 216
665 435 759 770 445 215 339 287 874 548
535 548 393 287 335 215 950 770 842 435
180 923 110 62 280 442 436 369 978 710
627 476 361 805 43 732 364 196 217 989
105 461 527 207 762 557 257 891 88 48
114 256 353 233 354 374 123 634 427 446
358 164 332 718 5 132 777 688 408 190
255 475 530 976 965 263 19 366 591 16
10 681 428 245 190 144 204 688 451 132
592 329 317 970 729 630 224 879 620 666
384 36 359 664 99 286 376 459 64 380
198 829 827 935 819 432 880 301 851 496
521 243 613 345 728 247 593 881 270 607
383 602 787 867 920 477 714 894 50 877
592 729 224 312 620 329 179 970 537 630
109 222 723 859 300 751 513 330 437 667
696 984 863 611 388 452 84 913 807 187
852 534 822 525 798 21 206 726 682 395
219 645 278 49 25 555 226 297 596 612
162 463 396 874 813 339 6 445 462 759
933 251 86 673 565 473 187 515 388 452
450 497 186 928 913 782 84 261 388 187
840 89 293 911 378 936 71 468 160 20
117 939 433 955 394 824 294 230 946 400
700 776 199 792 788 850 560 441 14 957
896 337 731 857 429 347 231 155 66 276
312 970 592 630 879 317 666 729 871 224
667 300 367 859 831 109 318 208 183 222
552 92 671 55 171 547 223 847 609 806
164 5 309 777 358 408 718 234 132 154
152 511 91 81 916 523 886 644 64 39
712 53 947 46 837 632 485 716 22 448
950 393 842 535 304 252 595 548 287 466
386 650 854 34 674 139 536 410 924 817
731 328 896 429 231 857 276 347 909 155
275 538 821 242 766 643 625 882 973 299
874 445 463 759 322 665 162 303 396 435
752 209 870 137 506 537 118 179 447 620
740 926 409 195 924 953 536 489 674 143
244 589 345 543 613 260 521 648 315 65
677 683 444 864 917 600 460 197 370 678
601 763 934 387 514 416 693 807 888 452
613 244 342 521 315 589 543 243 260 728
85 900 58 443 684 583 539 990 238 56
155 857 66 896 328 556 337 237 731 553
797 377 150 90 706 979 189 663 749 504
381 141 425 257 239 527 461 638 307 624
498 607 981 728 247 593 487 881 270 243
844 832 964 178 812 581 654 660 897 202
694 526 165 704 736 988 586 570 54 883
114 374 308 634 256 446 233 455 354 292
123 233 427 256 887 308 862 114 899 353
542 765 773 843 200 363 11 94 284 134
656 838 846 96 415 135 675 37 786 789
608 983 619 931 31 856 651 23 631 103
309 718 132 164 332 688 5 190 777 245
36 99 313 376 384 64 664 886 916 286
974 112 283 106 420 102 561 502 898 220
476 989 306 120 627 478 805 43 732 364
128 67 637 379 885 658 161 982 961 795
843 94 765 134 542 80 355 79 773 499
43 501 805 217 627 100 306 373 732 629
737 33 975 869 689 687 281 119 419 390
263 16 566 976 686 475 140 310 255 480
667 831 330 208 183 300 943 859 109 76
954 722 760 865 174 567 796 259 968 727
442 298 690 110 730 923 618 305 180 925
460 125 201 917 858 444 677 703 343 472
50 676 714 701 920 872 787 768 383 669
945 784 571 524 590 271 104 213 146 717
156 217 805 43 732 596 364 196 627 226
634 353 446 114 308 455 292 256 888 233
261 642 782 569 928 76 497 324 943 450
99 64 359 886 36 916 313 81 384 152
90 348 979 797 663 150 504 706 814 189
71 293 840 160 325 912 89 51 911 709
658 67 362 161 128 961 637 289 885 246
176 459 652 286 733 664 825 659 384 632
349 425 239 141 638 257 527 624 461 3
193 691 699 267 507 518 830 149 772 431
787 316 920 602 714 867 50 477 371 894
313 664 36 359 286 459 99 380 376 64
44 288 558 646 772 628 830 17 507 802
336 854 674 650 536 34 924 139 409 410
416 763 344 807 601 452 934 388 187 863
187 452 863 84 473 696 913 807 673 186
610 154 234 517 408 707 777 290 472 5
605 119 966 281 87 689 975 734 737 229
726 750 21 545 873 525 534 107 320 952
986 157 584 962 633 83 402 412 453 145
335 535 950 304 842 548 252 287 595 215
433 230 939 946 326 258 117 764 955 240
682 254 206 753 798 884 822 848 852 457
813 162 6 322 462 463 214 874 8 339
30 889 250 980 817 562 410 434 139 95
803 184 490 439 22 531 987 632 659 46
574 424 948 635 897 905 654 868 812 902
876 294 824 218 955 496 851 117 880 326
235 578 414 121 875 577 799 793 582 594
83 145 962 725 157 519 392 60 986 232
528 958 57 941 828 758 647 898 907 561
221 598 549 591 483 19 705 965 246 530
849 544 670 448 142 485 963 632 659 46
40 456 45 932 615 15 969 570 13 988
499 236 609 79 223 80 134 55 94 92
777 234 154 5 389 332 610 164 517 309
740 924 341 536 674 926 854 195 386 953
817 139 980 34 650 30 397 336 386 889
95 564 508 434 493 562 833 250 61 889
453 633 927 584 914 986 392 78 823 157
35 649 101 621 639 697 70 491 717 423
235 875 401 799 578 594 121 577 163 793
846 37 838 789 356 604 656 719 96 135
807 387 452 763 388 187 344 863 473 696
721 749 32 189 447 706 118 150 506 797
68 503 767 973 274 625 212 821 742 766
655 687 510 74 869 643 33 538 365 338
561 283 898 974 360 758 112 941 958 106
711 488 579 942 853 167 130 678 492 197
430 657 640 746 181 73 269 516 220 818
491 585 697 454 621 77 649 603 413 918
948 399 574 897 654 635 812 905 868 964
381 239 349 638 624 141 3 257 527 883
486 783 42 266 680 724 815 692 509 61
123 887 862 354 899 233 170 256 296 308
681 144 311 204 10 451 245 540 190 606
231 731 337 276 328 909 896 48 891 857
422 640 181 657 746 269 220 73 516 502
39 149 518 644 267 523 691 91 382 511
301 935 173 829 291 314 198 747 827 1
939 394 326 230 117 946 955 258 824 764
95 562 411 250 564 889 508 397 493 30
303 770 665 215 759 287 445 548 339 304
978 280 710 62 458 180 18 305 915 923
0 513 751 520 723 216 222 744 318 977
63 972 695 65 623 648 264 260 877 543
184 22 398 803 632 659 46 825 490 712
878 262 177 938 265 515 97 565 205 86
788 172 792 14 956 700 4 327 127 850
369 110 923 298 690 305 730 180 62 618
583 85 539 346 238 900 529 58 465 684
917 677 343 460 370 683 864 125 201 600
759 339 665 874 303 463 435 322 770 162
634 455 292 374 888 353 693 114 514 308
118 32 506 721 137 417 749 752 189 340
485 544 632 659 405 46 825 712 849 733
890 203 814 985 504 716 663 837 979 947
324 186 913 497 84 928 782 388 187 863
204 540 144 606 929 428 720 681 866 311
388 187 807 863 473 84 696 416 673 913
412 927 914 633 584 78 986 823 392 253
585 77 603 423 491 918 697 136 621 922
292 446 888 634 693 374 514 353 934 114
45 406 615 40 969 932 13 15 698 661
225 848 884 745 285 753 27 254 560 395
710 18 978 915 436 470 280 62 816 180
286 380 176 664 652 384 733 313 825 36
370 917 125 444 201 677 858 343 703 683
527 307 257 105 141 207 762 557 891 88
6 214 813 8 93 396 162 902 322 868
874 322 339 162 445 396 759 813 6 665
229 959 734 471 968 87 966 796 605 174
12 529 9 238 539 937 583 249 443 115
169 595 252 882 242 842 766 275 299 950
794 741 708 820 781 47 151 641 108 611
20 936 757 911 484 89 24 325 685 840
1 113 299 747 766 291 821 242 625 882
816 915 18 52 715 458 23 710 931 978
968 959 796 464 174 865 229 954 734 368
290 703 707 858 517 201 610 125 389 370
673 187 251 388 452 84 323 913 807 863
835 232 921 60 248 519 478 725 145 120
310 976 255 263 530 366 965 19 16 591
361 306 627 989 120 805 43 732 364 196
894 867 602 877 264 316 623 383 695 787
248 120 921 989 835 474 361 476 232 60
168 755 944 860 29 533 568 612 297 512
845 140 686 512 566 568 16 29 366 944
614 960 148 56 990 892 684 494 58 158
7 977 744 302 216 129 520 505 0 279
705 549 246 221 289 404 961 161 598 658
24 757 685 20 861 468 159 936 662 911
448 632 659 46 544 825 712 22 733 405
426 266 783 724 42 692 680 61 815 833
981 124 210 498 775 350 532 607 908 818
579 421 853 711 130 942 492 167 111 678
953 143 195 131 926 790 341 811 740 559
803 531 398 184 987 439 971 771 22 632
423 697 621 585 649 454 77 413 603 35
111 130 742 853 212 579 274 488 767 421
833 508 564 61 411 692 95 724 434 266
892 158 273 148 895 614 481 679 631 960
629 967 100 38 810 501 185 364 82 43
851 218 876 880 819 400 827 294 198 824
324 928 450 782 186 261 913 375 84 642
981 350 487 607 124 728 247 593 210 881
407 79 236 80 609 134 223 94 55 363
75 754 228 227 866 904 720 253 929 823
100 364 629 43 495 805 217 627 306 373
102 220 106 269 112 181 360 640 974 430
973 418 625 68 821 767 766 275 299 338
814 663 890 979 449 90 203 377 985 348
129 279 302 963 142 7 670 482 849 977
137 118 447 752 32 340 721 209 417 870
830 699 772 193 558 382 44 691 385 267
564 493 411 833 95 61 434 692 562 724
815 636 680 626 42 949 783 930 761 426
74 655 419 643 538 687 338 869 275 33
91 333 523 152 644 81 916 39 886 431
845 568 29 480 944 140 686 168 479 566
751 437 0 723 222 520 318 216 109 744
693 934 888 601 344 292 763 455 446 387
565 177 86 878 933 440 323 262 251 938
818 73 908 746 532 775 657 210 422 124
707 610 290 389 472 154 703 234 408 858
149 267 431 691 39 382 644 193 523 699
725 60 232 145 474 402 835 83 921 962
216 0 744 437 977 513 482 751 7 723
315 613 345 243 244 342 728 247 593 881
277 795 836 982 801 885 28 637 72 128
91 644 511 39 333 431 152 149 518 81
271 945 213 372 146 784 672 571 554 590
534 21 320 726 852 822 391 798 206 750
704 352 988 570 694 165 15 736 586 932
461 257 141 307 105 349 207 381 762 557
403 57 828 958 941 647 758 907 898 940
238 465 539 12 583 9 443 937 85 249
965 255 19 310 591 475 976 598 263 404
987 490 971 803 771 398 184 126 439 576
775 908 210 818 124 516 487 73 981 746
612 860 297 755 25 479 278 168 219 944
525 320 852 21 822 726 798 206 391 682
304 393 335 548 950 287 842 215 770 252
924 674 409 854 740 386 341 336 926 650
179 870 620 209 224 340 729 752 317 137
643 338 74 275 510 821 242 625 766 655
238 583 443 529 85 465 346 12 900 9
606 451 929 204 144 720 866 428 228 681
713 919 791 841 588 122 2 738 651 743
765 355 843 363 773 94 200 134 11 80
589 260 648 342 65 244 972 345 613 438
448 405 485 849 632 670 659 46 825 712
873 750 107 391 952 726 175 108 21 641
192 940 907 597 647 748 828 957 57 850
171 847 806 671 735 552 182 331 553 92
287 304 215 535 770 393 435 335 303 950
221 483 404 705 246 598 289 591 961 19
769 554 672 191 146 881 213 593 271 728
780 702 834 774 901 205 622 97 756 265
331 671 92 171 547 55 847 806 223 735
182 237 735 556 806 66 847 155 547 347
672 550 769 146 191 213 271 881 524 593
49 226 645 596 321 156 219 278 373 25
237 66 553 155 182 347 735 857 806 896
88 207 105 163 762 951 307 594 891 719
44 772 385 830 507 288 699 646 193 628
811 270 790 247 131 728 607 243 350 143
199 27 285 776 745 327 700 225 457 792
420 898 283 758 974 941 360 958 112 403
434 250 95 889 411 397 564 30 508 980
809 893 727 194 103 259 856 567 608 760
411 508 95 493 434 833 562 61 250 692
86 515 933 323 177 878 251 440 673 473
16 686 140 366 480 263 845 976 512 475
259 760 727 722 809 368 563 954 865 893
29 512 944 845 168 480 479 140 755 686
642 76 375 943 261 183 208 782 831 928
988 15 704 932 526 40 352 406 694 456
784 590 104 372 717 945 70 524 639 271
808 785 241 127 138 956 668 172 188 839
82 661 698 185 810 13 38 969 967 615
399 635 424 905 948 868 897 902 654 812
295 272 268 296 170 576 899 126 862 887
126 268 295 771 575 971 272 987 296 531
121 793 578 582 401 653 235 98 414 875
121 401 577 235 414 793 875 582 799 653
488 853 421 130 711 492 111 942 742 167
779 709 282 51 196 912 732 160 805 217
660 178 202 832 147 351 166 844 116 964
653 793 98 577 121 826 616 578 401 906
443 539 238 85 529 346 465 900 12 58
633 986 412 392 453 157 927 962 914 83
454 423 491 77 603 697 621 918 649 136
736 54 165 883 694 3 624 352 638 526
133 69 786 115 675 249 135 937 96 656
791 738 713 743 541 240 919 764 841 258
543 342 260 244 648 345 65 613 972 521
104 571 784 717 70 372 945 639 101 524
19 598 965 530 404 255 221 310 549 475
317 312 729 329 224 970 620 630 179 879
728 881 607 243 247 191 350 270 769 315
163 799 207 762 557 875 891 88 105 48
252 466 842 169 950 882 335 242 393 766
226 156 555 373 49 217 645 805 43 732
748 192 546 957 940 850 907 792 14 700
591 404 19 221 965 549 530 255 483 310
284 4 11 14 200 788 792 850 441 773
197 864 678 683 167 942 343 677 711 444
934 344 763 514 693 387 888 416 292 807
867 316 477 383 894 787 877 920 264 714
77 918 136 454 922 585 910 423 491 739
719 789 951 37 88 415 557 846 207 105
966 390 87 119 734 281 689 229 975 464
540 929 451 720 866 204 144 228 754 428
728 247 593 350 881 243 270 498 191 981
856 357 103 194 893 983 619 931 31 23
223 236 55 407 499 92 79 331 80 552
389 517 154 707 234 290 408 472 777 703
984 151 47 319 820 696 741 863 467 794
533 297 860 25 278 755 219 479 321 168
345 521 244 315 342 243 589 543 728 593
481 148 960 892 56 494 990 158 684 273
45 969 456 13 406 698 40 661 932 573
826 906 153 98 41 653 855 582 662 793
802 26 17 211 628 903 646 116 166 288
925 730 756 690 298 622 901 369 834 442
983 651 31 357 931 631 2 23 679 122
179 224 537 729 870 317 209 592 340 312
649 697 491 413 423 35 101 585 454 639
901 756 834 925 702 618 551 730 780 774
695 264 877 63 438 894 972 477 867 65
3 638 883 239 54 425 586 381 736 349
821 973 503 766 275 299 338 113 242 418
949 636 930 509 761 815 804 680 871 42
306 805 43 732 217 476 364 196 361 373
646 17 802 288 617 385 26 44 211 558
495 100 967 501 38 364 810 43 185 805
879 970 666 329 871 312 804 592 761 930
31 679 895 619 651 983 357 273 2 931
659 485 46 22 825 448 712 733 544 439
584 412 986 453 392 927 914 157 962 78
446 374 455 292 353 888 114 693 308 514
574 905 399 868 424 902 948 93 897 8
509 626 815 949 680 930 42 761 783 804
128 885 362 982 67 795 379 522 658 277
624 239 3 425 883 381 54 349 586 141
70 101 717 35 413 104 590 649 571 621
181 430 422 269 220 657 746 502 102 73
781 108 175 708 794 952 467 107 741 873
569 375 261 76 782 943 928 183 497 208
538 74 510 338 655 275 419 821 242 625
39 523 431 91 149 511 518 333 267 152
321 49 219 555 278 226 25 596 297 156
628 288 17 802 385 44 617 558 26 772
907 828 940 57 546 528 192 403 597 958
65 260 543 972 589 438 63 342 695 244
621 413 697 35 491 101 423 639 585 70
34 336 139 386 410 854 817 674 980 536
2 983 619 931 122 31 23 357 631 715
176 733 825 380 659 459 632 485 22 448
582 98 793 826 616 577 121 906 578 153
812 897 948 964 424 844 399 351 574 832
419 510 74 687 643 538 869 338 33 275
96 356 135 838 846 675 415 786 37 133
422 746 430 73 640 516 181 818 908 269
379 161 67 961 362 289 128 246 637 705
825 632 485 733 22 46 448 652 544 712
581 202 178 147 832 166 116 351 903 844
698 573 13 82 969 185 615 810 45 38
855 159 861 41 685 153 24 906 484 616
979 504 814 90 890 377 449 348 203 797
384 286 313 459 36 380 359 176 99 652
303 759 435 445 770 339 215 874 463 287
879 871 630 804 970 761 329 930 949 312
367 330 831 300 859 208 183 109 943 318
138 188 241 839 808 669 572 768 785 872
768 839 872 188 701 668 138 676 241 371
849 142 405 963 279 544 448 505 485 129
552 171 331 547 847 92 806 55 735 182
554 146 550 213 769 271 191 524 881 945
473 251 187 323 388 452 84 933 913 807
854 536 386 924 336 409 740 650 341 34
786 135 133 96 587 656 356 69 838 115
701 371 50 872 714 768 920 669 787 839
444 343 917 683 460 864 370 600 125 197
167 197 942 600 864 711 683 421 488 343
631 895 31 273 619 158 651 983 357 2
42 815 783 509 426 636 486 626 949 266
428 311 10 144 204 245 451 190 540 688
395 206 254 798 753 822 852 884 320 848
864 343 600 677 197 444 678 917 167 460
58 990 900 56 960 346 85 481 614 443
24 861 484 159 757 662 20 855 468 41
140 566 16 480 366 845 263 512 568 976
419 869 655 33 510 365 74 737 643 975
190 132 245 718 358 10 309 311 164 681
281 975 119 737 390 365 33 605 966 869
298 730 369 618 442 925 110 756 923 622
267 382 193 518 149 699 431 507 39 830
61 724 833 266 493 486 508 426 564 783
888 514 292 934 455 601 446 344 634 763
165 352 736 586 526 54 704 883 988 3
623 63 438 264 877 972 894 65 477 648
863 319 388 452 84 187 913 984 807 473
491 621 423 649 585 413 454 35 77 101
661 13 969 573 615 82 45 185 456 810
507 193 830 382 772 691 558 267 44 385
327 792 788 776 850 441 14 199 957 172
676 872 768 371 669 50 714 839 920 188
834 551 901 780 622 774 756 205 925 97
472 858 290 201 707 125 517 370 610 460
988 526 570 352 15 694 932 165 736 40
246 483 289 549 961 221 161 404 658 379
189 150 749 797 417 348 721 377 32 90
290 517 472 610 703 389 154 858 234 201
794 781 467 641 741 108 820 175 47 952
51 580 912 779 282 160 196 71 732 378
978 458 436 18 280 915 62 470 180 816
421 942 488 167 579 678 853 197 130 600
334 46 53 632 485 947 22 448 659 837
791 541 588 919 841 738 122 743 2 240
50 920 787 371 383 676 316 701 872 602
52 23 931 816 983 470 651 357 2 619
837 985 947 203 53 449 334 890 712 814
70 104 639 590 101 571 35 784 413 372
132 358 309 688 164 332 190 5 245 777
951 604 88 789 557 37 207 105 415 163
866 929 228 606 540 754 500 451 75 204
417 32 749 447 118 189 506 706 137 150
760 368 954 567 259 865 727 174 796 809
222 751 318 513 437 109 0 859 300 520
266 692 486 61 833 426 493 783 508 42
519 145 60 402 232 83 474 962 835 157
391 21 525 750 534 545 320 873 852 107
259 809 567 563 760 893 722 194 368 103
247 593 607 243 881 350 270 315 191 498
224 317 620 592 179 312 537 329 870 209
690 618 298 925 369 756 442 622 901 110
337 429 231 328 896 276 857 909 48 347
196 805 217 627 43 282 306 373 364 779
825 652 659 176 632 485 380 22 448 46
87 229 966 464 605 390 959 119 471 281
182 806 553 847 547 237 171 556 671 66
165 586 694 54 883 352 3 624 526 638
365 975 33 689 281 869 119 687 390 605
588 743 240 791 764 713 258 541 946 919
778 910 800 922 59 136 72 918 28 603
341 409 924 926 536 195 674 953 854 489
820 467 794 47 151 708 781 611 641 984
111 212 492 274 130 767 68 853 418 579
240 738 764 258 588 946 791 230 713 394
977 216 482 520 7 0 302 437 129 513
285 225 27 457 560 848 199 884 776 753
657 73 422 516 818 430 908 640 532 181
291 1 173 469 301 113 299 432 766 935
597 957 192 850 546 792 940 14 700 4
417 189 721 706 32 150 447 797 118 348
545 873 391 107 726 952 21 175 525 108
513 723 437 222 0 318 520 109 216 859
340 137 506 209 870 118 447 537 32 179
254 884 395 848 682 457 225 206 798 745
500 228 75 866 720 227 929 904 606 253
479 860 168 533 944 612 29 297 568 25
622 925 901 618 834 702 730 690 551 298
484 20 24 468 685 861 936 911 159 89
941 898 958 561 403 420 528 283 57 974
445 665 303 339 874 435 463 770 215 322
722 567 368 259 954 727 865 809 174 563
930 804 949 871 626 666 879 636 630 509
891 207 105 48 163 557 307 909 594 88
344 387 601 934 416 807 514 693 452 888
240 258 743 946 230 738 394 588 433 791
542 843 363 355 94 134 773 80 200 79
299 821 242 275 625 113 882 338 973 469
68 274 212 418 742 503 111 973 492 625
872 669 701 839 676 188 371 668 138 50
550 191 554 881 672 593 146 728 607 243
215 435 287 303 665 548 759 304 445 535
971 126 987 576 531 268 490 295 803 398
558 830 44 507 385 699 193 288 382 646
200 355 11 542 284 765 599 843 4 363
780 205 97 551 265 702 938 834 262 901
532 210 908 124 818 487 516 981 498 73
199 327 560 700 27 792 285 788 850 441
408 5 234 332 154 164 389 309 610 358
800 739 59 910 72 922 28 136 801 918
282 580 196 709 732 51 805 217 627 912
774 551 205 702 97 834 265 901 938 622
708 641 794 108 467 175 741 952 820 107
928 261 497 375 324 642 450 569 186 913
42 426 680 486 815 266 509 724 636 692
571 372 590 945 104 524 717 271 70 213
572 127 956 808 172 241 138 441 668 788
675 133 587 135 96 69 656 115 356 838
920 383 714 316 50 602 371 867 676 477
441 792 14 700 172 4 327 850 956 599
37 604 415 719 846 951 838 88 356 557
811 131 559 143 270 489 247 953 728 607
713 588 541 738 919 743 841 240 122 764
788 700 14 850 441 327 4 957 776 172
582 577 653 121 98 578 401 826 235 616
467 708 741 781 820 641 47 108 151 175
522 982 277 885 836 637 801 128 28 362
174 968 865 471 954 959 368 464 722 760
150 348 377 706 90 189 749 979 417 663
822 206 852 682 320 395 534 254 525 753
875 594 414 163 235 207 762 557 401 891
59 778 72 739 28 910 801 922 836 136
28 836 72 277 59 522 800 795 778 739
17 617 628 26 646 211 288 903 116 385
398 490 184 531 439 987 22 971 632 771
871 761 666 930 879 949 630 626 970 636
217 43 732 627 364 373 306 196 282 501
847 735 547 182 171 553 671 237 552 556
416 452 387 388 187 863 473 696 673 763
572 241 138 785 668 188 127 956 839 172
563 727 259 893 567 194 760 103 856 722
38 185 967 82 495 573 629 100 661 698
790 559 270 131 143 247 728 607 243 489
654 964 897 844 948 351 424 399 832 574
6 396 462 162 322 214 8 463 93 874
890 504 449 663 979 203 985 90 377 716
509 680 636 42 783 626 949 426 930 486
470 52 715 915 23 18 931 458 983 651
410 980 139 30 34 397 650 889 336 250
516 908 532 73 775 746 210 124 657 487
827 880 198 851 314 496 829 218 935 876
47 741 151 467 794 611 708 984 781 319
625 766 275 299 973 242 338 113 503 882
852 798 320 206 534 682 525 395 21 254
78 253 904 914 227 927 453 75 412 500
955 294 400 117 326 876 939 218 433 496
659 733 632 652 485 22 448 176 46 544
616 98 906 653 153 582 41 793 855 577
819 198 314 880 829 851 496 935 218 432
57 647 528 907 403 940 958 546 941 192
314 935 198 432 827 301 819 880 173 291
507 772 699 558 44 193 385 382 288 691
208 367 183 667 943 330 76 300 859 569
178 351 581 844 660 964 202 812 147 654
493 61 508 692 564 724 411 95 266 434
702 901 622 551 756 780 774 925 618 205
474 921 248 232 478 60 519 120 725 989
801 277 28 522 72 795 59 800 982 778
716 947 53 985 334 203 712 449 46 890
846 356 415 656 96 37 135 789 675 604
188 669 668 768 138 872 241 701 808 572
325 293 378 89 71 911 160 936 912 468
919 122 2 541 651 713 983 619 931 31
950 252 595 335 393 466 535 169 304 882
363 765 542 94 355 134 80 773 79 200
964 351 812 832 654 178 897 581 948 660
512 480 568 140 29 686 944 566 16 168
838 415 356 37 656 789 96 135 604 719
806 547 171 735 182 671 552 553 331 237
884 457 225 753 745 254 285 395 27 682
670 405 142 544 963 448 279 485 505 632
957 792 14 700 788 748 4 327 441 597
496 880 218 819 876 827 198 400 314 294
320 822 798 534 206 525 682 21 395 726
579 130 488 492 421 111 711 742 212 942
674 386 336 536 924 650 409 34 740 139
662 41 159 153 861 906 685 616 24 826
608 103 194 357 893 563 983 619 931 31
347 896 155 328 66 337 731 556 429 237
201 703 125 472 370 290 460 707 517 917
300 109 318 330 222 667 723 367 751 831
533 755 612 479 297 168 25 944 278 29
159 685 24 662 484 855 757 41 20 153
899 887 427 170 123 296 354 272 233 575
696 388 452 84 187 319 913 807 473 186
683 600 197 343 678 677 167 444 942 917
174 954 796 368 968 722 471 760 959 567
720 228 929 754 606 500 540 75 451 227
602 477 894 316 877 383 264 787 623 920
905 902 93 635 8 574 214 399 462 424
33 687 365 737 419 655 975 510 689 74
209 537 179 340 620 752 224 137 729 506
804 666 879 761 630 930 949 970 626 329
768 701 669 676 839 371 50 188 714 668
545 107 750 952 175 391 108 726 641 21
463 339 445 322 759 162 396 665 813 303
414 799 235 594 401 163 578 121 207 762
400 218 496 294 851 824 955 880 819 117
264 894 623 477 695 867 63 602 438 316
177 440 262 515 938 565 265 86 97 933
666 630 871 970 804 329 761 312 930 592
819 851 827 496 198 218 314 876 829 400
593 191 728 769 607 243 247 550 350 315
242 169 766 275 466 299 338 821 113 625
3 54 624 586 638 736 165 239 694 425
848 753 457 254 225 395 745 682 285 206
637 982 128 795 362 522 67 277 379 658
916 64 81 376 152 99 333 359 511 36
862 427 899 123 354 170 233 296 256 272
292 693 455 514 446 934 634 601 344 374
250 397 30 562 434 980 95 817 411 410
814 449 504 203 663 985 979 716 90 837
762 48 909 207 105 163 276 307 557 594
494 148 158 614 273 481 895 960 56 679
194 563 103 856 809 608 727 259 357 567
477 877 867 264 602 623 695 316 63 383
273 679 631 158 31 494 619 892 651 983
328 857 337 347 731 155 429 66 231 556
948 654 424 812 399 964 574 844 635 351
561 758 420 941 283 958 974 403 360 528
862 170 887 296 427 123 272 354 575 233
346 58 85 684 990 443 56 583 960 539
622 834 702 756 551 925 780 618 774 730
868 93 905 8 214 635 462 574 6 399
116 211 26 166 147 617 202 802 660 17
253 227 823 75 78 500 914 754 927 228
868 635 902 574 93 399 8 424 214 948
153 616 41 826 855 662 98 159 653 582
647 940 546 828 192 57 528 597 403 748
532 818 775 516 210 73 124 746 487 981
48 276 891 231 762 429 207 105 731 163
922 739 136 778 918 800 59 603 72 77
936 89 325 468 840 20 293 757 378 484
51 160 709 71 378 580 293 779 840 282
84 186 450 388 187 863 324 473 696 452
927 78 453 823 412 253 633 904 584 227
18 470 816 458 710 52 978 715 436 23
81 886 152 64 333 376 99 511 91 359
444 460 677 370 343 125 683 201 864 858
136 603 922 77 910 454 739 585 778 423
841 541 122 713 2 791 651 588 983 619
787 714 383 50 371 316 676 602 701 867
248 835 478 474 232 120 60 989 519 725
136 910 918 739 603 778 800 77 59 454
110 305 180 442 62 369 280 298 436 690
536 409 740 674 341 854 386 926 336 195
618 756 730 622 901 690 834 298 702 369
195 341 953 740 489 409 143 924 536 131
914 453 412 78 633 823 584 253 986 904
497 782 324 261 450 375 186 913 642 84
720 606 866 540 228 451 754 204 500 144
949 761 626 804 871 636 666 509 879 815
23 983 651 619 715 357 2 52 31 122
15 40 406 570 988 456 45 704 526 615
323 86 565 251 515 673 473 177 187 878
601 514 344 693 763 888 387 292 455 416
829 432 301 314 198 173 827 291 819 747
911 468 89 20 325 757 840 484 293 24
249 9 115 12 465 69 587 529 133 238
262 265 97 440 205 878 774 177 780 515
433 326 394 117 230 955 946 824 258 294
546 907 647 192 597 828 748 57 528 957
758 958 898 403 561 528 57 420 283 828
167 711 678 421 197 488 600 579 864 853
183 76 208 831 569 367 642 667 375 330
29 168 568 479 755 512 845 860 533 480
372 524 784 271 571 213 590 146 104 672
258 230 764 394 240 433 743 939 738 326
53 837 334 716 712 985 46 203 632 485
424 897 399 654 574 812 635 964 905 844
930 626 761 636 804 509 871 815 666 680
335 842 393 252 535 595 304 466 548 169
719 88 604 557 789 207 105 163 307 37
107 175 873 108 545 641 750 781 708 391
489 195 926 143 341 131 740 790 409 811
368 865 174 722 760 796 968 567 471 259
824 117 294 326 400 939 876 433 394 218
127 172 785 441 788 572 792 14 700 808
850 748 597 792 14 700 4 788 327 192
941 403 758 528 898 57 561 828 420 647
471 464 968 229 796 174 734 865 87 954
56 481 990 614 148 684 58 892 900 494
161 289 658 246 379 705 67 483 362 549
83 157 402 392 145 986 725 584 519 633
279 142 670 505 849 129 405 302 544 7
844 812 351 654 832 897 178 948 424 581
530 19 591 255 310 598 475 976 404 221
87 605 390 734 119 229 281 689 464 975
38 495 810 629 185 100 82 501 573 364
471 796 174 959 865 464 954 368 229 722
13 615 698 45 456 661 406 573 40 82
630 329 879 312 666 592 871 317 804 729
771 987 531 126 576 490 803 268 398 184
438 65 63 648 695 260 623 543 264 589
503 625 821 418 766 275 299 68 338 113
360 283 112 420 561 106 898 102 502 758
689 737 281 365 119 33 390 869 605 966
475 263 310 366 255 530 16 965 566 19
744 482 216 7 520 302 0 129 437 505
436 710 458 280 62 18 180 915 305 470
663 90 504 377 814 348 890 797 449 150
817 30 410 397 139 889 34 250 650 562
487 498 124 350 210 607 775 728 593 247
885 795 637 522 128 277 362 836 67 801
619 931 651 357 23 2 31 715 631 122
611 319 151 696 47 863 820 741 388 452
203 716 449 837 890 947 814 53 504 334
392 584 157 633 962 412 83 453 402 927
971 531 771 490 803 126 398 576 184 439
704 570 526 15 352 932 694 40 165 406
120 361 478 476 248 306 921 627 835 805
56 684 960 58 481 900 614 346 148 85
