31 1 224 225 255 226 254 2 30 227
2 0 226 225 227 3 224 228 31 255
3 1 4 227 228 229 226 0 230 225
4 2 5 1 229 228 230 6 231 227
5 3 6 2 7 8 230 229 61 231
6 4 7 3 8 9 62 61 2 63
7 5 8 4 9 10 3 11 63 62
8 6 9 5 10 11 4 12 3 33
7 9 6 10 11 5 12 4 40 39
8 10 7 11 6 12 5 4 13 47
11 9 8 12 7 6 13 5 49 50
10 12 9 13 8 7 6 50 51 14
11 13 10 14 9 8 234 235 233 51
12 14 11 15 235 236 234 10 233 237
13 15 12 237 236 235 238 16 234 239
14 16 238 239 237 13 240 236 17 235
17 15 240 239 241 238 242 18 14 237
18 16 242 241 243 19 240 244 15 245
19 17 20 243 244 245 242 16 246 241
20 18 21 17 245 244 246 247 243 22
21 19 22 18 23 24 246 141 245 140
20 22 23 19 24 25 142 141 18 143
23 24 21 25 20 26 27 19 143 144
24 22 25 21 26 27 20 28 19 145
25 23 22 26 27 21 28 20 152 153
24 26 23 22 27 28 21 20 29 159
25 27 24 28 23 22 29 21 129 130
26 28 25 29 24 23 22 130 131 30
27 29 26 30 25 24 250 251 249 131
28 30 27 31 251 252 250 26 249 253
29 31 28 253 252 254 251 0 250 255
30 0 254 255 253 29 224 252 1 225
63 33 34 62 35 61 60 36 59 37
34 32 35 63 36 62 37 61 38 60
35 33 36 32 37 63 38 62 39 61
36 34 37 33 38 32 39 63 40 62
37 35 38 34 39 33 40 32 41 63
38 36 39 35 40 34 41 33 42 32
39 37 40 36 41 35 42 34 43 33
40 38 41 37 42 36 43 35 44 34
39 41 38 42 37 43 36 44 35 45
40 42 39 43 38 44 37 45 36 46
41 43 40 44 39 45 38 46 37 47
42 44 41 45 40 46 39 47 38 48
43 45 42 46 41 47 40 48 39 49
44 46 43 47 42 48 41 49 40 50
45 47 44 48 43 49 42 50 41 51
46 48 45 49 44 50 43 51 42 52
49 47 46 50 45 51 52 44 53 43
50 48 51 47 52 46 53 45 54 44
51 49 52 48 53 47 54 46 55 45
52 50 53 49 54 48 55 47 56 46
53 51 54 50 55 49 56 48 57 47
54 52 55 51 56 50 57 49 58 48
55 53 56 52 57 51 58 50 59 49
56 54 57 53 58 52 59 51 60 50
57 55 58 54 59 53 60 52 61 51
56 58 55 59 54 60 53 61 52 62
57 59 56 60 55 61 54 62 53 63
58 60 57 61 56 62 55 63 54 32
59 61 58 62 57 63 56 32 55 33
60 62 59 63 58 32 57 33 56 34
61 63 60 32 59 33 58 34 57 35
62 32 61 33 60 34 59 35 58 36
65 95 66 94 67 93 68 92 69 91
64 66 95 67 94 68 93 69 92 70
65 67 64 68 95 69 94 70 93 71
66 68 65 69 64 70 95 71 94 72
67 69 66 70 65 71 64 72 95 94
68 70 67 71 66 72 65 73 64 74
69 71 68 72 67 73 66 74 65 75
70 72 69 73 68 74 67 75 66 76
71 73 70 74 69 75 68 76 67 77
74 72 75 71 76 70 77 69 78 68
75 73 76 72 77 71 78 70 79 69
76 74 77 73 78 72 79 71 80 70
77 75 78 74 79 73 80 72 81 82
78 76 79 75 80 74 81 73 82 72
79 77 80 76 81 75 82 74 83 73
80 78 81 77 82 76 83 75 84 74
79 81 78 82 77 83 76 84 75 85
80 82 79 83 78 84 77 85 76 86
81 83 80 84 79 85 78 86 77 87
82 84 81 85 80 86 79 87 78 88
83 85 82 86 81 87 80 88 79 78
84 86 83 87 82 88 81 89 80 90
85 87 84 88 83 89 82 90 81 91
86 88 85 89 84 90 83 91 82 92
89 87 90 86 91 85 92 84 93 83
90 88 91 87 92 86 93 85 94 84
91 89 92 88 93 87 94 86 95 85
92 90 93 89 94 88 95 87 64 86
93 91 94 90 95 89 64 88 65 66
94 92 95 91 64 90 65 89 66 88
95 93 64 92 65 91 66 90 67 89
64 94 65 93 66 92 67 91 68 90
97 127 126 98 99 125 100 124 123 101
96 98 127 99 126 100 125 101 124 102
97 99 96 100 127 101 126 102 125 103
98 100 97 101 96 102 127 103 126 104
99 101 98 102 97 103 96 104 127 126
100 102 99 103 98 104 97 105 96 106
101 103 100 104 99 105 98 106 97 107
102 104 101 105 100 106 99 107 98 108
103 105 102 106 101 107 100 108 99 109
106 104 107 103 108 102 109 101 110 100
107 105 108 104 109 103 110 102 111 101
108 106 109 105 110 104 111 103 112 102
109 107 110 106 111 105 112 104 113 114
110 108 111 107 112 106 113 105 114 104
111 109 112 108 113 107 114 106 115 105
112 110 113 109 114 108 115 107 116 106
111 113 114 110 109 115 108 116 117 107
112 114 111 115 110 116 109 117 108 118
113 115 112 116 111 117 110 118 109 119
114 116 113 117 112 118 111 119 110 120
115 117 114 118 113 119 112 120 111 110
116 118 115 119 114 120 113 121 112 122
117 119 116 120 115 121 114 122 113 123
118 120 117 121 116 122 115 123 114 124
121 119 122 118 123 117 124 116 125 115
122 120 123 119 124 118 125 117 126 116
123 121 124 120 125 119 126 118 127 117
124 122 125 121 126 120 127 119 96 118
125 123 126 122 127 121 96 120 97 98
126 124 127 123 96 122 97 121 98 120
127 125 96 124 97 123 98 122 99 121
96 126 97 125 98 124 99 123 100 122
129 159 130 158 131 157 132 156 133 155
130 128 131 159 132 158 133 157 134 156
131 129 132 128 133 159 134 158 135 157
132 130 133 129 134 128 135 159 136 158
133 131 134 130 135 129 136 128 137 159
134 132 135 131 136 130 137 129 138 128
135 133 136 132 137 131 138 130 139 129
136 134 137 133 138 132 139 131 140 130
135 137 134 138 133 139 132 140 131 141
136 138 135 139 134 140 133 141 132 142
137 139 136 140 135 141 134 142 133 143
138 140 137 141 136 142 135 143 134 144
139 141 138 142 137 143 136 144 135 145
140 142 139 143 138 144 137 145 136 146
141 143 140 144 139 145 138 146 137 147
142 144 141 145 140 146 139 147 138 148
143 145 142 146 141 147 140 148 139 149
146 144 147 143 148 142 149 141 150 140
147 145 148 144 149 143 150 142 151 141
148 146 149 145 150 144 151 143 152 142
149 147 150 146 151 145 152 144 153 143
150 148 151 147 152 146 153 145 154 144
151 149 152 148 153 147 154 146 155 145
152 150 153 149 154 148 155 147 156 146
153 151 154 150 155 149 156 148 157 147
152 154 151 155 150 156 149 157 148 158
153 155 152 156 151 157 150 158 149 159
154 156 153 157 152 158 151 159 150 128
155 157 154 158 153 159 152 128 151 129
156 158 155 159 154 128 153 129 152 130
157 159 156 128 155 129 154 130 153 131
158 128 157 129 156 130 155 131 154 132
191 161 162 190 189 163 188 164 165 187
162 160 163 191 164 190 165 189 166 188
163 161 164 160 165 191 166 190 167 189
164 162 165 161 166 160 167 191 168 190
165 163 166 162 167 161 168 160 169 191
166 164 167 163 168 162 169 161 170 160
167 165 168 164 169 163 170 162 171 161
168 166 169 165 170 164 171 163 172 162
167 169 166 170 165 171 164 172 163 173
168 170 167 171 166 172 165 173 164 174
169 171 168 172 167 173 166 174 165 175
170 172 169 173 168 174 167 175 166 176
171 173 170 174 169 175 168 176 167 177
172 174 171 175 170 176 169 177 168 178
173 175 172 176 171 177 170 178 169 179
174 176 173 177 172 178 171 179 170 180
177 175 174 178 179 173 180 172 171 181
178 176 179 175 180 174 181 173 182 172
179 177 180 176 181 175 182 174 183 173
180 178 181 177 182 176 183 175 184 174
181 179 182 178 183 177 184 176 185 175
182 180 183 179 184 178 185 177 186 176
183 181 184 180 185 179 186 178 187 177
184 182 185 181 186 180 187 179 188 178
185 183 186 182 187 181 188 180 189 179
184 186 183 187 182 188 181 189 180 190
185 187 184 188 183 189 182 190 181 191
186 188 185 189 184 190 183 191 182 160
187 189 186 190 185 191 184 160 183 161
188 190 187 191 186 160 185 161 184 162
189 191 188 160 187 161 186 162 185 163
190 160 189 161 188 162 187 163 186 164
223 193 222 194 221 195 196 220 219 197
194 192 195 223 196 222 197 221 198 220
195 193 196 192 197 223 198 222 199 221
196 194 197 193 198 192 199 223 200 222
197 195 198 194 199 193 200 192 201 223
198 196 199 195 200 194 201 193 202 192
199 197 200 196 201 195 202 194 203 193
200 198 201 197 202 196 203 195 204 194
199 201 198 202 197 203 196 204 195 205
200 202 199 203 198 204 197 205 196 206
201 203 200 204 199 205 198 206 197 207
202 204 201 205 200 206 199 207 198 208
203 205 202 206 201 207 200 208 199 209
204 206 203 207 202 208 201 209 200 210
205 207 204 208 203 209 202 210 201 211
206 208 205 209 204 210 203 211 202 212
209 207 210 206 211 205 204 212 213 203
210 208 211 207 212 206 213 205 214 204
211 209 212 208 213 207 214 206 215 205
212 210 213 209 214 208 215 207 216 206
213 211 214 210 215 209 216 208 217 207
214 212 215 211 216 210 217 209 218 208
215 213 216 212 217 211 218 210 219 209
216 214 217 213 218 212 219 211 220 210
217 215 218 214 219 213 220 212 221 211
216 218 215 219 214 220 213 221 212 222
217 219 216 220 215 221 214 222 213 223
218 220 217 221 216 222 215 223 214 192
219 221 218 222 217 223 216 192 215 193
220 222 219 223 218 192 217 193 216 194
221 223 220 192 219 193 218 194 217 195
222 192 221 193 220 194 219 195 218 196
225 255 226 254 227 253 0 31 1 228
226 224 227 255 228 254 1 0 229 253
227 225 228 224 229 255 230 1 231 2
228 226 229 225 230 231 224 232 233 234
229 227 230 226 231 232 233 234 225 235
230 228 231 232 227 233 234 226 235 236
231 229 232 233 228 234 227 235 236 226
232 230 233 229 234 228 235 236 227 237
231 233 230 234 229 235 228 236 227 237
232 234 231 235 230 236 229 228 237 227
233 235 232 231 236 230 237 229 228 238
234 236 233 232 237 231 230 238 229 228
235 237 234 238 233 232 231 230 239 229
236 238 235 239 234 233 240 232 231 230
237 239 236 240 235 241 234 15 233 14
238 240 237 241 236 242 15 16 235 243
239 241 238 242 237 243 16 17 15 236
242 240 243 239 244 238 17 16 245 237
243 241 244 240 245 239 246 17 247 18
244 242 245 241 246 247 240 248 249 250
245 243 246 242 247 248 249 250 241 251
246 244 247 248 243 249 250 242 251 252
247 245 248 249 244 250 243 251 252 242
248 246 249 245 250 244 251 252 243 253
249 247 250 246 251 245 252 244 253 243
248 250 247 251 246 252 245 244 253 243
249 251 248 247 252 246 253 245 244 254
250 252 249 248 253 247 246 254 245 244
251 253 250 254 249 248 247 246 255 245
252 254 251 255 250 249 224 248 247 246
253 255 252 224 251 225 250 31 249 30
254 224 253 225 252 226 31 0 251 227
287 257 288 289 319 290 318 258 286 291
258 256 290 289 291 259 288 292 287 319
259 257 260 291 292 293 290 256 294 289
260 258 261 257 293 292 294 262 295 291
261 259 262 258 263 294 264 293 295 189
262 260 263 259 264 265 258 190 189 266
263 261 264 260 265 266 259 267 191 190
264 262 265 261 266 267 260 268 259 161
263 265 262 266 267 261 268 260 296 269
264 266 263 267 262 268 261 260 269 175
267 265 264 268 263 262 269 261 177 178
266 268 265 269 264 263 262 270 178 179
267 269 266 270 265 298 264 299 297 179
268 270 267 271 299 300 298 266 297 301
269 271 268 301 300 299 302 272 298 303
270 272 302 303 301 304 269 300 273 299
273 271 304 303 305 302 306 274 270 301
274 272 306 305 307 304 275 308 271 309
275 273 276 307 308 309 306 272 310 305
276 274 277 273 309 308 310 311 307 278
277 275 278 274 279 310 280 309 311 205
276 278 279 275 280 281 274 206 205 282
279 280 277 281 276 282 283 275 207 208
280 278 281 277 282 283 276 284 275 209
281 279 278 282 283 277 284 276 312 285
280 282 279 278 283 284 277 276 285 223
281 283 280 284 279 278 285 277 193 194
282 284 281 285 280 279 278 286 194 195
283 285 282 286 281 314 280 315 313 195
284 286 283 287 315 316 314 282 313 317
285 287 284 317 316 318 315 256 314 319
286 256 318 319 317 285 288 316 257 289
289 319 290 318 291 317 256 287 257 292
290 288 291 319 292 318 257 256 293 317
291 289 292 288 293 319 294 257 295 258
292 290 293 289 294 295 288 296 297 257
293 291 294 290 295 296 297 298 289 299
294 292 295 296 291 297 298 290 299 300
295 293 296 297 292 298 291 299 300 290
296 294 297 293 298 292 299 300 291 301
295 297 294 298 293 299 292 300 291 301
296 298 295 299 294 300 293 292 301 291
297 299 296 295 300 294 301 293 292 302
298 300 297 296 301 295 294 302 293 292
299 301 298 302 297 296 295 294 303 293
300 302 299 303 298 297 304 296 295 271
301 303 300 304 299 305 271 298 297 270
302 304 301 305 300 306 271 272 299 307
303 305 302 306 301 307 272 273 271 300
306 304 307 303 308 302 273 272 309 301
307 305 308 304 309 303 273 310 311 274
308 306 309 305 310 311 304 312 313 273
309 307 310 306 311 312 313 314 305 315
310 308 311 312 307 313 314 306 315 316
311 309 312 313 308 314 307 315 316 306
312 310 313 309 314 308 315 316 307 317
313 311 314 310 315 309 316 308 317 307
312 314 311 315 310 316 309 308 317 307
313 315 312 311 316 310 317 309 308 318
314 316 313 312 317 311 310 318 309 308
315 317 314 318 313 312 311 310 319 309
316 318 315 319 314 313 288 312 311 287
317 319 316 288 315 289 314 287 313 286
318 288 317 289 316 290 287 256 315 291
