986 764 820 930 51 597 235 679 471 435
449 598 203 982 916 9 454 725 325 942
520 371 763 987 888 581 652 625 117 473
594 628 379 336 156 877 340 46 928 318
110 369 564 161 513 137 616 707 10 143
23 864 255 995 11 871 479 642 509 963
132 824 874 997 979 783 468 605 551 961
47 533 784 583 827 693 130 651 370 277
940 580 712 622 604 596 679 471 435 364
982 82 449 153 947 674 1 924 816 393
143 13 137 992 488 685 161 172 911 57
255 479 864 642 963 5 23 52 995 977
856 906 186 900 837 636 276 716 419 853
143 488 685 10 992 911 57 540 172 251
197 964 828 474 678 85 330 456 684 610
499 613 991 532 975 926 453 569 943 48
229 297 939 524 288 434 228 873 903 35
237 36 709 886 795 35 460 632 228 484
319 717 559 322 665 335 226 38 941 998
227 832 630 547 261 323 819 291 606 477
781 647 275 931 688 387 256 760 111 420
71 601 965 362 30 200 342 943 785 56
390 955 878 353 690 748 697 49 492 206
5 995 864 871 255 11 509 479 881 642
347 373 94 418 845 451 660 774 529 918
759 983 221 312 174 211 527 408 797 373
888 895 423 684 960 763 280 678 376 520
937 432 732 549 463 868 884 39 112 838
948 823 592 715 224 792 835 516 482 572
444 281 398 40 528 402 309 839 539 507
362 342 601 200 785 56 21 519 253 391
778 631 326 621 265 268 61 848 341 608
258 296 72 439 933 343 251 358 57 33
358 374 247 343 855 72 314 258 831 32
873 334 228 434 524 35 406 193 709 273
709 228 237 873 434 524 34 17 406 229
17 886 795 460 237 632 740 709 484 43
159 565 768 382 676 425 923 142 68 438
335 941 566 322 990 319 560 18 669 717
549 863 463 868 780 884 937 838 504 754
309 528 444 29 839 398 281 731 388 402
993 363 686 546 862 487 67 193 286 334
793 409 738 593 218 753 752 655 899 410
385 632 866 886 795 232 460 36 116 484
89 782 687 339 54 136 73 158 397 179
356 919 472 141 711 917 922 713 846 172
318 156 857 379 938 594 75 3 628 750
7 784 533 827 583 130 370 693 744 651
926 722 991 354 532 613 975 943 15 590
748 492 650 353 70 955 327 22 879 757
98 176 619 645 618 333 950 787 536 271
235 820 305 986 420 0 256 764 275 930
977 963 958 642 479 311 11 124 255 910
344 872 841 623 671 966 641 952 93 747
339 158 782 179 44 114 89 400 687 475
825 473 521 581 436 117 987 252 155 461
391 342 324 30 967 362 601 785 200 21
251 488 933 13 992 143 439 685 172 911
372 442 394 223 361 215 295 138 588 111
433 626 700 191 562 629 493 436 758 208
904 644 840 989 238 635 572 453 949 792
326 962 778 212 31 268 631 341 283 621
144 244 609 486 664 330 85 456 610 946
415 769 266 984 890 880 289 876 166 506
710 505 386 139 321 177 69 696 563 285
537 726 708 706 329 508 953 249 97 971
430 724 180 502 478 263 368 464 603 639
862 286 686 634 993 470 41 746 363 451
425 396 382 443 565 216 37 981 159 377
177 897 139 113 505 181 64 779 710 490
650 327 492 525 49 748 635 353 199 230
21 965 601 943 532 30 362 991 200 342
258 343 32 358 296 33 439 374 933 247
136 397 687 150 89 574 44 163 782 339
201 842 704 162 133 721 103 870 851 838
938 750 857 190 913 607 318 290 419 437
985 196 225 79 777 517 351 401 184 538
105 861 185 585 743 794 126 705 972 462
287 761 558 480 267 661 929 984 898 880
196 517 401 76 538 985 240 612 981 377
998 910 226 578 665 90 559 717 87 18
477 847 606 547 429 455 832 901 495 414
9 153 947 982 674 924 816 393 449 129
125 720 850 448 129 751 924 669 947 674
774 765 451 271 418 399 373 209 950 470
330 486 610 474 244 456 936 964 946 14
127 957 395 740 657 460 822 886 352 795
485 90 879 757 578 672 910 974 748 80
257 92 307 128 826 264 810 683 446 466
44 687 782 136 339 73 54 397 150 158
87 578 485 910 879 80 757 998 672 748
612 272 377 240 135 538 981 796 976 401
128 88 826 264 466 257 683 446 307 799
459 641 587 671 804 841 344 829 53 498
347 845 24 660 116 458 373 232 624 866
252 600 117 392 652 581 625 475 473 145
776 745 217 670 811 589 667 860 530 99
953 387 647 329 20 708 781 275 931 537
50 619 618 176 950 645 333 536 765 271
337 530 151 497 496 164 811 667 670 859
299 627 677 283 147 212 962 697 61 690
518 175 242 575 809 557 119 493 925 562
849 770 164 407 332 497 269 530 152 99
133 851 704 202 201 817 74 639 842 464
234 932 577 728 431 833 483 298 729 250
77 185 861 743 585 705 794 972 126 206
331 942 836 916 921 598 203 1 725 348
689 754 427 780 501 863 615 39 210 549
481 243 157 384 789 954 504 646 884 643
182 637 345 582 790 303 800 405 741 187
564 4 513 369 616 161 707 137 843 10
138 931 361 781 20 688 223 647 760 275
170 732 762 432 733 27 988 937 744 370
181 897 779 69 490 177 233 139 523 505
179 400 475 158 392 54 600 339 95 782
500 205 236 802 659 512 206 737 748 199
232 458 540 660 866 624 911 385 845 685
252 652 581 987 95 625 473 600 145 371
867 541 404 602 614 187 188 254 526 405
809 925 242 518 548 101 260 175 788 575
891 284 806 788 260 570 548 746 163 912
772 543 561 662 476 550 515 219 248 819
167 882 889 798 290 973 913 253 190 419
848 734 621 285 31 348 921 696 321 836
198 311 523 233 958 490 977 779 52 181
850 83 129 720 924 947 674 448 816 153
794 462 585 887 861 381 77 531 105 185
86 395 957 657 822 740 352 460 535 886
466 826 92 264 683 799 88 446 364 994
924 850 947 674 153 125 816 393 82 83
370 827 744 784 988 47 7 733 533 762
323 300 291 248 261 630 819 550 227 914
874 6 783 824 997 605 979 551 468 214
103 704 201 851 74 202 817 842 162 639
413 421 355 262 452 383 556 338 149 719
976 377 612 981 310 240 91 216 885 538
73 687 397 89 44 150 782 574 339 163
161 10 369 143 4 13 992 685 488 172
111 361 223 931 781 442 20 688 647 760
505 177 64 69 710 897 386 113 321 181
718 316 498 899 410 735 752 611 829 568
917 919 713 172 45 356 992 472 143 488
438 923 695 676 768 293 159 699 37 791
13 10 992 488 685 172 137 57 911 713
62 609 664 244 486 270 330 85 456 610
625 302 652 893 117 252 987 95 581 507
698 974 1000 672 757 883 879 927 485 650
677 697 299 690 100 627 878 390 283 22
803 617 854 999 178 389 408 586 730 656
383 366 245 262 428 421 892 134 568 413
574 397 73 163 136 912 687 668 89 44
337 496 99 859 898 667 929 530 380 811
269 808 332 576 407 849 649 102 516 770
924 947 82 674 129 9 816 393 982 850
214 555 503 551 611 605 783 899 752 316
461 365 436 758 915 208 521 629 510 825
379 46 594 318 3 857 628 938 336 75
789 243 504 108 884 481 463 549 384 39
179 54 114 339 400 782 475 44 392 89
768 37 565 676 923 382 142 425 438 695
552 531 426 381 801 807 183 852 887 440
369 137 4 10 110 143 564 13 992 685
721 842 870 74 201 838 704 868 133 549
912 574 668 150 397 304 673 73 681 136
770 497 102 530 849 407 99 332 337 269
246 313 830 620 978 542 680 544 469 522
908 880 633 266 267 813 380 739 415 558
122 798 973 882 889 253 290 200 913 362
219 996 571 515 714 476 682 561 567 550
250 595 655 298 753 431 593 728 409 42
762 112 733 732 432 988 744 27 370 937
844 349 325 222 454 447 203 554 598 725
713 992 143 917 488 10 13 57 141 251
573 680 949 620 542 238 246 978 165 469
527 221 797 759 681 25 673 983 304 67
101 575 518 557 242 809 493 119 562 925
50 645 98 333 619 787 618 320 950 346
139 69 505 897 64 113 710 181 386 321
730 803 854 148 591 999 408 617 586 749
114 158 400 54 475 339 392 782 600 44
724 263 66 464 430 639 502 817 478 202
113 779 490 897 233 69 523 177 198 139
109 345 637 790 582 969 405 187 800 614
801 491 426 447 807 552 222 450 852 160
643 351 646 777 954 225 384 985 76 481
105 743 77 705 861 972 585 206 794 659
837 856 12 716 906 419 900 913 607 190
405 614 800 254 541 602 118 969 865 867
894 404 867 445 800 741 405 118 187 367
914 567 682 300 571 476 219 550 168 248
750 913 419 607 290 716 75 437 889 938
700 629 433 436 758 208 461 521 59 510
539 703 402 457 281 638 29 239 444 398
487 334 546 34 363 873 228 434 41 35
416 360 511 959 357 666 796 588 295 272
506 755 289 805 984 535 890 769 876 63
79 76 517 985 401 225 538 777 240 612
14 828 678 964 684 474 423 895 960 280
124 523 233 311 490 779 958 977 181 113
737 230 512 590 802 354 205 722 650 70
362 253 30 601 785 973 342 519 21 798
704 74 133 842 103 162 721 851 870 202
817 851 639 103 464 133 704 263 201 180
598 725 454 916 325 1 554 349 942 449
970 885 767 310 241 976 135 968 377 653
802 115 500 512 737 236 199 659 49 748
659 972 236 705 500 743 115 185 205 105
736 773 701 860 569 589 975 532 613 991
758 510 461 629 155 436 514 191 365 521
399 766 412 271 765 951 84 411 774 451
599 615 834 501 427 786 689 846 107 922
312 408 854 983 803 999 148 178 586 25
283 962 61 627 326 100 778 299 31 268
350 417 467 446 791 264 699 128 92 466
154 551 555 605 503 783 611 874 899 132
295 394 588 372 357 58 959 442 360 223
981 443 377 240 135 538 396 612 976 401
776 589 96 745 860 670 773 811 207 497
738 752 793 899 410 735 611 42 316 568
168 476 515 571 996 550 682 561 714 567
812 727 663 414 901 471 606 679 547 597
759 174 527 25 797 983 681 312 418 673
447 844 801 807 183 852 171 426 491 440
361 442 138 58 111 372 931 394 781 20
823 482 592 715 584 28 835 948 516 775
777 985 351 76 184 643 196 646 79 954
665 998 559 80 717 910 18 578 319 322
19 630 261 323 832 819 291 131 547 662
35 873 434 524 709 34 406 229 237 273
16 524 297 434 228 873 35 34 406 939
590 199 354 737 722 512 802 48 70 327
536 675 950 691 918 618 529 619 451 418
866 116 385 660 458 540 43 911 624 845
490 523 779 198 124 181 113 311 897 958
104 577 932 833 483 728 431 729 298 980
305 51 420 820 256 986 275 0 20 781
659 500 206 115 972 205 705 802 512 353
709 17 35 36 228 873 795 886 34 434
840 949 644 572 989 573 60 792 904 173
638 858 411 457 951 703 412 192 766 539
538 377 612 981 401 91 216 135 517 443
767 968 970 653 204 489 375 885 278 310
518 809 101 119 175 925 575 557 548 260
108 157 481 789 504 384 884 954 463 646
486 62 85 330 456 144 610 474 946 936
428 366 892 149 568 383 735 410 262 752
165 620 542 978 313 680 469 522 830 173
374 855 33 314 358 831 343 876 890 72
550 291 819 323 131 476 662 261 543 300
971 508 545 706 494 726 818 65 875 814
169 298 595 431 655 728 753 593 932 409
57 933 439 488 296 13 992 143 685 32
95 117 652 581 600 625 473 987 392 145
973 200 798 362 30 601 785 167 342 519
526 896 614 865 602 944 969 541 187 790
11 864 479 5 642 23 963 995 52 871
275 420 781 20 305 688 647 760 931 235
307 88 810 92 294 128 826 264 683 446
32 72 296 343 439 358 933 33 251 374
756 853 465 661 276 480 636 761 900 906
788 548 891 925 120 119 809 284 242 150
819 630 291 323 227 248 662 131 19 550
421 383 134 149 413 355 366 452 245 556
464 180 724 639 817 66 202 430 851 502
446 128 92 466 417 826 88 799 683 257
631 608 31 268 778 694 341 326 621 956
415 880 166 63 633 984 908 267 739 769
558 166 813 880 908 287 929 380 266 633
341 778 631 326 956 265 31 61 920 608
332 152 407 808 849 102 576 770 649 164
279 664 815 609 328 144 62 346 320 244
765 399 84 209 774 451 766 418 373 412
796 91 666 612 511 377 240 135 538 401
406 424 434 586 873 228 34 524 999 35
484 529 918 795 691 886 632 36 460 43
256 781 20 688 931 420 647 760 305 387
636 853 900 906 259 12 756 856 465 186
821 651 693 378 583 315 533 775 7 47
719 375 338 489 556 653 452 968 355 241
270 815 664 328 609 346 144 320 62 787
422 895 915 26 888 684 678 763 365 423
402 29 539 444 398 40 528 192 309 507
640 294 810 658 307 869 257 359 88 692
212 627 962 100 61 299 326 677 778 147
806 120 570 891 746 788 470 260 634 668
734 696 348 321 921 563 123 386 836 403
634 67 470 862 746 686 993 570 451 774
78 558 267 761 880 929 813 480 984 898
903 939 297 308 437 16 607 229 190 419
984 506 195 63 415 880 769 266 890 558
889 913 882 190 419 750 716 75 122 607
261 248 323 819 131 630 550 662 227 300
742 760 980 688 781 729 275 931 256 20
699 695 791 438 467 142 350 923 676 213
810 282 307 640 257 658 88 869 92 359
588 215 394 357 959 372 360 58 194 442
32 439 258 933 72 251 57 343 358 488
939 16 288 229 903 308 524 437 434 228
250 431 169 728 595 932 655 753 104 593
100 677 147 627 283 697 212 690 962 878
131 914 323 189 248 291 550 567 476 261
909 739 603 633 368 908 166 380 266 478
893 145 507 625 652 398 117 987 252 371
367 582 741 637 445 907 800 109 702 405
673 668 912 681 797 163 527 174 574 570
235 420 51 256 275 820 20 986 781 688
441 747 952 771 966 994 623 799 872 466
257 810 88 294 92 282 640 264 826 128
903 437 288 607 939 297 190 419 750 716
40 731 528 444 839 29 946 281 398 388
976 885 135 204 377 612 981 91 216 970
124 958 198 977 523 52 233 490 963 779
211 983 408 25 854 759 803 999 148 178
830 165 246 544 881 620 978 542 680 522
831 855 247 876 374 890 33 769 358 755
378 775 584 821 482 277 651 224 823 693
140 410 899 752 735 718 611 568 218 503
902 961 435 468 679 979 597 604 471 930
857 46 938 156 75 379 750 594 190 3
18 322 717 335 559 38 665 941 226 566
346 787 333 328 645 815 176 279 50 270
386 696 563 710 285 348 403 734 64 921
335 319 38 18 941 717 566 559 990 665
131 291 261 630 248 819 227 300 550 662
967 391 927 56 883 342 1000 30 362 601
454 349 725 203 171 554 598 648 1 844
778 61 31 268 631 962 341 265 621 956
70 525 650 635 492 49 904 748 60 230
815 346 320 279 787 270 333 664 645 609
708 953 537 97 65 387 726 647 20 706
85 456 486 474 244 946 964 610 731 936
106 836 942 921 348 916 563 285 403 734
269 407 849 152 102 808 770 164 576 497
645 787 320 176 346 50 98 328 619 209
193 34 487 873 546 228 434 35 406 524
38 322 941 319 566 18 990 717 560 559
877 628 340 3 928 594 379 455 156 847
151 99 530 496 859 667 497 811 898 670
556 719 452 278 355 375 413 489 134 653
54 782 44 158 89 179 687 114 136 400
877 928 336 455 628 847 3 594 81 379
956 268 920 631 778 326 265 440 31 61
30 56 362 391 601 785 200 21 519 324
72 358 258 33 32 374 296 247 439 855
841 53 671 872 641 623 93 966 459 952
790 182 109 969 637 865 187 614 405 582
320 328 787 333 815 645 279 270 176 50
94 24 845 373 660 418 116 458 232 624
921 696 563 285 836 321 403 734 386 331
325 171 454 844 203 725 554 598 648 1
467 213 791 417 699 446 293 264 695 128
777 184 225 643 646 985 954 76 384 196
535 822 805 657 755 395 127 195 86 506
955 748 22 49 492 390 650 878 70 500
722 590 230 48 926 199 991 737 613 532
452 413 556 134 338 421 719 262 278 383
45 472 919 711 922 141 846 917 786 713
959 588 360 295 215 194 394 416 511 372
33 343 374 72 247 258 855 32 314 296
869 692 945 658 843 640 707 282 616 294
959 194 357 416 588 511 295 666 215 796
223 138 111 442 58 931 372 781 20 688
30 785 200 601 342 519 253 21 56 654
41 546 993 487 686 193 862 334 67 34
683 596 826 622 128 92 466 88 799 264
915 155 461 422 436 758 208 521 510 629
245 149 428 383 892 568 262 735 421 410
303 741 445 907 582 702 800 894 637 905
478 603 909 502 301 430 739 66 633 724
161 4 137 110 564 10 513 143 616 13
130 744 827 988 784 733 47 762 7 170
2 987 520 763 652 581 117 625 473 145
58 394 442 215 295 223 588 361 357 138
418 24 451 347 774 84 94 765 845 271
247 33 358 855 314 343 831 72 876 258
489 278 653 719 338 968 556 241 452 767
723 960 423 388 684 26 888 678 839 828
612 981 240 135 91 216 538 976 401 443
315 821 775 277 584 651 482 693 224 583
594 156 3 46 628 318 336 857 877 938
859 813 908 929 496 633 166 898 267 739
531 887 462 160 552 126 426 794 807 801
425 565 68 37 159 396 768 443 676 216
149 262 366 421 134 245 413 428 892 355
954 481 646 108 643 243 184 351 157 777
866 43 232 632 116 886 660 795 458 540
321 710 64 696 563 285 505 348 403 734
647 97 20 953 781 275 931 256 329 688
839 723 528 376 398 40 444 309 960 507
617 656 148 935 803 854 999 178 714 408
878 22 690 955 697 353 748 147 49 677
56 324 967 342 927 30 883 362 601 785
475 600 400 95 252 114 117 179 652 581
674 450 153 924 82 129 947 491 9 850
215 372 295 58 588 442 357 223 959 361
657 127 86 822 957 352 535 740 805 460
443 68 216 425 981 382 377 240 135 538
73 150 574 136 687 163 89 44 912 782
444 528 507 29 839 40 281 893 388 309
271 209 765 766 84 774 412 451 418 951
475 114 392 179 600 158 95 54 252 339
538 517 240 79 612 981 377 196 91 216
539 281 29 192 444 398 40 703 528 309
563 553 696 348 921 321 285 836 386 816
188 867 894 118 800 405 187 541 445 741
800 187 614 741 404 188 894 867 254 582
273 434 873 228 424 524 34 35 229 586
332 849 102 269 770 152 164 808 497 576
854 211 803 999 148 178 312 586 617 730
42 593 793 753 738 655 218 595 169 752
735 752 316 899 218 568 140 611 738 892
951 858 239 412 638 766 457 209 703 399
766 951 411 209 858 399 239 638 271 457
134 355 421 452 556 262 338 383 719 149
901 812 606 547 429 220 477 832 727 495
63 266 880 769 984 166 289 633 890 267
194 511 666 360 796 959 357 272 588 91
446 213 264 350 128 92 466 467 88 799
373 451 774 24 84 765 347 271 94 675
716 190 913 607 750 290 437 837 889 75
305 256 235 275 51 20 781 688 647 760
134 262 413 383 355 452 149 556 366 338
280 915 895 365 888 155 26 684 763 678
960 26 684 376 888 895 678 723 828 763
586 273 999 406 803 854 434 148 408 178
68 382 396 565 37 443 159 216 768 981
801 552 807 183 852 160 447 491 440 222
501 689 615 107 210 754 599 780 834 786
892 245 568 366 735 149 410 752 316 383
606 495 477 901 81 547 414 579 832 847
66 502 478 724 368 180 603 263 909 301
728 298 932 250 104 169 595 234 655 577
732 27 112 937 170 762 549 463 868 884
700 59 191 626 629 436 758 208 521 461
406 873 228 524 34 273 35 229 709 424
679 902 597 471 604 317 930 712 663 764
461 629 758 521 155 191 208 825 365 700
607 308 903 190 419 750 716 288 75 913
695 142 923 293 676 699 768 791 159 467
933 296 251 32 57 258 72 488 343 13
920 852 807 956 426 447 801 341 552 222
771 306 994 747 799 952 466 966 128 264
58 223 372 361 394 138 215 111 295 931
396 216 981 68 377 240 135 538 425 401
528 29 398 40 839 281 309 507 402 388
741 367 907 894 303 800 188 702 582 405
417 264 128 213 92 466 88 826 799 350
222 801 807 183 426 852 844 491 440 552
751 720 669 560 83 990 125 566 941 850
1 982 598 9 203 82 916 454 942 325
491 393 183 674 801 447 153 82 426 924
774 418 84 373 765 271 24 399 536 231
556 355 338 413 134 719 278 421 262 375
499 989 644 840 15 572 60 238 904 792
325 725 203 349 554 598 916 648 1 171
847 928 340 81 877 477 336 547 606 429
946 330 731 486 474 85 244 964 610 309
703 638 239 192 858 539 411 402 951 281
624 540 116 660 232 749 911 866 685 845
93 587 641 804 671 829 841 498 344 718
740 886 795 632 36 957 43 17 484 86
155 436 758 629 208 521 365 191 510 915
887 126 381 794 531 585 160 861 552 77
884 549 39 937 863 504 868 27 789 780
639 263 817 180 202 724 851 66 103 430
756 661 259 480 761 853 78 276 287 636
128 799 826 264 92 994 683 446 88 771
791 350 213 699 293 417 695 446 438 264
979 961 997 317 824 902 6 132 435 874
934 542 905 620 978 246 702 680 165 522
746 634 286 570 67 806 862 284 774 84
679 663 597 604 435 930 727 712 902 764
356 711 45 922 846 919 786 141 834 917
581 55 825 117 252 987 652 95 371 521
964 85 330 14 456 610 486 946 197 936
400 392 600 114 95 179 252 158 117 652
219 550 168 248 561 515 772 682 121 571
81 606 547 429 901 832 847 414 495 455
368 502 603 430 909 66 301 724 739 180
642 11 963 255 864 52 5 977 23 958
661 761 465 78 756 287 259 558 853 267
108 384 243 954 157 646 789 643 504 184
584 224 823 775 592 715 28 835 315 516
833 729 577 980 234 742 104 292 932 760
274 795 529 886 632 36 460 43 918 17
87 879 757 90 672 578 974 748 910 49
244 85 330 456 610 474 62 946 936 964
193 546 334 363 41 34 993 873 228 434
13 143 992 57 685 10 251 172 911 933
375 653 278 968 719 241 338 767 556 970
233 779 523 181 198 113 124 897 311 69
183 450 801 426 447 807 393 552 222 160
49 650 748 70 353 327 955 525 512 802
562 557 575 626 175 59 101 433 518 700
545 818 971 875 249 814 508 534 706 835
579 429 944 606 477 901 81 896 414 526
859 151 380 929 898 337 813 667 908 99
530 164 770 99 102 337 849 151 407 745
829 718 140 804 316 587 899 410 611 735
15 453 613 989 991 532 975 926 644 840
115 236 205 659 802 206 512 972 737 748
427 615 689 210 599 107 834 754 786 780
478 430 368 66 603 724 909 180 301 739
555 611 154 899 214 752 316 218 140 410
789 884 157 463 549 243 39 937 863 27
64 139 710 177 386 69 321 897 696 563
195 289 984 755 769 63 890 415 876 805
893 398 302 528 444 839 29 281 388 145
706 249 971 726 545 65 494 537 818 708
881 871 544 995 830 23 313 5 165 70
514 208 758 936 461 155 629 436 365 610
416 666 796 194 272 360 959 91 357 612
737 802 199 205 115 230 500 590 492 650
616 564 707 110 843 4 945 369 692 161
510 936 208 610 758 85 461 155 629 365
996 561 168 714 219 772 571 476 935 121
649 715 576 823 28 224 948 482 808 592
79 401 196 538 240 76 612 981 377 91
242 101 809 175 119 575 557 925 493 548
654 785 362 522 30 200 342 601 978 253
763 2 371 888 987 26 895 280 423 422
436 825 461 629 55 155 758 191 365 208
654 978 519 542 246 620 165 785 469 680
198 233 124 490 779 311 181 958 113 977
229 228 434 873 35 34 406 16 709 273
635 327 70 904 650 60 492 644 49 354
602 896 254 944 865 541 614 579 969 187
174 797 221 681 759 673 25 304 668 286
444 839 398 40 29 388 309 507 281 723
918 274 691 484 675 795 231 24 373 536
99 497 337 164 151 770 496 670 102 811
381 160 887 552 426 462 801 807 183 852
943 991 975 613 926 569 965 15 701 48
7 583 47 693 784 651 827 277 130 821
814 835 875 592 818 823 28 224 948 482
352 805 822 755 657 195 395 506 127 314
231 950 675 618 691 619 98 918 451 774
708 65 329 726 953 706 97 508 387 647
401 240 377 612 981 517 91 216 79 135
402 192 281 703 29 457 444 398 40 309
911 458 116 685 232 660 624 866 749 13
602 118 526 254 867 614 187 896 944 404
620 469 978 246 680 934 165 522 905 173
662 121 772 819 248 550 291 476 561 261
881 830 509 313 165 871 246 995 978 620
971 494 249 818 508 875 706 814 534 726
487 363 193 41 334 993 686 34 873 862
832 606 477 901 81 414 429 19 847 227
260 925 788 119 891 809 120 242 518 284
39 463 868 937 863 884 27 838 780 504
248 476 291 219 662 543 131 819 323 121
605 214 154 783 555 874 503 132 611 6
426 160 801 807 183 531 852 447 491 440
816 403 947 563 153 82 924 129 348 9
648 725 454 325 694 916 203 349 598 942
503 154 611 214 551 899 752 316 605 218
452 338 355 719 413 278 134 375 421 489
575 493 562 175 101 626 518 242 59 809
267 287 78 813 880 166 929 908 984 898
665 717 226 18 319 998 80 322 910 335
990 669 566 751 448 941 38 720 335 322
515 772 121 996 168 219 476 714 543 550
493 626 557 575 59 433 175 700 101 191
403 696 348 321 921 285 386 836 553 734
110 513 4 616 707 369 161 843 137 945
37 382 159 425 768 68 676 923 396 142
941 990 38 560 335 669 751 322 448 319
682 189 571 914 219 168 476 714 300 550
892 735 428 410 752 316 245 218 899 140
975 701 532 613 991 736 943 926 15 207
746 806 470 284 634 120 286 891 84 774
682 168 714 567 996 219 935 515 476 189
840 792 989 644 238 948 60 453 949 28
173 949 680 238 620 840 644 60 572 989
150 163 397 73 912 136 668 687 304 788
557 175 101 493 518 562 242 626 809 119
808 649 516 152 269 715 332 823 28 224
234 833 104 483 932 729 728 980 431 742
910 90 80 87 998 485 226 879 665 757
495 944 896 526 429 865 602 254 969 541
8 712 940 604 622 679 471 435 663 902
117 473 252 652 987 95 55 625 371 600
637 303 109 367 741 800 182 445 907 405
533 693 7 651 47 277 784 821 827 130
482 775 224 315 823 378 592 715 835 28
794 861 126 77 105 462 185 887 743 381
999 424 803 854 148 273 408 178 617 406
459 804 93 829 641 498 671 718 841 140
295 357 215 959 394 360 372 194 58 416
217 860 776 773 96 207 745 736 670 701
230 354 722 199 737 48 512 926 802 327
730 749 178 624 803 854 458 148 408 999
835 823 28 224 948 715 534 482 792 584
753 409 655 42 595 793 169 738 250 218
379 3 156 628 336 46 877 318 340 857
655 169 250 753 593 298 409 431 42 728
622 364 940 683 826 8 128 92 466 580
679 930 471 435 764 663 604 902 0 727
1 203 449 725 454 916 325 982 942 349
210 834 615 786 501 846 427 922 689 711
95 392 252 475 117 400 652 581 625 473
362 21 30 200 785 342 71 253 519 56
526 541 254 896 614 944 118 865 187 867
909 368 301 478 739 502 633 430 908 380
712 679 471 435 580 663 597 902 8 727
551 783 874 214 154 132 555 6 503 824
901 547 477 429 414 81 832 495 847 812
437 190 419 750 716 308 913 75 903 290
694 265 631 648 31 268 341 778 554 621
144 664 62 270 244 279 486 815 330 85
936 85 514 486 474 330 244 964 510 456
503 899 555 752 316 218 410 140 154 738
377 91 240 135 981 538 272 976 216 401
532 991 975 15 926 943 569 499 701 48
187 254 405 602 865 526 541 896 969 118
501 210 427 599 689 834 107 786 846 754
707 513 843 564 110 945 4 692 359 369
148 389 803 656 854 999 178 408 586 935
619 950 98 536 50 231 176 84 765 675
618 98 50 950 176 536 645 231 765 84
680 542 978 246 469 173 165 522 934 573
848 31 123 631 778 265 326 734 608 61
596 940 8 364 580 683 826 712 128 92
872 966 952 53 747 344 841 306 671 441
749 458 660 540 116 591 232 911 730 845
652 145 117 252 987 302 581 95 371 893
59 562 493 433 700 557 191 575 629 436
100 283 299 212 677 962 147 61 697 326
3 336 594 877 379 340 156 928 46 455
436 758 191 461 208 521 700 155 510 433
261 227 323 819 291 19 131 248 662 832
778 265 31 268 326 341 608 61 621 956
886 43 795 460 385 36 740 484 866 17
739 908 166 301 380 266 813 880 267 859
286 470 746 67 570 862 686 806 774 451
525 904 60 327 644 70 989 840 238 453
900 276 906 853 12 856 259 186 756 837
582 109 182 303 345 800 741 367 405 790
239 457 858 703 411 951 192 539 412 402
817 464 202 263 851 180 103 724 133 66
282 658 294 869 810 359 307 692 257 945
671 93 841 459 344 587 53 804 872 829
963 479 11 52 255 977 864 958 5 23
184 646 954 351 777 384 225 481 985 108
60 840 989 238 572 904 453 949 792 635
333 176 787 50 320 98 346 619 618 328
643 954 184 384 351 481 777 108 225 243
387 20 781 97 275 931 256 953 688 111
554 694 608 454 725 325 916 203 349 942
516 576 715 808 823 28 224 948 152 482
70 492 327 49 748 525 353 955 635 737
277 693 821 583 533 378 7 315 47 775
625 117 252 581 987 145 95 473 371 600
489 968 375 241 767 278 719 970 338 204
519 522 785 978 362 30 246 542 620 200
595 753 169 593 250 409 42 298 793 431
935 389 617 714 996 148 571 515 803 168
395 822 352 127 535 86 805 957 755 740
640 869 282 359 692 294 945 810 307 843
236 206 972 500 115 705 205 743 802 353
458 845 116 232 540 624 94 866 749 911
465 480 756 761 259 78 853 287 558 276
543 819 291 248 261 121 550 630 323 772
471 727 679 597 220 604 435 930 812 712
609 270 279 144 815 62 328 244 486 346
226 559 717 998 18 80 319 910 322 578
796 511 272 416 194 91 612 360 377 240
811 898 670 929 496 151 745 859 337 813
912 304 673 163 681 574 797 150 527 806
751 560 448 990 566 720 941 38 83 335
811 745 667 96 776 898 337 151 99 217
641 841 344 93 459 53 587 872 804 623
757 974 879 146 485 698 87 1000 90 49
304 681 668 797 912 527 174 163 746 570
393 153 924 129 947 82 450 9 850 816
691 231 918 536 529 950 274 418 373 618
923 768 142 159 438 37 695 565 293 382
147 299 100 697 627 690 283 878 212 390
828 684 197 423 895 26 14 960 280 376
471 435 597 604 663 902 930 712 764 317
620 173 542 246 573 978 469 165 949 934
797 673 304 527 174 668 912 221 759 470
567 571 189 168 219 714 914 476 996 935
826 364 128 92 466 596 88 264 799 257
678 423 26 895 828 960 888 280 197 376
911 13 540 143 488 10 57 992 458 116
862 993 67 41 363 286 634 546 487 470
89 136 44 73 782 397 339 150 54 574
760 781 275 931 20 292 256 111 647 742
427 107 501 615 754 780 210 599 863 834
697 878 390 147 22 677 955 299 353 100
675 918 529 231 536 274 950 484 373 418
359 945 869 843 707 658 616 640 513 282
583 651 533 277 7 821 47 378 784 315
608 648 554 265 631 454 325 725 916 31
438 293 142 699 923 791 676 467 768 350
348 321 563 285 921 386 403 734 836 710
690 147 878 677 390 299 22 100 627 955
146 1000 974 883 672 927 757 967 879 324
293 791 467 695 350 438 142 213 923 417
433 191 59 629 436 758 208 521 461 626
569 736 975 207 532 613 991 943 926 773
905 907 934 367 445 469 303 741 582 542
457 192 638 539 239 402 858 281 411 29
201 133 74 103 842 851 162 202 721 817
972 743 206 185 659 105 236 77 500 861
508 726 249 65 971 537 545 708 494 329
616 843 513 945 564 692 110 359 4 869
329 537 65 953 97 726 387 706 647 508
35 237 228 17 873 434 34 36 524 406
386 64 321 505 139 696 563 285 177 403
922 472 846 356 786 45 834 919 599 210
580 604 8 679 471 435 940 663 902 597
172 917 141 992 143 488 10 57 919 13
996 935 571 168 515 656 682 219 561 567
823 28 516 224 948 592 649 482 792 835
419 837 913 190 607 290 186 750 437 889
18 559 319 665 226 322 998 335 80 38
498 140 829 316 899 410 735 804 611 752
278 338 556 375 452 489 355 653 413 968
83 448 125 751 669 850 560 129 990 924
870 162 842 838 74 868 201 549 704 39
354 48 590 926 230 991 613 532 975 943
376 388 960 839 423 528 684 26 678 888
180 66 263 430 464 502 478 639 368 817
454 203 916 554 325 598 648 349 1 942
65 706 508 537 708 249 329 971 545 953
220 663 812 471 679 414 597 604 930 712
431 932 298 104 250 234 169 577 595 833
483 980 833 742 577 292 234 760 104 688
178 591 803 749 854 148 999 408 624 617
946 309 456 40 330 528 839 486 474 444
112 432 170 27 762 937 733 549 988 463
762 988 170 744 112 370 732 130 432 827
285 123 348 696 921 321 848 563 836 386
410 568 752 316 892 899 218 140 428 738
701 207 569 773 975 860 532 613 991 943
512 199 802 230 205 590 115 354 650 500
218 793 42 752 899 409 410 735 611 316
633 301 909 908 166 380 266 603 813 859
460 957 886 795 86 632 36 127 43 484
445 367 303 800 894 582 907 405 188 637
292 980 760 729 688 483 781 275 931 833
185 705 105 972 77 206 861 659 585 236
370 988 130 733 827 762 784 170 47 112
96 670 776 811 217 667 589 898 99 337
470 570 634 806 286 284 67 120 84 774
952 306 966 441 623 771 872 994 53 799
49 353 492 955 650 70 22 327 205 485
624 591 458 730 660 540 116 178 845 232
190 75 913 607 419 938 290 437 716 857
448 669 560 720 990 566 83 941 125 38
410 899 218 735 316 738 611 568 140 793
593 655 595 409 169 42 250 793 738 298
780 107 863 689 39 427 549 463 868 884
805 195 535 506 352 289 822 876 890 831
259 465 661 853 480 761 276 636 78 900
879 672 485 974 87 146 90 698 49 492
461 629 208 436 155 191 510 521 365 700
221 25 174 983 527 312 797 211 681 418
688 292 781 742 275 931 256 20 980 111
480 78 287 661 465 558 756 267 259 984
170 733 112 988 732 744 432 370 130 27
520 888 2 26 895 371 280 423 960 422
930 0 986 597 820 679 471 435 663 902
84 271 774 399 451 418 209 373 618 619
412 209 951 399 411 858 271 239 765 638
241 970 968 204 653 885 489 310 375 976
159 676 37 923 565 142 438 382 695 425
63 890 415 876 984 289 266 506 831 880
102 164 849 497 407 530 332 269 99 152
994 441 799 306 466 747 128 264 826 952
121 561 543 515 476 219 550 168 662 996
207 860 736 589 701 217 569 776 975 96
84 451 765 418 271 373 399 24 634 470
315 584 378 482 821 224 277 823 592 715
217 96 745 589 670 860 811 667 773 530
351 225 184 985 643 76 646 954 196 79
326 631 31 268 61 265 341 621 956 962
490 181 233 113 523 897 198 69 124 177
754 863 39 107 549 463 868 884 838 689
20 931 275 688 647 256 760 111 387 420
44 339 89 54 687 158 136 179 73 114
874 605 132 551 6 214 824 154 997 555
827 47 7 130 370 533 744 583 988 693
362 519 30 200 601 654 342 253 21 56
846 834 599 922 210 711 615 472 501 356
320 333 346 645 328 176 50 815 98 279
260 891 548 120 925 284 119 806 809 574
504 157 884 243 463 108 549 39 937 863
345 969 182 865 109 614 187 254 896 405
467 699 350 293 213 695 438 417 142 446
572 948 840 28 989 238 644 715 592 823
42 738 218 409 593 752 899 410 753 611
126 585 861 462 77 887 105 381 185 531
886 632 484 36 460 740 43 17 274 385
666 272 511 91 416 612 194 377 240 135
527 681 174 673 221 304 759 668 912 25
973 167 253 122 200 882 362 30 601 785
994 466 128 771 826 264 683 92 446 441
405 741 187 894 303 445 582 188 367 637
426 183 807 447 552 852 222 491 160 440
205 512 737 115 199 500 236 230 49 492
999 148 854 178 586 617 408 730 389 424
587 829 459 498 93 718 641 140 671 316
535 755 352 195 822 506 657 395 289 831
284 570 120 746 470 891 634 788 84 668
801 426 852 447 552 183 440 222 160 920
576 152 269 649 332 516 407 849 715 102
242 119 518 925 101 175 548 575 260 557
294 307 257 282 88 640 92 658 264 826
667 670 745 898 929 96 151 337 496 99
220 414 727 901 663 606 547 429 832 477
380 908 929 267 859 166 898 633 558 496
875 534 818 835 494 592 545 823 28 224
279 328 270 346 664 320 787 609 144 333
947 553 153 924 82 129 674 9 403 850
202 639 851 464 103 263 133 180 704 724
875 494 814 545 534 971 835 249 592 508
261 291 662 630 248 323 543 227 131 550
986 51 0 235 764 305 930 420 256 597
277 378 651 315 693 775 583 533 584 7
352 657 535 395 805 127 755 86 957 195
224 28 592 715 948 482 835 516 584 792
997 6 979 132 468 874 783 961 605 317
55 521 473 436 461 155 629 581 365 758
683 128 92 466 364 264 88 799 446 257
130 784 370 47 744 7 988 533 583 733
678 197 14 684 964 423 895 960 280 26
498 804 718 587 140 459 316 93 899 410
313 544 165 881 246 509 620 978 542 680
876 314 890 855 247 769 374 63 195 506
547 19 606 477 227 901 81 414 630 429
483 577 729 234 980 104 932 742 292 728
599 786 210 846 615 922 501 711 427 472
592 534 823 28 814 224 948 482 715 875
921 331 348 106 563 285 696 403 942 734
186 716 856 419 12 913 607 190 906 290
868 870 721 549 39 937 162 863 463 27
528 388 444 398 40 309 723 29 507 376
572 989 238 644 60 792 949 453 904 573
344 671 53 641 93 872 459 623 587 966
162 74 721 201 870 704 133 838 103 868
945 707 692 616 359 513 869 564 110 658
171 222 349 447 325 801 807 183 852 454
94 660 347 116 458 24 232 624 866 540
786 922 834 711 599 472 210 356 615 45
455 81 477 928 606 547 429 340 832 495
621 123 31 734 285 631 265 778 326 608
102 407 770 332 164 269 152 497 808 530
129 125 924 83 947 674 153 816 393 720
202 103 817 133 639 704 464 201 74 263
440 807 426 920 447 801 552 222 183 956
259 276 756 636 465 900 661 906 480 12
408 803 999 148 178 586 211 617 730 424
247 314 374 831 33 876 358 890 343 769
12 186 837 906 900 716 636 419 276 913
318 938 75 46 750 156 190 913 379 607
239 411 638 951 457 412 703 766 192 209
380 496 929 813 908 898 151 633 166 267
773 589 207 217 736 776 96 701 745 569
77 585 105 794 185 126 743 462 705 887
67 686 993 286 41 634 363 470 546 451
39 780 549 463 868 754 884 838 937 504
255 5 11 23 479 995 642 871 963 879
896 969 254 944 526 614 790 602 187 579
232 385 116 43 660 458 540 632 845 624
118 404 188 541 187 894 405 602 614 800
549 838 39 937 863 463 870 27 884 780
359 658 692 640 945 282 843 294 707 810
721 838 162 868 842 549 74 39 937 863
995 509 23 881 544 5 864 830 255 313
623 53 966 344 952 841 747 671 306 641
34 228 434 524 35 406 334 709 229 273
132 783 6 605 824 551 997 214 979 154
814 818 534 494 835 545 592 971 249 823
890 831 769 314 63 855 506 195 289 415
336 340 928 628 3 455 594 847 379 156
390 690 22 697 955 147 353 677 748 299
485 757 87 672 974 90 146 578 49 748
266 166 415 267 984 908 558 633 63 289
544 509 830 871 313 995 165 23 246 327
889 122 290 167 913 190 419 750 798 716
927 1000 967 698 324 146 391 974 56 672
463 504 789 549 39 937 863 157 27 868
310 204 976 970 135 767 377 612 981 91
632 795 460 36 43 740 17 484 385 237
381 462 531 126 160 794 552 585 426 861
26 763 895 423 520 684 280 960 2 422
290 882 913 122 190 419 750 716 167 75
876 769 831 63 415 314 289 506 984 195
120 788 260 284 548 806 570 925 163 574
428 568 245 735 410 366 752 316 218 140
302 507 145 398 625 528 839 444 29 388
188 445 404 741 800 367 405 867 907 303
280 26 684 888 422 423 678 763 960 828
865 944 526 254 969 602 614 579 541 187
113 69 181 177 139 779 505 490 233 64
929 667 859 813 496 811 380 151 267 558
752 316 611 410 218 140 735 503 738 555
636 906 276 12 856 853 186 837 259 756
606 414 547 429 477 832 812 81 495 220
435 317 679 961 597 604 471 930 712 468
288 308 939 437 297 607 16 190 419 750
60 635 644 525 840 989 238 453 572 949
702 934 469 907 542 367 445 303 620 978
900 12 636 856 276 186 837 853 716 259
702 367 445 905 303 741 934 582 894 800
813 166 633 380 267 739 859 929 880 266
603 301 368 739 478 633 502 908 166 380
80 578 998 90 226 665 87 559 485 963
685 540 13 458 116 143 232 488 624 660
668 163 304 673 574 150 681 397 797 284
290 190 419 750 716 889 607 75 882 437
189 300 567 682 131 476 550 219 248 571
365 422 155 280 461 436 758 208 521 895
942 203 725 598 554 106 454 1 648 325
141 713 172 919 992 45 143 488 10 356
529 691 675 274 231 484 536 373 24 418
45 141 356 917 472 713 172 711 922 992
440 956 852 341 807 268 426 447 801 552
348 836 563 696 285 331 403 734 321 106
711 846 786 472 834 356 45 599 210 919
676 142 438 768 695 159 37 293 565 699
153 947 129 674 82 816 850 393 9 125
119 548 809 260 242 788 518 101 891 175
991 48 532 613 975 943 722 15 569 965
883 967 324 1000 391 698 56 146 342 974
340 455 877 847 336 628 81 3 477 594
898 813 859 380 496 908 267 667 558 166
764 597 0 679 471 435 986 663 902 820
781 111 20 688 275 647 138 760 256 387
104 728 234 431 577 298 833 250 483 169
251 439 57 296 32 488 258 13 992 685
469 905 702 542 907 620 978 246 680 165
656 714 996 389 571 515 168 617 682 219
610 514 510 85 486 474 208 330 244 964
27 549 463 868 39 432 884 838 863 504
75 857 318 750 190 46 913 607 290 419
297 288 903 16 308 229 437 524 607 434
8 622 580 596 712 364 604 683 679 471
38 566 335 990 560 322 669 319 751 18
106 916 331 203 598 725 836 1 554 454
532 965 991 975 613 926 71 569 15 48
896 526 579 865 254 602 969 495 614 541
692 843 359 707 869 616 513 658 564 640
456 731 330 309 486 474 85 244 964 40
924 153 816 129 82 674 850 9 553 393
28 792 715 592 823 572 835 224 516 840
573 238 173 840 644 572 60 989 680 904
618 536 619 231 98 675 50 691 774 84
411 412 858 766 239 638 209 457 399 703
747 966 306 623 872 441 53 771 344 994
97 329 387 708 647 537 20 65 781 931
646 384 643 481 184 108 351 777 243 225
353 22 390 748 49 878 492 650 690 70
341 920 268 440 852 631 778 265 326 608
86 740 127 460 395 886 657 795 632 36
977 311 52 124 963 198 642 523 479 233
357 360 588 194 295 416 215 511 394 666
423 376 723 684 26 888 678 895 388 828
317 468 979 902 997 435 824 679 597 604
212 61 283 326 778 627 31 268 341 631
642 52 479 977 11 958 255 864 311 5
474 14 197 85 330 456 610 828 486 946
71 943 532 21 991 975 613 926 601 569
623 952 747 872 306 53 344 441 841 771
324 927 883 391 56 1000 342 698 30 146
241 653 767 489 970 375 204 278 719 885
865 790 896 254 614 345 944 526 187 182
767 204 241 885 968 310 653 976 489 135
545 249 494 508 706 818 875 726 814 65
705 206 659 743 236 185 500 105 115 77
253 798 200 167 362 30 122 601 785 342
672 146 757 698 879 1000 485 883 87 492
569 532 613 991 943 701 926 15 965 48
310 135 885 377 612 981 91 216 240 204
958 52 311 963 642 124 479 198 11 523
522 542 620 246 469 680 654 165 934 313
468 997 824 961 6 317 132 902 874 783
742 729 292 483 833 760 688 577 781 931
377 216 240 135 612 538 443 976 91 401
9 449 82 1 598 153 947 674 816 393
312 25 211 759 221 408 854 174 803 999
289 880 415 63 506 266 769 267 166 558
76 225 777 196 351 79 184 517 643 401
820 0 51 764 930 235 305 597 420 679
371 117 652 581 2 625 473 252 145 520
744 733 370 762 130 170 827 112 784 732
840 644 572 453 238 60 792 904 949 499
566 560 941 669 38 751 335 448 322 720
532 926 613 975 943 569 15 48 965 701
143 488 172 10 13 57 713 685 251 137
41 686 862 363 67 546 487 286 193 634
799 771 466 441 128 826 264 306 683 446
871 23 509 5 881 864 544 255 11 830
714 515 168 571 935 219 561 682 476 656
824 979 468 6 132 961 874 317 783 902
80 226 910 665 559 578 717 90 18 319
586 803 854 148 178 424 408 617 730 211
698 883 146 927 974 967 324 672 391 757
