128 178 517 433 711 846 529 544 943 188
771 860 223 991 752 422 34 99 767 387
902 694 35 108 808 111 116 748 807 135
570 768 101 814 365 482 958 985 508 257
440 338 927 449 836 894 940 914 455 199
280 320 845 725 415 810 73 102 575 741
337 163 237 631 776 720 997 774 659 622
586 972 439 248 336 187 995 812 301 103
46 56 90 582 780 230 463 420 707 504
683 941 331 849 419 358 119 843 653 827
63 167 821 162 461 876 261 369 300 884
227 664 80 618 793 251 761 537 51 99
38 244 362 785 76 492 503 781 525 383
179 170 145 685 127 270 407 922 169 594
790 496 277 226 344 686 980 745 464 121
539 66 91 403 756 682 583 581 64 487
787 491 674 392 201 534 588 555 468 896
976 935 981 592 34 190 991 54 306 798
263 969 733 477 715 833 693 465 383 520
804 983 661 721 840 435 122 94 253 639
182 681 192 138 120 501 832 316 540 627
761 172 988 793 973 80 749 55 194 644
242 256 193 143 781 841 789 473 524 166
985 757 908 365 871 966 101 490 949 847
533 416 86 546 87 693 733 271 615 45
523 968 964 391 971 576 265 701 929 50
65 852 276 529 943 846 129 154 233 188
999 319 763 791 311 918 588 896 955 201
184 870 450 112 308 962 996 579 885 866
31 282 528 292 100 979 984 569 692 747
754 374 452 41 862 402 333 323 429 904
29 984 292 282 717 569 612 47 979 528
820 996 68 308 815 870 858 112 28 962
550 504 707 103 582 336 109 46 912 228
981 991 935 860 17 160 1 493 976 328
111 2 902 748 694 108 917 808 135 116
350 221 385 847 655 158 490 355 908 871
420 915 230 762 90 780 898 463 56 8
12 76 244 362 781 525 785 789 492 256
647 823 157 688 692 473 979 528 193 872
954 71 567 168 380 910 503 933 719 850
862 323 374 904 402 30 892 264 446 754
181 699 949 966 871 225 485 946 740 882
556 464 197 745 344 305 304 851 315 568
139 219 326 466 395 977 479 775 185 53
86 893 211 533 759 351 615 24 407 96
8 582 56 707 90 504 780 230 463 420
612 984 70 456 864 717 31 292 882 117
418 923 218 869 587 656 447 500 354 376
558 907 342 478 660 616 732 494 98 324
648 265 297 929 364 25 597 523 191 968
99 236 752 215 422 700 771 223 767 1
574 874 638 408 607 743 469 314 603 627
775 992 479 542 395 83 326 921 126 185
798 328 457 160 209 493 981 935 604 34
749 736 194 644 610 552 428 571 21 172
8 90 780 46 230 463 420 582 675 764
495 302 378 332 213 85 324 616 558 732
795 59 951 130 367 266 706 891 596 354
130 58 795 951 164 596 266 330 367 432
150 82 360 797 329 909 142 564 551 341
542 555 468 334 674 992 534 185 267 734
723 424 824 600 414 411 650 381 557 982
821 10 461 167 884 369 162 698 620 261
682 547 583 66 124 202 403 566 861 573
26 276 852 233 846 529 943 188 129 919
403 15 756 64 682 91 573 956 539 583
255 135 898 186 826 426 807 762 854 902
820 815 858 32 651 996 308 970 870 532
813 819 325 434 669 844 957 729 769 516
882 47 456 612 117 984 864 485 925 717
168 380 910 40 933 954 567 719 965 687
545 208 177 397 994 837 291 540 384 432
75 516 729 725 363 280 819 434 69 844
476 486 252 873 161 272 410 487 560 581
516 73 729 363 725 953 69 819 813 434
525 38 781 789 12 256 22 244 747 362
213 703 409 378 859 174 302 387 57 223
890 709 654 848 451 459 436 531 684 335
300 599 960 876 502 162 167 262 914 199
664 793 11 761 227 21 618 172 988 215
653 538 843 222 626 827 345 370 941 331
150 797 60 909 564 360 341 329 388 389
479 705 775 134 349 809 286 53 921 887
619 151 738 245 899 772 295 641 784 481
726 332 577 495 770 137 324 527 57 783
533 45 24 893 351 615 759 87 211 416
615 693 477 928 351 733 969 24 533 156
530 289 677 679 816 671 694 808 2 926
165 317 118 425 879 180 888 608 148 512
780 56 230 8 463 420 46 37 675 204
756 15 861 487 66 403 956 202 539 252
144 800 274 606 953 287 363 831 113 957
295 313 121 151 805 822 718 105 84 738
366 661 804 691 721 19 840 673 359 993
412 549 278 828 764 711 675 433 204 463
371 211 521 893 922 127 145 597 407 594
611 526 427 794 298 446 238 480 402 264
895 660 535 558 616 342 783 527 950 770
51 752 236 422 767 215 1 771 223 860
282 841 747 528 256 29 242 692 789 473
570 365 3 768 985 814 23 482 757 508
189 575 228 171 769 634 844 696 33 550
109 550 912 336 33 246 504 125 707 439
955 250 918 868 917 763 748 497 514 999
805 603 718 121 743 313 822 372 878 93
706 249 247 354 367 662 656 795 951 58
672 609 880 505 989 877 614 269 998 722
902 116 694 808 807 2 135 35 826 926
103 912 246 550 336 125 33 187 532 504
576 642 857 701 930 391 971 523 866 730
35 748 2 917 902 694 868 108 67 135
962 870 28 885 308 184 866 996 450 857
957 854 426 669 325 186 67 255 813 826
825 645 636 967 123 253 639 744 792 987
152 449 646 632 936 241 398 338 455 191
108 807 902 808 694 826 135 926 2 186
925 456 782 882 70 864 612 47 318 717
879 317 888 89 148 165 204 425 675 764
419 905 728 849 423 683 553 345 9 827
192 417 681 316 20 806 501 182 742 291
822 313 878 93 105 603 805 506 295 718
431 435 778 253 804 19 721 629 993 673
967 357 536 987 114 825 645 993 488 633
547 712 708 573 64 147 950 453 818 566
246 532 912 970 109 635 103 651 670 281
921 714 349 734 134 53 992 775 479 809
145 922 594 407 13 170 179 685 964 371
0 433 178 711 517 828 188 846 529 919
943 154 529 613 517 846 299 544 852 178
59 164 58 330 596 951 548 432 795 460
240 604 537 251 214 328 618 160 710 54
303 559 271 399 687 520 465 719 546 799
637 913 788 264 716 628 830 904 427 379
349 809 887 921 83 126 666 479 705 775
826 67 186 807 116 108 902 426 255 2
731 235 347 472 525 789 747 76 306 293
755 577 783 726 818 279 950 85 712 527
832 182 20 704 192 681 802 120 316 149
44 466 219 977 326 395 216 479 775 53
499 305 243 197 920 598 556 990 829 568
710 766 214 361 659 604 405 720 631 997
551 329 958 360 508 339 60 663 3 150
166 22 881 561 850 781 965 524 193 242
606 92 800 287 274 831 953 310 113 854
127 407 922 179 13 170 270 594 685 759
198 945 460 903 330 432 258 164 779 159
566 535 202 124 547 260 865 712 895 279
204 888 675 879 764 463 278 118 780 317
802 580 678 658 704 851 413 304 471 832
82 60 797 360 909 564 329 341 142 388
84 619 295 738 245 93 772 899 784 641
115 646 811 398 632 936 449 191 511 241
892 875 323 155 900 41 862 904 947 30
613 129 299 943 268 544 529 852 517 589
875 900 153 947 892 358 323 41 331 904
928 867 522 477 270 615 351 622 87 969
647 524 39 193 473 561 692 22 242 841
655 355 385 288 350 36 617 221 309 548
258 290 397 384 208 146 980 198 627 314
493 328 767 54 422 991 34 798 981 860
873 560 272 410 206 74 486 581 469 476
876 167 300 10 79 599 960 63 261 199
776 6 337 774 237 445 631 720 312 997
330 130 548 59 460 903 198 432 596 146
89 425 317 180 118 608 879 512 888 148
143 850 881 965 567 561 22 168 781 524
162 10 876 63 300 79 821 261 599 199
71 910 567 965 40 850 380 954 933 166
685 391 170 594 964 701 968 13 127 922
685 13 169 179 127 594 145 922 407 270
634 189 696 102 309 575 228 617 769 845
21 988 761 973 793 194 644 571 749 348
625 443 340 217 195 872 925 117 456 782
409 703 859 387 77 519 541 700 886 215
817 216 232 977 466 948 680 139 601 511
448 196 386 441 421 934 944 630 389 796
837 545 891 72 994 266 596 376 432 951
517 0 128 544 529 943 129 846 433 154
13 270 407 145 170 127 867 685 922 759
608 425 512 165 89 317 118 879 112 334
42 949 699 966 871 365 985 101 490 570
138 20 192 832 681 120 316 704 501 742
254 803 234 842 390 507 494 944 989 478
450 28 870 579 112 308 962 740 996 885
395 334 326 468 542 992 219 61 53 674
826 426 135 807 854 67 116 113 108 255
439 812 586 281 7 670 336 912 972 109
919 846 484 529 963 943 128 0 433 276
102 171 634 575 228 696 769 309 844 550
592 306 976 472 17 731 935 853 981 136
364 398 297 632 648 936 753 646 285 730
120 316 20 681 182 417 742 501 138 806
473 22 242 524 157 841 256 561 647 143
644 749 55 571 348 428 610 988 172 736
340 286 625 705 173 666 318 887 782 925
176 448 934 421 386 796 944 441 442 390
556 305 43 140 464 745 499 568 344 598
460 146 432 330 945 164 596 903 258 159
914 261 894 876 162 167 599 300 10 79
239 657 697 974 515 518 510 348 353 322
534 588 787 16 555 674 491 896 61 392
861 566 487 64 682 147 91 756 956 583
799 503 719 954 520 399 687 933 559 40
148 675 764 888 463 278 879 780 412 90
931 978 513 938 327 713 834 786 438 621
560 469 607 410 161 486 638 581 74 873
926 760 273 808 400 816 689 116 694 777
397 72 384 290 540 291 980 159 695 545
457 798 54 214 710 328 141 604 17 976
662 382 249 663 339 106 508 247 706 354
893 96 45 371 407 145 759 86 922 127
497 591 514 896 918 955 901 763 588 543
378 77 703 302 409 57 859 174 495 387
710 604 141 131 766 240 457 209 798 54
700 236 541 51 519 99 886 174 752 387
175 977 817 466 232 139 44 948 579 450
872 443 688 173 823 864 625 456 717 612
869 418 656 48 447 354 367 247 923 706
326 44 395 139 185 775 466 53 479 992
229 883 750 553 572 557 423 880 600 672
36 847 350 490 385 655 908 871 158 757
538 626 81 370 653 843 906 827 333 358
771 387 1 859 860 51 99 236 752 703
470 792 835 488 990 636 987 744 283 645
485 946 740 882 782 318 699 579 925 70
686 277 790 980 14 496 384 344 397 568
11 618 664 251 80 537 793 99 240 752
769 575 844 102 434 189 819 33 707 171
220 750 572 883 552 880 600 557 989 424
420 90 780 37 463 56 8 915 46 675
375 437 321 315 806 373 393 452 429 417
817 948 175 680 216 601 977 511 466 811
276 565 484 919 65 963 188 667 275 26
507 183 254 803 989 390 842 880 944 552
347 136 789 731 525 747 256 76 841 100
51 215 99 700 752 541 223 422 771 387
337 6 631 163 720 659 776 997 361 405
480 298 413 794 611 446 580 373 97 402
697 200 657 518 322 974 462 515 510 975
131 537 251 604 618 214 160 493 328 227
455 936 632 398 894 449 115 584 338 401
841 256 22 193 473 100 789 747 781 692
920 499 990 140 829 470 952 835 744 598
12 785 362 492 38 503 383 715 76 203
641 619 741 738 84 772 151 810 784 295
912 125 109 532 103 970 635 281 550 670
354 706 106 656 367 249 218 869 795 662
995 972 301 7 346 336 586 839 439 550
662 106 706 247 210 354 367 656 382 795
868 104 917 955 748 918 111 514 762 763
537 618 240 227 131 11 767 493 664 422
476 487 74 861 272 873 583 91 539 581
435 825 122 983 639 114 536 993 19 357
183 390 234 803 944 507 842 421 494 989
898 67 762 135 915 426 186 854 826 111
242 841 789 22 781 747 100 525 76 193
690 482 942 814 768 293 3 570 853 101
159 290 945 146 397 779 198 384 372 603
379 724 628 393 429 830 788 452 751 742
865 279 453 818 956 708 573 755 147 783
199 914 369 167 162 10 876 698 63 894
502 584 401 960 444 599 79 455 602 300
18 715 969 383 465 833 520 492 733 477
904 913 862 133 788 41 374 637 628 402
50 929 648 597 297 25 968 521 523 964
891 951 837 795 58 367 596 177 59 706
734 311 714 61 555 791 542 126 534 319
299 589 613 640 154 544 624 129 517 684
877 765 614 649 722 959 107 609 672 483
867 179 407 156 13 928 759 145 351 170
546 303 132 416 833 559 465 733 520 24
873 583 161 539 252 581 476 410 682 487
689 816 554 207 926 530 760 436 400 808
800 953 92 363 144 729 606 957 669 516
620 963 884 484 919 461 667 565 676 188
233 65 565 26 188 919 484 846 963 529
226 790 14 686 496 980 344 384 745 801
764 412 675 95 204 148 463 549 888 780
783 260 755 818 865 137 453 535 708 147
5 725 320 845 415 73 575 228 102 810
670 812 187 498 439 635 668 246 586 912
29 100 528 747 31 841 692 979 292 569
987 952 744 967 829 470 645 224 990 835
475 746 312 652 445 621 930 786 713 774
730 643 753 971 602 523 444 364 191 297
705 195 340 83 887 666 625 809 318 134
831 606 310 144 889 92 343 838 924 800
355 617 158 655 309 385 696 350 548 970
677 88 530 679 816 273 671 808 926 694
397 159 384 208 258 980 540 627 314 291
695 501 540 681 568 208 397 627 384 120
569 717 31 979 984 29 612 864 528 282
942 853 690 257 731 136 472 235 482 306
467 998 937 505 739 609 751 107 672 830
93 151 313 84 619 738 121 718 805 772
856 679 458 677 590 671 289 474 377 901
364 648 191 50 265 398 730 971 523 285
238 794 480 446 611 413 402 373 97 374
268 613 154 589 544 129 640 517 943 624
79 876 599 162 960 167 502 10 262 914
346 995 248 839 972 916 7 336 773 504
57 378 495 213 332 77 732 324 85 49
132 271 559 546 465 833 399 520 416 733
851 315 678 806 149 658 417 580 802 43
140 197 499 556 243 43 598 568 464 920
472 190 592 731 976 136 853 17 293 235
986 509 727 940 836 702 368 927 440 352
996 870 32 28 112 184 962 820 450 885
696 617 634 288 171 355 189 158 481 899
889 831 838 343 287 924 562 531 684 606
791 319 267 734 27 534 201 555 999 588
746 445 475 774 284 776 163 6 930 701
121 93 822 295 105 805 878 603 718 506
627 540 501 486 681 20 290 159 397 208
806 304 417 851 678 231 120 375 437 321
742 192 120 393 182 20 681 417 501 806
118 89 879 165 888 425 148 180 204 608
782 666 925 887 485 117 225 195 340 946
791 27 311 999 763 588 267 201 534 896
5 845 280 415 725 810 741 102 641 189
437 373 231 375 315 452 754 402 374 304
585 697 563 239 595 396 665 462 629 673
892 41 153 862 904 374 30 875 402 264
770 527 332 85 495 558 950 726 57 49
813 669 69 957 819 113 854 434 363 729
219 395 44 185 139 53 992 775 334 479
513 834 931 438 205 668 978 635 498 938
54 160 798 493 457 981 767 34 935 991
142 360 551 60 958 150 508 339 82 663
164 548 903 130 198 146 460 432 59 454
941 358 9 947 683 900 849 81 653 155
85 495 726 57 324 577 770 302 616 660
906 754 452 30 370 429 724 626 374 41
468 185 542 61 674 395 555 992 326 787
459 848 654 890 640 624 852 589 78 268
103 550 109 7 972 586 439 33 248 912
6 237 631 720 163 997 659 776 405 622
449 4 440 927 115 455 894 241 914 836
508 663 958 382 551 142 210 662 329 3
195 625 173 286 705 443 318 782 925 666
388 564 389 909 855 737 932 797 630 441
558 660 49 616 907 732 98 478 895 494
838 889 531 924 684 310 624 562 831 777
745 496 464 14 43 277 506 556 878 430
827 553 843 883 653 419 849 119 81 905
301 839 995 916 248 972 773 504 7 356
235 747 789 136 525 100 256 841 282 242
515 571 657 644 973 510 200 194 911 988
134 921 809 126 83 887 479 775 53 714
36 385 655 221 158 847 355 490 288 908
615 759 928 867 87 156 477 86 45 270
961 368 474 702 458 727 590 377 986 939
975 911 595 200 239 657 697 796 515 934
706 656 247 367 106 218 795 869 447 418
158 288 655 617 385 350 309 36 548 221
394 773 578 916 735 839 897 346 0 128
123 536 967 993 825 253 114 987 633 863
947 331 900 941 155 9 875 683 153 538
396 691 665 366 563 585 673 462 623 406
329 60 142 150 551 82 958 797 909 508
766 405 659 997 720 622 141 631 710 522
785 12 244 38 492 383 503 715 76 203
729 953 516 274 75 800 73 325 813 92
191 297 648 398 50 632 730 753 285 265
985 101 23 570 3 757 768 908 966 949
94 691 721 359 673 804 661 563 396 19
354 706 795 656 247 951 106 58 266 218
702 352 961 727 474 986 458 307 590 377
698 676 821 667 261 63 461 10 884 167
626 906 222 333 538 754 81 30 452 653
96 521 597 922 211 127 594 145 893 929
718 779 805 945 105 454 258 481 603 899
321 437 231 794 298 446 238 402 480 374
402 862 41 30 446 904 754 452 323 794
231 437 321 393 806 742 417 315 259 316
994 447 869 545 177 218 837 418 72 656
590 939 543 458 856 474 961 352 296 392
213 302 77 57 495 703 732 409 859 332
724 628 259 830 788 429 751 393 452 913
933 910 71 687 168 40 954 719 567 399
414 650 982 723 62 824 424 411 722 600
663 210 339 662 508 249 958 551 106 142
715 492 785 263 362 799 520 244 18 465
397 290 980 208 159 686 291 695 540 258
350 655 36 158 221 355 288 847 490 617
441 448 176 630 389 196 932 388 944 390
859 223 771 703 409 174 1 77 236 215
341 389 564 855 932 630 737 441 909 386
388 630 932 441 341 855 386 737 564 448
944 254 421 183 234 934 803 386 448 441
701 169 576 968 964 25 685 523 594 110
491 16 543 787 588 896 201 939 591 534
742 259 316 379 724 628 375 830 429 192
578 356 735 773 897 916 839 0 178 128
326 185 219 334 992 53 44 775 542 468
359 665 691 462 585 563 322 406 366 518
384 290 208 159 980 540 72 291 627 258
632 191 936 364 241 297 753 152 115 646
719 559 687 933 132 203 799 303 954 380
760 777 562 207 924 926 838 273 689 554
444 584 602 262 643 753 502 936 285 241
374 446 862 41 794 30 904 323 298 754
66 756 956 573 15 64 91 453 708 865
430 471 506 658 878 743 678 408 745 802
659 997 361 622 720 766 631 522 141 156
442 623 796 665 396 934 359 462 629 595
145 179 127 270 759 13 922 867 170 211
743 874 52 603 574 105 430 638 506 404
703 174 859 77 387 213 223 519 378 541
581 560 873 161 539 206 272 74 476 252
824 605 723 886 62 519 381 541 424 414
278 95 764 549 675 204 828 463 148 711
480 580 238 149 298 802 678 611 851 704
381 650 982 62 424 723 600 722 824 557
810 845 741 320 641 5 245 280 619 725
546 24 271 533 733 693 303 833 87 132
806 120 315 192 681 316 20 501 304 375
48 218 869 923 656 447 354 587 367 376
119 849 905 683 728 9 345 827 423 553
230 37 90 915 780 463 56 762 8 46
934 944 796 390 196 176 442 448 386 254
767 752 99 493 860 51 160 1 991 771
728 557 905 600 119 722 982 424 614 883
600 62 557 723 650 982 414 824 423 229
180 165 608 89 512 317 118 879 888 148
854 186 113 826 135 957 67 807 255 669
526 788 97 628 913 259 133 379 264 611
610 911 552 194 644 749 571 55 353 348
452 724 379 259 754 30 628 333 830 374
404 506 471 878 743 822 658 745 344 408
122 778 629 435 721 804 673 253 19 563
460 596 198 146 164 130 837 330 177 72
711 128 828 0 549 919 178 188 484 95
844 819 769 69 228 813 575 325 73 707
122 253 431 19 804 983 993 778 825 536
451 554 709 689 273 78 760 400 816 207
321 231 375 373 315 452 806 429 304 393
668 834 498 327 635 513 670 931 281 205
187 586 812 7 281 336 972 670 109 248
4 927 338 836 940 449 894 914 509 199
386 630 389 448 932 388 176 855 196 341
406 796 934 623 665 595 462 421 629 396
217 173 872 625 688 340 456 864 117 925
401 602 584 643 753 262 285 632 936 730
774 312 746 776 475 163 284 6 337 237
794 402 298 374 862 41 238 904 611 30
869 376 218 994 418 656 354 48 367 247
386 176 196 441 630 389 421 944 934 390
338 4 115 455 241 440 152 894 936 927
184 579 28 740 870 946 112 308 996 962
709 436 554 78 689 890 273 400 654 760
429 754 30 333 724 379 374 259 862 906
708 573 865 260 818 956 403 279 124 547
481 903 899 779 945 548 372 330 146 718
241 936 894 632 449 338 115 262 584 502
864 117 612 47 717 70 925 984 882 292
798 209 54 328 214 604 710 160 935 17
474 590 961 856 377 352 296 939 368 543
848 335 654 890 78 624 640 684 589 268
432 198 596 146 164 330 130 903 945 159
821 884 63 620 10 698 275 369 676 667
665 518 396 974 239 697 359 322 442 200
780 675 90 230 204 764 56 148 420 8
745 43 344 556 197 496 305 430 404 471
520 833 799 733 303 263 18 132 715 271
977 139 44 216 219 175 326 817 450 579
937 294 739 998 505 751 609 830 724 379
334 674 61 542 555 185 787 534 395 992
607 206 560 638 574 161 486 410 52 74
224 835 990 792 920 744 283 829 243 952
404 658 430 678 802 506 149 851 704 580
306 731 136 190 592 853 235 293 525 347
692 193 841 242 528 100 157 647 22 256
458 961 352 590 377 856 368 939 702 296
284 746 312 445 774 652 930 621 786 776
252 74 487 272 873 486 581 410 161 861
969 928 87 693 156 615 18 522 867 733
494 907 842 49 803 342 558 732 183 737
775 83 53 992 349 705 921 134 219 809
238 413 298 580 794 611 149 446 373 97
454 899 903 779 84 548 372 945 151 718
814 257 768 690 570 3 942 101 293 365
959 593 649 716 765 637 269 133 877 913
919 963 188 275 620 846 233 565 433 276
225 882 946 782 740 70 925 318 699 117
74 476 206 161 314 560 469 873 607 252
861 252 202 476 91 583 682 272 15 539
633 636 224 792 863 639 835 967 114 123
500 801 587 758 784 923 772 48 790 738
847 871 966 221 908 757 949 23 36 985
16 392 787 201 588 674 534 896 543 555
785 715 383 244 362 503 799 12 263 203
160 767 422 328 752 991 860 34 54 981
478 842 803 907 183 49 932 855 254 737
57 332 302 85 324 378 726 616 770 558
344 14 745 277 790 226 686 464 980 878
212 514 591 896 901 955 918 104 543 250
668 635 670 438 281 834 812 327 125 187
140 243 920 305 990 598 829 197 952 744
489 587 801 923 758 48 784 418 226 772
681 540 291 627 20 120 695 192 314 417
262 960 599 584 79 300 401 876 894 455
203 954 799 719 40 492 244 785 362 933
707 33 582 550 46 103 8 336 56 109
998 609 294 107 672 467 880 937 989 507
878 430 822 404 743 121 471 603 344 408
989 234 880 183 803 254 672 842 572 750
339 958 663 551 142 382 329 3 210 365
307 940 986 836 727 927 440 702 368 4
974 973 657 515 200 518 348 988 239 571
811 601 646 680 948 152 648 297 50 364
608 180 425 165 89 112 996 308 32 28
931 327 205 834 978 438 938 668 713 635
497 212 901 591 671 896 104 250 955 868
657 348 571 200 510 974 973 239 644 911
75 729 363 73 953 69 274 813 819 325
178 544 0 129 943 128 613 529 154 897
462 974 239 200 665 510 697 657 396 322
541 886 605 700 215 411 174 824 236 409
799 465 203 833 715 559 132 719 383 503
597 371 96 929 922 594 964 127 265 968
156 622 928 477 997 867 405 969 615 87
25 971 730 968 576 391 285 701 964 50
561 157 193 881 647 143 22 473 166 242
76 789 781 256 235 347 38 747 136 242
427 97 611 788 913 264 628 904 133 402
950 770 324 712 577 726 895 137 98 535
692 979 282 100 29 473 569 841 292 31
943 846 129 188 178 154 517 0 919 613
88 816 289 677 273 926 679 689 808 207
343 684 838 924 889 624 562 310 777 640
970 125 246 651 912 858 635 109 815 498
24 86 416 45 87 615 351 693 546 733
201 555 787 588 674 16 61 468 491 311
895 147 98 279 712 783 950 566 260 124
357 993 123 253 967 825 435 840 863 661
240 251 131 618 604 227 493 160 767 11
222 81 653 626 843 370 827 906 345 331
15 581 583 410 272 66 91 682 873 252
501 627 291 681 314 695 208 397 20 290
519 700 886 215 605 174 236 411 51 409
61 992 334 468 555 185 53 395 734 714
939 377 392 590 491 591 458 212 896 474
517 613 178 299 154 129 897 268 943 0
177 72 994 837 376 891 208 596 447 266
271 416 303 833 733 24 132 693 465 533
124 64 573 712 682 708 566 147 403 66
330 903 164 454 130 146 198 945 481 460
828 95 711 412 433 278 128 764 0 675
103 33 109 504 336 707 912 582 246 575
958 142 508 329 339 360 663 3 382 60
572 610 750 428 229 55 736 749 507 234
345 883 827 220 843 119 905 728 419 229
436 689 451 273 709 816 760 207 400 926
61 534 468 542 674 201 334 787 267 16
197 43 464 305 745 140 344 568 304 315
600 423 424 728 982 722 650 62 905 220
49 342 660 907 616 98 732 478 324 895
132 399 687 303 719 933 799 203 520 271
206 410 469 161 581 873 607 486 74 272
881 524 143 166 965 193 850 157 22 567
924 777 838 400 889 343 760 310 531 831
673 585 721 322 691 359 396 366 778 629
909 341 388 797 389 82 855 737 932 150
233 667 276 963 676 275 484 620 919 698
202 147 861 547 64 956 865 124 756 535
850 168 40 965 910 71 166 954 380 881
695 598 291 980 501 384 417 197 686 305
292 979 717 528 31 864 29 612 692 984
101 768 3 814 365 482 985 257 23 958
348 644 515 194 973 657 749 988 911 428
750 552 229 610 220 989 507 428 234 880
708 453 403 547 865 956 124 818 66 260
52 638 874 607 408 469 743 314 206 627
228 102 769 189 844 434 171 33 634 819
110 701 391 642 523 971 25 930 857 730
137 726 755 85 783 818 527 950 279 770
394 735 356 897 773 916 517 178 0 544
450 740 184 946 28 225 485 870 699 977
149 413 802 678 480 704 658 851 238 304
410 539 873 272 560 15 476 161 252 74
707 46 504 8 33 56 90 550 780 230
682 272 64 539 487 15 861 66 873 252
401 262 444 502 602 960 753 643 241 455
563 322 673 697 359 396 721 629 691 665
7 439 187 972 336 812 248 281 995 109
500 923 489 48 418 801 218 758 869 226
201 896 534 16 491 787 591 392 555 319
268 640 299 624 613 154 684 544 335 129
377 458 939 856 474 543 961 296 352 368
212 896 497 514 588 763 392 918 543 999
190 976 17 306 935 472 981 34 731 853
716 483 637 959 133 649 913 765 264 751
964 922 127 685 968 169 170 145 521 13
975 629 353 778 322 442 697 796 585 431
432 460 837 891 266 177 951 130 198 59
521 929 371 265 964 96 968 594 922 50
952 568 499 140 243 695 305 283 829 920
79 960 300 876 502 162 262 167 914 894
424 557 62 423 982 650 723 414 722 728
680 948 511 811 232 817 175 646 265 50
643 444 753 401 285 584 730 971 398 632
105 743 805 408 822 878 121 506 874 718
214 131 240 710 537 141 798 54 457 328
886 411 519 824 541 723 700 62 174 736
144 287 92 831 800 310 274 889 953 854
469 638 574 206 560 52 486 874 161 314
512 180 425 165 89 317 112 118 996 32
107 505 672 998 880 294 989 269 467 877
428 552 572 749 55 194 750 644 736 911
97 526 298 238 794 480 446 413 427 402
864 717 47 984 456 292 70 31 569 117
154 299 129 268 544 943 589 517 529 178
877 722 269 982 765 107 423 728 672 650
351 87 928 477 759 156 867 693 522 533
342 660 732 558 98 49 907 895 332 495
288 309 355 696 158 634 655 171 385 481
227 251 11 537 664 240 80 131 752 422
84 738 245 151 772 641 784 741 295 899
275 884 963 461 484 821 667 676 565 919
786 652 713 930 938 978 284 642 475 205
997 522 405 659 720 156 361 477 928 631
406 442 778 359 629 691 396 796 431 993
684 640 589 531 343 268 838 889 310 848
173 340 195 443 286 925 217 782 117 318
222 370 538 906 81 653 333 843 754 30
314 540 501 681 291 20 290 397 208 159
788 379 830 259 724 751 913 133 427 429
778 595 431 122 975 585 563 322 623 442
932 441 389 855 386 388 737 448 341 176
720 337 659 237 997 6 405 361 622 766
936 398 241 191 455 115 364 152 753 602
863 488 639 636 840 983 357 123 825 661
171 696 189 309 102 617 575 288 228 845
498 668 670 438 281 834 125 532 246 327
792 488 639 114 633 645 835 224 825 983
133 716 913 593 264 788 628 830 483 904
574 607 52 469 874 206 408 314 560 486
983 636 633 863 825 253 488 114 840 19
589 624 268 684 299 343 531 613 459 335
741 245 810 619 738 84 415 772 151 784
857 110 866 576 930 885 701 971 652 962
753 602 285 444 730 971 401 584 191 398
194 571 749 348 55 515 428 988 973 172
114 744 825 792 835 987 636 967 829 283
152 811 511 115 191 398 364 632 297 936
157 39 473 524 823 193 692 528 979 688
50 297 265 364 929 191 523 25 730 971
765 959 269 483 877 593 614 107 609 716
414 982 381 722 424 600 62 557 723 614
858 970 815 532 68 820 125 32 246 635
621 930 786 713 642 110 284 938 857 701
81 843 538 827 222 345 626 9 941 683
848 890 459 78 335 709 684 531 624 451
385 158 350 355 36 288 221 617 847 651
354 218 247 869 367 706 418 447 106 48
515 200 348 974 510 239 571 518 697 973
678 471 802 149 851 704 404 580 304 430
720 405 997 361 631 622 766 522 337 141
98 342 558 616 895 49 907 732 535 770
840 94 863 19 804 366 983 993 633 721
210 249 106 382 247 706 663 354 339 367
339 382 508 210 958 551 662 142 249 985
80 11 793 227 618 761 21 251 236 51
462 396 359 518 406 691 322 442 585 697
887 318 809 782 134 286 195 705 925 340
676 565 698 369 620 884 275 461 233 963
438 498 635 834 670 327 281 513 812 931
957 325 113 813 854 69 426 819 953 274
281 498 635 812 668 187 438 439 246 125
901 679 677 88 289 514 296 856 748 530
107 880 609 989 505 507 614 722 877 220
721 563 585 804 691 366 359 94 431 778
787 468 16 555 534 334 61 201 491 542
204 764 463 148 278 780 888 412 90 56
667 698 369 884 461 565 620 821 275 63
289 679 88 530 671 816 296 694 808 2
851 149 658 802 304 580 471 704 315 413
677 671 289 88 901 530 296 856 2 694
601 948 232 511 817 811 175 216 391 265
501 20 120 192 540 291 182 417 627 316
583 64 66 547 861 202 15 272 487 539
849 9 419 941 119 331 827 905 843 345
624 531 343 640 838 889 924 310 589 654
170 169 13 594 127 964 391 179 922 145
226 980 277 384 790 14 496 397 290 568
933 559 399 719 380 203 132 954 799 71
823 872 217 39 443 569 979 717 647 292
273 554 436 816 207 451 760 926 530 400
257 942 482 293 814 853 768 3 235 136
359 366 396 673 94 563 721 665 585 623
528 473 979 100 282 841 569 29 39 647
733 87 477 833 969 18 615 416 546 24
808 2 902 108 116 35 926 807 111 207
291 568 501 540 681 208 384 397 120 980
309 634 171 617 189 288 102 355 899 481
239 322 200 585 518 462 657 975 595 665
369 676 667 461 821 884 63 620 261 10
42 181 225 485 946 949 882 740 966 70
215 541 519 236 886 51 174 605 99 387
391 576 169 110 930 25 968 523 685 964
368 727 352 986 961 307 474 509 458 940
409 77 859 174 213 387 378 223 302 771
802 832 149 658 138 580 678 182 851 471
286 83 195 809 887 479 340 134 666 349
106 354 247 367 656 795 249 951 58 218
504 582 33 46 550 8 56 103 769 90
573 453 818 865 260 124 547 403 956 712
451 78 436 890 554 654 689 531 848 562
141 214 766 604 361 209 131 457 659 798
433 828 549 128 95 0 412 484 919 178
124 950 547 527 708 818 535 147 573 755
938 786 978 621 205 652 931 513 930 284
734 126 921 267 992 542 53 349 61 775
383 263 492 785 18 520 799 465 244 203
593 637 133 483 913 959 264 788 830 751
864 292 612 569 984 456 31 47 979 29
372 805 105 779 603 93 945 313 295 258
399 203 933 687 954 799 503 559 380 40
659 631 997 405 361 622 337 766 237 6
673 804 563 366 19 94 691 431 122 585
982 614 877 650 557 423 269 600 414 728
824 62 411 424 414 600 381 605 650 886
379 429 259 830 628 452 751 393 788 754
280 5 320 73 845 75 228 769 575 516
577 85 137 332 755 783 770 527 950 324
986 702 307 368 509 352 940 961 836 474
423 905 119 557 419 722 600 614 883 553
363 516 75 953 73 274 69 813 325 800
285 971 643 753 523 602 25 297 364 576
136 472 235 306 347 525 853 190 293 789
616 342 49 558 907 737 660 478 855 494
693 833 18 465 546 87 969 477 416 271
714 267 126 542 311 61 921 555 992 53
578 897 394 356 544 773 517 178 0 128
55 749 194 552 610 572 605 644 411 21
855 932 388 630 389 341 732 564 441 494
772 619 84 784 151 245 758 641 295 801
937 751 467 830 294 724 379 628 259 393
946 579 225 485 450 184 699 318 666 882
641 810 245 415 619 845 84 738 772 151
393 316 192 259 120 375 182 417 724 379
408 603 874 105 506 878 52 430 404 805
829 645 835 990 283 920 792 987 952 114
464 344 43 496 556 197 430 14 506 404
312 475 284 445 774 776 163 930 652 621
100 789 347 841 256 282 242 235 525 29
111 917 35 868 2 250 902 67 255 694
55 194 644 736 571 610 428 172 21 348
572 229 220 552 989 880 610 507 883 424
830 739 628 379 724 937 259 788 467 393
422 99 767 51 236 493 1 860 771 160
643 602 285 444 730 401 971 398 191 364
30 452 333 429 374 906 862 41 402 724
137 818 783 279 577 260 708 453 726 712
956 91 403 66 15 865 202 861 573 566
908 23 985 490 871 365 847 966 949 101
784 801 772 489 738 500 619 245 84 790
351 615 867 407 270 928 45 156 893 86
400 207 777 926 562 273 689 808 116 924
21 793 172 80 988 664 973 11 55 749
915 898 37 255 420 67 230 917 868 90
999 918 27 955 104 319 591 791 896 212
278 675 204 412 148 463 95 780 888 56
649 269 877 959 614 483 107 722 609 593
361 141 659 405 710 720 997 631 622 214
422 493 752 160 860 99 991 1 328 34
814 570 3 101 482 257 365 985 690 958
844 228 434 575 819 102 189 69 707 33
527 324 950 726 85 577 332 98 712 895
1 223 860 387 991 752 99 51 422 859
784 738 758 619 245 801 84 151 641 295
356 916 394 839 578 346 735 301 897 995
445 776 312 163 746 6 475 337 237 284
53 479 992 83 921 349 326 395 126 219
163 774 6 445 337 237 312 631 746 720
400 562 760 924 838 889 207 310 343 531
431 629 122 595 435 673 563 721 585 623
372 945 718 454 903 258 146 805 481 899
463 90 230 56 675 420 8 204 764 37
76 256 525 789 22 38 242 143 841 166
925 318 117 666 485 882 225 456 70 625
279 755 137 577 895 535 818 260 726 98
772 758 738 801 619 489 245 151 84 790
492 362 244 383 12 715 503 38 799 203
621 713 938 652 978 930 205 284 931 475
16 674 491 534 201 468 555 392 588 334
628 913 379 830 133 427 259 264 724 904
256 525 747 781 347 841 76 242 100 235
277 14 226 496 686 980 784 344 801 758
319 311 27 999 267 201 534 588 763 734
835 224 636 470 990 488 645 744 114 829
80 761 664 21 11 172 227 988 618 973
446 298 402 238 611 374 480 373 862 97
58 951 367 266 59 706 354 891 106 130
442 934 406 421 196 975 595 462 623 944
909 82 564 150 60 341 388 360 389 737
457 54 328 209 160 604 214 935 981 17
520 203 503 465 719 399 492 559 715 383
274 92 144 953 606 363 287 729 957 113
758 489 784 500 772 738 587 790 619 277
704 149 658 580 678 832 851 471 413 138
183 842 254 234 494 507 478 390 989 907
19 721 673 94 122 661 435 366 431 983
105 718 603 372 313 121 93 779 822 743
417 315 120 304 375 192 231 851 681 316
116 826 108 135 186 902 808 694 67 926
694 926 108 116 902 2 207 807 35 816
134 887 349 666 83 921 705 286 479 318
741 415 641 845 245 320 619 5 84 738
511 646 152 601 364 297 191 648 680 115
187 281 439 670 586 498 7 912 246 635
69 325 669 819 957 434 113 844 729 363
768 482 570 3 257 101 690 365 942 985
858 68 651 820 32 970 996 532 308 36
530 273 689 926 289 88 207 554 808 677
175 232 216 948 977 680 601 466 511 139
708 755 453 260 279 137 573 865 712 124
434 69 844 813 769 325 228 669 516 75
68 32 815 996 858 308 651 870 970 112
63 461 10 884 369 620 698 167 676 275
121 878 313 506 603 105 430 93 805 743
688 39 872 647 217 979 569 692 157 292
723 411 62 605 424 886 381 414 650 600
114 253 645 639 636 123 357 983 435 967
186 807 135 116 426 108 67 902 854 255
345 843 653 553 81 849 419 538 883 683
549 711 433 95 128 412 0 278 484 963
744 990 920 835 243 952 283 645 470 792
751 628 379 788 724 259 739 429 133 393
310 287 889 606 343 838 924 562 144 531
138 704 182 802 20 149 192 580 681 658
733 465 693 520 546 271 18 303 263 132
438 327 513 668 931 498 635 205 670 978
792 990 470 224 744 920 829 645 636 114
940 927 509 440 307 4 986 727 338 199
891 177 266 545 596 951 994 72 432 795
343 924 889 531 562 310 684 831 777 624
916 346 773 301 995 356 248 394 972 578
661 863 983 19 633 94 639 804 536 993
242 100 256 747 473 789 22 282 528 692
803 494 478 183 234 254 907 507 989 49
653 827 81 345 538 222 553 683 849 9
769 434 228 819 575 69 102 813 707 73
320 415 5 810 280 741 725 641 245 586
529 188 943 919 129 178 0 517 128 484
490 221 871 36 908 966 350 757 949 23
654 459 890 335 78 684 624 709 640 531
683 419 119 9 905 941 827 345 728 843
166 567 965 168 881 143 910 40 561 71
678 304 149 658 315 802 580 471 806 704
26 65 154 129 943 529 613 299 846 335
293 942 472 306 690 731 136 190 257 592
426 113 957 186 669 826 67 135 255 898
737 932 630 389 388 341 441 564 386 494
296 590 458 377 474 939 961 679 671 543
642 866 885 110 962 576 930 112 652 811
815 651 68 970 820 532 32 125 996 350
387 703 409 174 77 223 213 771 215 1
1 991 771 34 767 422 223 752 493 981
202 487 91 566 252 682 583 756 64 15
374 41 904 402 30 264 323 446 754 892
633 840 983 639 661 488 19 636 357 536
612 717 456 47 292 984 569 117 70 31
260 956 453 573 708 279 756 818 403 147
885 857 962 642 112 110 870 28 308 576
156 270 928 351 759 522 615 477 179 407
250 917 748 104 111 955 35 918 898 762
218 447 418 656 48 376 354 367 994 247
308 28 112 996 184 962 450 885 32 866
966 490 949 847 757 23 908 181 985 221
217 688 823 443 864 717 569 173 39 292
272 161 410 581 476 74 583 252 560 539
408 52 574 743 638 603 607 258 105 314
155 153 892 900 323 947 41 358 904 862
162 300 599 79 167 960 10 199 914 502
614 269 765 722 649 107 982 672 728 905
506 822 121 430 603 313 404 743 105 344
118 888 317 148 204 89 675 165 764 463
989 672 507 107 609 234 750 229 505 220
561 965 166 143 850 524 567 168 910 22
70 485 117 47 925 225 456 782 612 984
553 220 229 345 728 423 750 827 905 557
461 620 821 275 63 676 963 698 667 369
962 866 112 857 870 642 28 308 184 110
519 605 541 411 700 824 174 215 723 736
809 666 134 318 349 705 286 83 195 782
148 879 204 118 675 317 764 463 278 89
310 838 343 924 831 531 562 684 287 777
654 78 848 709 459 451 335 531 684 624
837 266 177 951 596 795 545 367 58 994
323 153 875 41 155 862 904 30 374 402
211 45 96 86 759 407 351 371 145 533
914 455 199 241 338 599 4 502 449 960
98 535 660 783 147 950 279 527 712 558
591 588 212 497 201 392 491 999 27 763
735 578 544 394 517 178 356 0 613 128
255 762 67 915 37 135 426 854 420 917
481 454 84 151 619 372 779 738 903 295
155 947 875 358 153 892 331 323 941 41
671 514 679 497 677 212 917 868 856 88
108 2 694 35 116 808 111 807 135 826
548 330 454 945 146 164 198 481 779 460
264 862 41 374 913 402 323 788 30 446
119 728 419 423 849 557 553 614 883 683
333 370 754 626 452 30 222 429 724 538
49 478 558 342 494 842 732 660 616 803
757 23 490 985 847 871 221 365 966 36
564 797 341 82 388 150 389 60 737 855
380 168 71 965 567 40 933 850 954 687
353 975 428 515 348 657 571 200 644 595
109 246 125 103 550 336 532 812 187 33
133 264 788 637 904 628 427 862 830 379
199 894 261 876 599 162 455 300 4 440
762 37 420 898 230 255 90 780 67 8
839 773 356 346 394 301 578 995 735 248
868 748 250 111 35 104 255 2 898 67
955 763 104 999 250 27 212 868 591 497
484 188 963 846 275 529 433 233 276 128
990 243 829 499 470 835 744 952 140 224
349 126 134 714 809 775 479 53 83 992
127 594 145 371 407 964 96 521 170 13
48 587 418 500 218 869 489 656 447 354
562 838 889 343 777 531 310 400 831 684
782 117 318 456 882 70 485 625 173 864
207 808 694 760 116 273 816 108 807 902
440 836 4 940 509 338 307 449 914 199
156 867 477 615 522 351 87 969 270 759
265 597 50 521 648 968 25 964 371 297
652 621 110 701 642 576 786 857 391 284
205 513 327 978 834 938 713 438 668 786
630 855 389 737 441 388 386 341 494 448
687 380 719 71 399 954 559 910 203 40
421 796 442 944 196 406 390 176 448 975
17 981 976 34 592 991 328 54 190 798
632 241 398 455 115 191 152 401 584 444
467 739 294 751 998 830 505 724 379 628
713 978 786 205 621 931 513 652 327 930
543 377 590 458 856 392 474 961 212 497
836 509 307 927 986 440 727 4 261 702
331 9 683 358 849 947 653 419 843 81
293 690 257 853 482 136 731 235 814 347
529 129 846 154 517 613 178 544 852 188
390 421 934 254 196 448 183 796 176 386
779 146 903 372 258 198 454 330 159 718
740 225 485 579 699 882 318 450 782 666
358 900 155 331 875 941 153 9 892 538
680 232 601 817 175 511 216 811 977 646
966 181 871 42 490 699 23 985 365 847
527 712 770 124 535 895 137 577 755 98
266 795 58 891 367 59 837 596 130 706
283 598 987 829 744 920 990 243 470 499
274 363 800 729 92 516 144 75 669 325
40 503 203 719 71 933 380 567 687 910
918 104 763 250 868 999 497 27 212 917
756 865 403 453 573 260 66 91 708 566
113 669 854 325 426 813 69 186 274 800
551 508 142 339 663 329 3 382 360 101
483 649 765 593 269 716 877 637 614 609
599 79 502 300 262 876 162 584 894 167
352 474 458 368 702 590 377 856 939 727
885 112 866 870 28 308 857 184 996 642
275 484 620 919 188 884 565 233 667 433
968 594 169 25 922 391 685 127 597 521
850 881 168 567 166 910 561 143 71 40
949 871 490 181 847 42 23 757 985 365
123 987 357 283 114 645 536 825 488 744
964 25 594 523 391 169 597 929 701 265
477 18 263 693 928 733 87 522 156 833
532 651 858 125 815 246 635 68 912 820
730 285 523 643 25 576 753 110 297 602
248 7 995 586 336 301 439 346 187 550
988 510 172 348 515 571 974 657 21 644
510 518 200 657 239 515 462 973 348 697
353 595 911 629 697 796 239 322 200 442
17 592 935 190 981 306 34 472 991 798
466 216 139 175 44 817 219 232 579 450
938 205 713 931 786 513 621 327 652 834
569 528 692 292 29 717 282 31 473 100
686 384 397 226 290 277 208 159 695 568
935 34 17 991 976 860 328 160 592 54
650 722 414 600 557 614 424 381 423 877
639 19 863 253 840 633 825 435 804 661
31 47 612 292 717 29 864 70 569 456
365 23 757 101 908 570 871 966 3 949
307 727 509 702 940 368 836 352 927 961
283 967 123 645 952 744 114 224 357 829
973 172 21 510 571 348 761 644 515 194
507 880 234 672 750 107 183 572 803 229
920 835 470 829 243 744 792 224 499 952
34 860 981 1 935 493 767 160 771 422
53 775 542 185 479 395 61 334 326 126
536 357 435 253 661 123 122 840 94 623
376 545 447 177 72 837 869 891 218 418
301 248 346 972 7 839 336 586 916 504
308 32 870 820 28 112 68 184 962 815
659 405 622 720 361 631 522 766 337 156
294 505 467 609 937 107 739 672 880 989
27 763 319 918 791 955 896 311 591 588
