153 1031 825 928 77 297 87 906 365 226
1055 450 923 969 774 335 720 983 142 148
800 372 877 657 480 339 426 804 202 1046
332 1035 180 539 646 984 836 985 257 411
855 285 1007 441 146 792 64 324 772 478
896 567 286 615 171 857 27 525 610 798
213 435 623 520 733 989 85 987 508 740
356 277 751 1072 75 416 1054 229 274 682
160 928 803 297 1082 0 825 77 107 153
887 30 151 169 1077 582 618 967 936 61
907 782 1024 193 384 1102 683 961 382 1109
542 688 105 673 102 449 919 876 829 367
1043 899 982 1075 650 972 656 957 142 336
630 705 390 805 1048 1042 933 948 45 253
112 147 640 133 702 187 95 852 1002 644
529 154 773 210 786 394 626 705 854 498
622 746 995 752 917 345 455 860 527 866
347 406 994 849 970 202 426 500 339 729
624 872 276 1101 380 424 827 233 947 975
789 1001 667 954 919 468 367 449 65 1041
249 565 879 455 273 543 72 568 1088 655
993 453 826 303 1053 763 605 94 403 466
601 230 472 194 144 32 745 824 721 807
422 558 617 67 835 874 1018 609 738 1087
946 694 29 744 795 893 245 392 653 252
621 696 218 704 588 586 962 966 538 1087
1041 419 84 772 668 468 68 441 954 216
531 286 120 896 253 171 404 5 805 933
1105 57 815 548 593 292 603 942 1009 801
744 24 946 694 392 252 893 795 653 245
9 169 887 1077 61 151 582 597 618 894
401 783 325 699 974 583 859 971 921 1050
472 807 601 22 745 144 230 549 194 181
1094 469 635 1023 400 116 268 361 793 858
913 996 198 873 822 295 949 585 1012 376
132 375 382 828 331 143 71 736 732 263
557 236 270 510 458 88 271 318 1083 573
251 1005 661 715 669 645 670 328 959 167
602 921 574 1050 894 859 464 511 582 783
614 488 317 357 922 91 427 158 627 498
279 997 63 340 889 243 1002 1037 806 379
1056 818 596 90 408 735 52 700 228 250
438 886 499 484 749 167 363 1067 124 680
599 870 1058 530 689 490 939 432 114 652
666 290 129 698 878 963 844 158 524 941
587 1048 629 1042 390 705 658 654 626 848
237 418 979 576 554 364 762 779 719 663
788 1004 748 327 55 131 950 648 888 338
777 638 150 168 378 76 697 575 467 1051
60 1045 182 690 930 762 663 212 94 763
861 1063 122 260 992 1066 256 904 338 131
679 761 115 214 113 1049 272 511 409 1074
408 968 90 250 818 735 838 41 700 176
833 137 404 750 647 120 531 326 161 1079
915 283 514 490 352 530 83 814 599 43
1004 973 47 759 206 594 748 788 881 950
440 368 348 916 322 778 857 525 506 171
548 28 593 942 603 1105 801 898 1009 811
787 604 427 963 389 698 488 224 546 839
864 943 245 1061 208 795 695 501 946 294
49 690 1045 762 182 663 212 930 779 726
1077 597 169 1068 30 810 9 582 887 990
262 536 482 289 563 425 719 155 1039 977
1002 40 187 340 379 279 997 640 572 243
235 285 146 478 710 793 1007 4 1036 855
300 468 954 667 517 789 1041 776 551 19
100 931 354 929 770 655 360 304 309 1103
422 738 874 1018 875 23 267 771 558 1022
84 799 668 902 26 419 216 1041 1001 434
903 534 221 164 976 958 1086 98 152 1038
701 813 674 796 371 485 507 181 798 1090
540 732 736 865 775 399 448 547 407 544
725 655 917 931 304 20 995 527 770 66
515 980 310 1084 871 900 966 891 786 589
753 93 678 496 689 523 232 278 341 870
274 356 7 570 718 136 229 277 334 1072
575 168 423 777 834 48 79 638 590 150
153 297 0 820 1082 1031 928 906 825 107
642 452 1017 1010 491 945 1060 258 632 660
834 797 423 261 821 575 76 556 168 333
119 410 296 149 97 223 584 184 1089 470
89 932 981 341 920 314 577 523 1070 944
790 1097 613 219 457 781 366 315 139 189
445 283 483 54 1086 915 164 534 225 939
68 668 419 799 26 216 772 1041 248 902
508 658 109 654 851 118 1080 564 629 287
494 951 233 832 191 633 947 111 1028 713
365 1031 825 906 0 226 153 321 358 928
318 510 573 561 557 809 458 817 36 192
81 920 981 932 314 1070 341 577 521 944
250 818 52 968 408 838 41 176 735 1056
317 498 357 614 39 626 922 158 854 488
125 1074 925 420 1049 374 620 999 281 581
74 523 341 753 678 232 932 81 496 577
791 687 763 826 930 993 182 634 21 1045
133 644 147 528 112 14 702 983 852 640
537 476 433 1057 652 246 1015 269 432 891
584 149 470 296 410 1040 119 823 80 1046
240 728 958 221 897 634 903 152 518 687
837 760 1071 527 752 708 940 521 172 304
66 354 931 929 309 1103 672 1091 770 655
269 284 1057 580 476 549 96 757 311 433
876 542 449 188 673 367 11 767 1078 919
207 755 509 912 387 421 1052 660 110 883
308 607 636 1107 186 991 591 895 677 359
688 11 542 829 673 102 876 1029 449 919
473 414 1003 364 139 554 781 576 1097 457
1082 1026 820 297 459 77 8 928 160 522
248 381 216 562 668 860 345 866 419 746
564 508 1080 85 118 998 405 851 953 287
509 387 329 912 207 1099 145 1052 103 313
692 975 947 494 233 424 551 86 380 517
14 702 133 147 640 95 852 187 644 1025
679 409 761 51 686 214 1049 511 1074 115
802 432 652 1058 343 939 43 1015 433 908
272 51 730 761 679 1049 214 1108 511 1074
361 793 863 235 64 579 33 469 1094 285
578 904 586 992 513 437 888 704 306 950
508 953 287 109 851 535 85 405 564 1098
410 80 296 149 97 584 223 470 184 1089
404 531 833 1079 27 750 53 941 137 161
1098 257 493 846 1044 953 646 935 323 836
1066 50 754 338 861 1063 344 131 260 176
741 1030 1019 201 195 693 937 794 843 619
363 255 1067 209 886 42 1013 165 664 167
92 925 374 1074 420 1049 620 369 999 281
883 430 491 1052 313 258 912 1017 632 103
446 190 734 533 675 911 817 1106 561 549
677 591 186 492 541 462 443 386 636 827
666 878 44 524 161 290 750 1079 326 941
163 747 454 724 869 371 631 1047 504 796
338 788 327 47 748 648 122 1066 1004 950
35 382 375 828 331 71 732 193 736 384
95 147 112 14 644 702 640 528 852 187
138 989 908 275 623 733 566 213 1015 987
684 295 402 873 996 625 913 1095 376 34
570 814 352 274 718 75 559 334 514 716
647 53 299 833 404 1100 120 750 326 531
134 908 1015 989 275 623 733 566 652 433
781 1003 414 457 1097 522 106 219 459 82
320 175 238 717 806 243 595 377 467 997
157 145 856 387 1096 110 329 509 207 1099
972 335 656 923 982 650 1043 450 1 429
263 331 671 828 712 375 934 35 808 1034
824 745 601 472 22 181 798 32 230 674
141 387 157 110 509 207 329 856 103 1099
285 478 1007 64 710 4 792 235 855 1036
14 133 112 95 640 702 644 187 528 852
720 774 983 969 528 1055 644 450 1 95
296 97 410 584 119 470 80 1040 823 1046
378 638 697 48 595 560 777 467 1051 377
887 967 9 936 1022 178 618 686 964 30
442 958 211 221 98 903 334 240 69 897
1031 77 0 297 906 928 825 87 820 1082
394 773 15 786 271 529 705 13 270 626
289 156 482 563 425 977 262 370 608 965
370 155 977 965 289 608 563 425 254 170
141 856 1096 145 337 387 110 439 329 509
844 357 941 317 91 39 1079 498 614 488
1027 985 1073 180 242 988 553 396 3 685
8 803 928 847 297 1082 107 474 0 77
524 750 878 326 129 1079 833 404 1100 53
891 757 246 871 537 900 311 786 96 310
130 724 747 869 454 631 1047 371 504 526
534 1086 976 483 1038 69 445 903 965 170
569 664 840 328 890 255 362 124 209 505
353 477 247 945 1032 1010 598 452 1034 456
886 670 42 255 209 124 669 251 959 438
76 777 575 48 423 638 834 150 79 378
1077 30 61 9 887 597 582 151 1068 894
965 737 254 370 302 608 156 862 977 225
286 525 253 896 778 5 933 368 348 27
905 288 1071 304 758 770 360 568 527 600
609 539 835 493 935 1044 257 617 1087 332
717 1081 238 189 175 315 219 140 522 457
238 140 717 320 174 467 1081 595 1051 319
768 838 344 475 754 968 1066 466 250 122
555 885 291 978 808 256 260 934 41 1056
967 964 686 471 267 151 875 1022 409 738
707 264 342 234 649 616 944 465 220 314
985 3 159 332 1035 1073 242 1027 539 836
674 745 824 144 813 485 701 798 472 601
1045 930 49 763 60 94 826 791 690 993
722 1000 358 388 226 365 956 87 825 1011
1089 223 461 811 801 898 259 643 548 942
731 910 545 901 305 703 1016 685 503 1064
591 636 677 308 128 104 607 1107 827 462
1002 640 379 63 14 112 147 702 340 133
1078 876 102 383 843 542 449 673 367 11
1081 315 219 174 457 522 717 1097 781 459
127 533 911 549 446 809 561 734 817 807
832 1028 951 312 86 727 764 633 532 494
573 311 809 318 757 88 911 561 580 549
384 782 683 1109 10 990 907 865 382 448
230 721 22 601 566 472 32 144 275 630
843 741 201 123 383 693 1030 1019 1078 298
1014 706 486 938 769 924 756 1069 444 307
1033 395 659 447 1069 857 610 615 567 444
822 949 34 913 628 639 376 996 873 215
519 926 611 765 398 294 1006 392 501 359
495 1008 224 936 1022 618 267 389 214 396
741 693 123 195 1030 937 619 1019 298 843
426 849 339 729 406 850 1046 480 17 816
619 1020 937 693 532 1030 298 794 1019 695
776 241 489 667 65 651 300 954 468 517
743 1095 625 552 700 402 735 651 684 489
973 881 759 229 55 217 594 393 723 1004
103 509 912 387 110 1052 755 145 883 329
695 943 794 59 1019 864 937 1030 245 203
255 505 664 124 1085 670 167 165 886 363
529 589 998 1080 854 714 15 564 626 109
334 442 718 152 958 274 570 136 75 221
663 726 690 779 762 955 719 60 1038 536
623 6 733 989 987 134 435 275 948 138
761 511 51 679 1050 113 921 115 859 38
632 258 628 639 430 949 376 491 822 1017
248 668 108 419 84 772 68 26 381 441
393 723 206 881 973 760 1072 1054 841 229
696 588 25 621 538 704 1087 966 962 592
457 315 189 1097 522 781 82 1081 139 459
716 342 559 264 179 352 514 490 814 530
903 958 98 69 728 152 240 634 897 442
346 780 333 643 259 556 898 821 801 261
184 1089 461 811 801 80 119 410 296 898
389 1008 604 200 58 495 214 761 412 51
302 939 343 862 737 1058 802 254 170 306
358 825 365 87 722 0 1031 183 928 906
1064 321 906 503 365 87 1031 1016 153 0
596 711 456 1056 1034 41 598 934 808 712
881 206 723 7 356 1072 973 277 217 75
194 22 601 472 721 144 32 824 745 566
436 316 1039 293 1092 411 563 662 984 740
594 678 759 278 753 496 74 497 973 93
947 494 86 424 975 111 951 380 692 832
616 707 465 649 179 672 944 264 682 1103
64 793 285 146 478 116 710 4 1036 1007
270 36 271 557 510 394 805 88 458 192
46 979 418 576 779 719 762 554 663 536
717 175 174 140 1081 320 189 467 1051 319
366 884 613 785 653 790 252 893 82 694
897 98 728 518 958 634 221 784 152 687
489 204 776 651 667 65 954 300 789 517
553 1073 868 1027 159 988 985 355 396 180
997 806 279 889 340 40 1037 320 377 63
405 1098 846 953 564 1044 121 676 714 118
795 864 1061 59 501 946 392 765 294 943
537 891 871 162 96 900 310 757 515 476
1032 353 166 598 477 1034 456 945 711 828
216 108 668 381 419 562 84 772 68 26
20 565 273 543 879 1088 845 568 455 1104
90 968 838 52 818 176 408 1066 754 768
669 37 661 715 959 1005 328 670 1065 167
744 653 785 893 884 29 694 239 24 366
933 286 171 525 1048 27 805 778 630 896
370 862 170 737 965 302 156 343 225 608
209 124 664 363 505 167 165 886 670 1067
260 291 885 1063 177 861 50 555 122 992
493 646 121 539 332 1044 173 609 935 984
430 632 126 491 215 883 1017 313 1052 642
643 898 801 942 346 811 593 548 222 461
256 1063 291 861 50 885 992 122 177 962
797 821 79 556 333 834 423 780 575 222
289 62 482 155 563 425 536 977 156 1039
143 671 331 712 934 828 808 375 456 1034
342 179 707 220 234 616 649 716 944 682
767 403 367 449 1053 673 102 919 542 466
1093 463 479 268 952 637 709 1023 1029 350
875 1022 738 874 936 178 67 967 1018 686
1023 479 637 1093 469 1036 266 952 710 463
101 1057 284 476 96 580 433 1015 537 757
236 271 36 394 805 557 154 630 773 311
270 394 236 154 773 805 36 630 786 15
115 730 1108 51 766 971 819 761 280 1049
879 543 565 249 845 20 1104 455 1088 739
75 718 570 356 334 136 7 211 814 229
566 733 989 987 623 134 721 948 138 213
624 380 18 424 872 975 947 233 111 494
751 1072 7 1054 416 356 723 682 841 229
497 496 571 678 232 753 689 939 306 225
40 889 997 243 1037 340 806 63 1002 377
1108 819 1065 766 680 730 959 971 484 272
620 301 1021 420 428 925 999 374 691 867
324 866 345 792 746 1007 879 855 4 273
83 54 445 915 483 514 490 352 1058 530
101 580 269 549 911 807 1057 533 311 192
146 4 64 1007 478 235 855 792 710 793
171 253 896 525 27 5 933 778 531 805
851 535 118 508 953 323 109 85 654 405
905 172 568 758 600 304 770 1071 1088 842
155 262 482 563 425 156 62 977 1039 370
44 698 666 963 129 787 427 878 158 488
885 256 177 260 555 1063 978 861 50 962
815 831 681 1105 28 336 57 429 650 804
436 411 1092 231 984 316 646 662 1039 3
765 1006 501 1061 359 392 926 245 864 895
873 135 996 684 913 34 402 376 198 628
410 149 119 97 584 80 470 1040 223 823
1082 77 928 820 153 0 107 8 1031 160
413 619 693 858 201 937 203 1030 400 195
647 137 53 615 833 567 481 610 550 882
65 517 468 954 551 1041 667 789 776 692
1021 281 428 620 691 867 420 925 999 397
225 737 862 170 343 939 254 306 965 437
605 453 1053 466 21 403 993 475 768 344
770 655 172 931 72 1071 288 360 527 725
545 1016 731 503 185 910 1064 901 227 321
513 437 571 888 578 737 497 117 302 950
756 610 1069 769 659 615 938 1033 567 1014
104 636 607 186 1107 591 677 991 128 895
1103 354 1091 929 672 853 100 465 940 521
515 871 900 73 891 246 786 980 537 162
192 757 573 162 809 318 284 101 580 911
727 1028 191 764 832 532 951 1020 633 86
883 1052 912 126 430 509 110 207 258 491
981 944 89 81 341 649 920 465 932 523
189 219 457 1081 522 781 1097 459 174 82
1039 231 436 563 293 1092 289 262 155 662
91 357 614 39 498 922 488 158 626 844
88 573 809 561 192 510 817 911 557 1106
1051 474 467 847 595 803 378 150 638 697
140 243 806 175 997 377 340 889 238 279
227 906 1064 1031 87 365 153 0 825 77
440 506 56 641 368 916 778 391 348 525
836 535 121 1035 287 953 846 646 257 1098
792 282 1007 4 855 866 285 146 441 345
401 583 699 974 971 31 986 766 362 783
1100 524 161 878 750 550 833 53 129 137
788 648 47 131 460 1004 748 338 784 55
890 840 715 362 661 569 251 669 165 986
1099 110 387 509 1009 912 145 207 603 1052
1106 502 817 561 734 446 675 127 507 351
143 828 263 375 671 35 712 132 934 598
3 1035 539 646 257 984 836 173 493 180
780 556 821 222 261 346 797 643 79 259
211 718 442 274 570 152 136 75 814 958
923 142 972 450 1 656 774 1055 982 1043
429 650 681 982 804 656 831 1043 972 292
439 1096 431 856 385 157 1011 141 145 956
131 1066 754 122 788 327 344 47 648 748
426 1046 729 202 480 823 850 849 877 1040
997 40 379 63 243 279 1002 889 187 806
523 81 932 981 89 577 93 314 920 944
264 220 179 716 707 559 234 93 616 649
862 802 225 302 939 254 114 737 1058 170
754 768 475 176 1066 466 122 838 605 338
746 866 622 282 16 455 879 381 562 108
222 643 259 780 333 898 801 556 942 811
17 994 970 406 500 849 202 572 426 339
857 368 778 56 525 440 171 916 896 286
961 421 1060 660 755 1102 103 1024 207 387
739 709 1104 952 845 543 637 479 1036 1088
507 1083 458 796 510 557 798 371 70 88
514 814 915 559 490 54 136 530 716 599
247 166 1032 477 598 945 1034 1010 456 452
309 1103 100 929 1091 66 672 853 931 465
868 412 553 812 839 242 546 1073 1008 224
75 7 274 277 229 1072 751 570 416 718
317 39 158 91 614 488 498 844 922 427
722 226 183 365 825 87 1000 0 1031 388
1006 895 294 991 765 501 1061 926 1107 864
841 770 1054 304 66 1072 723 172 751 931
116 863 793 579 713 235 1094 33 635 633
890 986 840 569 328 583 165 699 971 325
1067 124 1013 255 42 438 909 606 749 886
473 554 106 576 414 418 1003 139 46 781
87 226 825 906 1031 358 321 0 153 722
613 239 884 790 785 82 653 252 1097 893
449 767 673 919 265 102 542 1001 876 19
778 56 348 440 525 857 322 171 916 253
960 374 749 925 125 499 397 909 914 691
156 254 965 170 155 608 977 737 289 862
454 796 747 507 130 70 351 163 701 502
657 2 800 877 480 804 429 339 336 681
842 1062 600 918 758 1029 434 902 829 905
925 125 369 620 92 420 281 691 1074 428
828 35 132 331 382 143 263 671 736 71
628 198 822 215 949 996 873 913 295 639
560 806 1037 697 889 243 595 378 320 279
150 697 638 595 560 467 48 377 1051 777
1002 340 187 63 640 997 40 14 702 112
424 276 975 947 624 233 18 111 494 692
562 108 860 248 216 345 746 668 622 866
132 35 375 828 193 384 732 683 71 865
1078 843 188 195 741 876 201 123 102 693
193 683 1109 990 782 865 448 10 732 810
431 1011 439 956 337 1096 388 856 1000 157
443 585 492 1012 541 957 462 128 1075 34
509 110 207 145 912 329 103 141 1052 1099
1000 956 183 1011 722 385 358 431 226 439
604 224 58 1008 787 427 200 812 412 839
948 705 1042 13 987 658 45 630 587 1048
641 1076 506 1059 612 927 516 546 848 322
501 765 795 1061 946 245 294 29 926 864
217 760 723 973 206 837 759 881 594 577
154 271 773 270 15 786 705 805 630 13
197 447 1033 659 444 481 1069 882 550 857
988 618 936 1027 495 1073 1022 242 159 200
691 914 428 606 909 369 374 1013 960 749
611 665 519 1025 199 852 926 702 112 765
417 540 581 736 71 775 999 544 487 407
635 858 1094 413 298 33 201 195 693 843
325 31 699 974 583 971 783 986 766 859
684 625 1095 135 205 295 743 873 996 552
1053 265 767 605 466 303 453 475 367 673
120 833 1079 750 531 53 941 161 27 137
564 244 109 953 998 1098 118 1080 714 846
849 17 202 347 426 339 994 729 850 480
775 471 736 964 540 399 967 71 178 417
52 735 968 818 700 90 250 41 838 552
113 686 679 967 178 761 964 51 214 267
296 119 149 80 97 584 470 223 1040 184
984 293 646 436 1092 332 3 1035 257 231
812 355 839 868 546 553 927 1059 389 224
858 298 400 693 619 201 635 195 937 1030
1003 106 139 473 781 364 1097 457 522 554
830 880 1047 526 504 1090 675 631 734 485
751 682 277 1054 1072 7 841 616 356 723
581 399 999 540 420 736 487 867 775 544
576 46 554 237 979 364 473 106 762 414
772 668 26 84 441 216 1041 68 855 248
620 999 925 92 281 125 581 374 1074 301
349 660 755 961 1060 103 207 1102 387 509
67 23 874 738 1018 558 875 771 617 835
834 575 79 76 168 797 261 777 821 48
380 975 947 233 111 276 494 692 624 86
977 482 289 155 608 262 156 512 965 62
202 339 729 1046 849 850 480 823 406 816
787 488 58 963 698 604 39 614 290 389
691 301 281 397 620 1021 925 374 914 420
650 656 804 336 982 972 681 1043 142 831
126 258 883 491 632 313 1052 1017 215 912
385 439 337 1011 1096 956 856 157 388 141
114 652 802 433 1015 908 1058 43 476 96
652 476 1015 96 1057 432 908 537 114 269
902 829 1029 918 799 1062 688 373 68 11
520 6 740 213 508 662 118 85 623 287
231 293 316 1092 411 1039 984 662 646 563
306 513 888 578 512 737 117 571 608 950
42 499 749 484 960 886 1067 909 680 363
431 337 385 1096 1011 856 157 956 141 388
56 322 368 778 348 916 506 525 641 857
772 855 419 4 668 26 285 216 1041 324
211 152 334 958 718 221 903 98 240 69
492 386 585 541 462 1012 827 957 128 34
882 481 924 447 486 550 395 706 197 196
483 83 1086 283 164 534 54 69 170 976
734 127 675 190 526 830 1106 533 817 880
395 444 197 481 882 550 924 1033 486 659
990 547 865 1109 732 544 810 683 71 540
673 367 919 542 102 767 1001 11 876 265
774 923 1 335 1055 720 969 142 148 983
771 627 1018 922 874 422 67 23 558 614
1010 78 945 642 477 1017 166 491 1060 215
303 21 1053 605 993 826 466 403 763 475
747 371 130 163 796 724 70 507 869 502
879 20 273 249 622 16 746 345 565 725
711 1034 228 598 596 1032 247 712 671 1056
219 522 781 315 1097 139 189 459 82 1081
1083 510 557 351 88 36 507 798 318 236
1026 522 107 820 457 781 1082 315 139 219
784 648 518 327 897 788 240 131 47 338
1089 811 184 801 223 898 259 548 942 643
827 541 492 1101 443 386 128 872 677 585
266 1093 1029 829 479 918 268 952 105 688
574 921 38 859 783 602 1050 894 511 301
672 649 234 944 1103 707 616 314 309 354
475 605 768 303 1053 344 403 176 453 754
1051 595 319 697 378 474 150 560 638 377
65 300 954 1041 517 789 667 26 19 776
1023 33 268 1094 635 793 116 479 235 637
584 1040 97 823 149 1046 296 339 729 410
964 407 178 967 775 686 151 409 736 887
601 32 22 144 745 230 807 824 181 194
106 364 414 554 1003 576 139 418 781 1097
847 319 1051 803 467 160 8 595 638 150
768 466 344 176 605 754 1053 303 838 403
433 1057 96 1015 652 269 908 537 432 101
166 945 353 1010 247 452 1032 78 598 642
710 146 64 1007 1036 285 235 792 637 4
952 1093 637 268 266 709 1036 1023 710 463
877 339 800 426 202 1046 2 729 849 823
882 550 444 924 447 1100 486 395 706 326
425 289 262 155 977 62 156 563 608 536
445 1086 83 164 534 283 976 69 170 965
680 499 819 438 960 749 42 280 1108 369
1090 813 674 880 701 181 415 70 745 830
706 924 196 882 444 1014 481 447 938 395
544 867 547 1021 399 417 448 581 540 999
39 427 614 357 922 317 787 963 58 698
241 651 204 776 667 65 552 743 954 300
530 514 915 599 352 559 54 43 870 716
126 1017 430 258 883 642 632 1052 313 78
443 541 386 462 585 827 128 1012 1101 677
257 935 121 1044 609 173 846 835 539 646
233 86 947 111 975 951 424 692 633 832
200 936 618 1022 1008 396 267 224 988 875
753 689 678 278 74 497 870 232 1058 43
278 571 306 496 513 678 232 888 225 939
91 626 317 854 357 529 15 614 210 1080
484 438 960 749 680 42 819 369 909 1067
970 572 994 347 63 40 1002 279 17 889
765 294 1061 392 245 1006 864 795 926 359
330 1106 675 526 817 734 504 446 796 371
1016 1064 305 227 545 321 731 185 906 365
1047 526 631 830 869 675 415 724 734 880
1085 209 664 255 645 165 670 1005 124 167
641 322 391 440 1076 56 612 516 1059 368
351 796 1083 371 458 70 510 701 454 330
118 85 109 851 287 654 953 564 405 658
912 387 110 207 1052 103 329 145 313 883
88 458 557 318 1083 36 561 351 573 817
214 1050 761 921 859 38 51 679 783 602
608 977 437 425 965 737 156 370 306 170
306 888 437 578 571 950 117 904 497 748
490 352 915 559 530 54 814 599 716 43
310 73 871 980 900 891 246 786 1084 537
848 612 1059 1076 391 629 641 927 654 546
300 551 65 468 692 954 1041 111 776 667
897 784 240 460 648 98 728 958 634 327
611 199 926 398 665 765 294 1006 392 501
740 435 662 6 1092 118 508 213 953 535
1070 853 940 1091 920 708 89 309 929 99
457 459 315 781 219 189 1026 139 1097 1081
341 93 81 932 981 74 577 89 314 753
161 878 326 129 750 1100 666 833 1079 916
778 171 368 286 348 253 896 857 933 56
504 830 675 1047 415 631 734 880 869 446
752 1071 995 99 860 917 304 837 725 172
983 644 95 969 148 1055 133 720 147 1
15 210 589 854 626 773 154 998 1080 498
599 490 43 870 514 915 559 54 352 1058
120 27 404 833 1079 53 286 750 896 253
727 1020 312 203 764 1028 191 619 832 937
549 911 190 580 127 807 809 561 446 284
164 976 1086 69 483 1038 903 445 221 955
287 323 118 953 836 851 121 1098 508 846
719 62 262 779 482 289 425 726 663 212
246 96 891 162 871 476 433 1057 652 900
588 592 1087 218 696 935 617 676 558 966
173 332 609 257 493 3 646 835 1035 1044
736 71 399 775 732 417 865 407 547 544
462 492 827 443 386 1101 128 585 677 1012
673 11 102 449 919 876 105 367 767 688
565 845 273 1104 249 1088 739 879 20 350
487 547 448 867 865 399 540 732 990 417
731 305 185 1016 503 910 901 1064 703 227
839 927 1059 812 1076 612 412 391 516 787
544 448 487 865 990 732 540 1109 71 810
942 57 593 801 898 603 811 28 259 1009
533 911 580 190 807 284 809 127 573 32
481 1100 882 444 447 326 924 395 137 647
692 517 111 300 975 65 468 947 424 494
700 743 735 205 408 1095 41 1056 52 625
242 868 1073 355 159 1027 412 985 988 180
576 364 418 473 46 106 414 237 1003 979
177 978 885 808 291 934 256 712 1056 41
333 821 780 261 797 222 79 346 834 643
36 458 510 236 88 1083 270 318 351 573
617 23 835 1087 1044 609 935 538 422 592
716 514 352 490 220 530 814 915 599 136
377 697 595 378 806 1037 150 467 889 243
817 809 318 1106 88 573 911 510 190 330
381 860 108 248 527 746 622 752 345 16
1039 289 155 262 316 156 482 62 370 425
405 998 109 1080 244 714 589 118 953 508
543 249 845 273 1088 1104 20 879 568 739
275 721 733 989 987 134 194 948 623 138
615 5 610 896 1033 659 307 857 197 1069
1088 288 565 249 845 905 758 20 600 543
840 165 362 986 890 328 583 664 124 363
136 274 718 814 75 334 356 211 352 559
497 306 513 278 888 437 578 950 302 225
500 970 63 40 1002 994 279 187 889 640
809 192 318 88 561 311 911 817 510 549
464 921 38 859 1050 602 783 511 894 214
76 423 834 168 79 777 48 797 261 638
554 418 364 46 473 237 106 979 414 1003
932 81 341 89 523 920 981 1070 393 760
904 117 888 513 992 950 437 306 571 586
713 863 633 361 832 116 86 494 111 692
284 549 911 101 533 807 269 809 190 32
999 417 399 420 620 867 281 1021 92 487
894 602 38 9 887 30 169 151 921 1077
325 699 986 974 401 971 362 31 766 569
97 470 149 1040 296 823 410 1046 119 339
386 1012 443 957 492 1075 541 34 899 462
704 117 25 904 621 578 992 696 962 218
45 629 654 658 1042 848 626 390 1048 854
218 538 1087 696 25 617 935 621 592 835
714 998 210 1080 564 676 529 405 109 854
892 742 816 850 76 729 168 777 575 48
186 677 636 128 308 104 607 462 541 827
676 538 1087 588 714 966 696 558 244 935
942 603 548 57 898 1009 801 259 28 1099
759 232 973 678 55 206 1004 393 881 278
467 697 1051 560 378 377 150 319 638 806
228 1056 711 41 456 1034 818 808 978 934
1068 61 810 1077 169 990 448 30 547 1109
1034 1032 456 247 711 353 228 166 263 596
530 870 43 490 1058 689 514 915 559 54
758 842 905 373 288 1062 568 172 918 1088
22 472 144 745 230 32 824 194 181 807
894 38 921 582 574 1050 464 859 511 214
1009 593 942 1099 548 57 329 898 28 801
389 58 224 787 427 963 1008 839 488 812
303 466 1053 453 475 403 768 21 344 265
909 1013 914 1067 397 749 960 363 691 438
104 1107 308 991 636 895 186 359 591 1006
977 512 965 425 156 370 170 155 737 482
835 1044 173 935 493 617 539 846 257 1087
615 307 659 1069 567 756 1033 769 938 197
519 398 199 665 926 1025 765 852 294 1006
1059 516 1076 927 391 546 848 641 839 506
366 790 239 82 884 1097 785 653 252 219
39 922 317 488 357 91 627 498 427 158
610 567 307 659 5 1033 1069 756 197 896
234 707 682 465 649 179 672 416 264 944
835 558 1087 935 609 1044 23 588 173 538
936 396 1022 495 151 988 887 200 267 9
693 937 203 298 1030 201 1020 413 1019 123
281 420 925 374 999 301 125 92 1021 428
25 218 962 704 696 588 586 538 966 1087
16 746 345 866 455 995 752 860 917 562
733 213 989 987 275 134 6 948 566 138
276 18 380 872 424 1101 947 975 233 827
1095 402 205 684 743 135 552 295 651 700
854 498 1080 1042 529 15 91 587 45 705
922 451 614 771 39 488 317 91 1018 427
376 215 822 949 198 639 632 996 913 873
587 654 848 45 658 516 85 851 1042 854
805 13 705 933 390 1048 253 394 271 154
869 1047 504 724 526 830 415 163 675 130
215 258 430 491 126 1017 639 628 883 642
713 832 579 86 191 951 494 312 863 1028
728 687 98 791 240 221 897 94 903 958
400 1094 33 858 413 469 298 863 361 579
186 308 591 104 677 607 128 1107 991 895
1036 479 952 268 710 709 1093 478 1023 266
150 48 378 777 697 168 595 467 1051 560
949 822 215 198 628 632 258 376 430 34
187 14 112 147 1002 133 702 379 63 852
506 391 1076 322 612 1059 516 927 848 440
1017 78 491 452 1010 258 126 632 430 1060
259 346 898 222 801 942 811 593 548 780
528 95 983 133 147 969 112 148 14 702
1005 1085 505 37 661 670 715 209 664 251
984 257 332 1035 411 836 121 493 539 3
299 137 53 833 1100 550 404 120 481 326
460 327 784 788 518 131 47 338 897 1004
465 944 234 707 672 314 179 616 1103 981
656 429 982 336 972 804 1043 142 681 12
489 241 204 776 743 205 552 1095 700 625
433 432 1015 476 114 96 908 1057 802 43
785 893 884 694 252 744 239 24 29 366
629 851 587 85 658 848 508 45 109 287
72 304 931 725 770 66 20 917 172 100
650 972 429 982 142 336 804 1043 335 12
372 2 800 804 877 429 480 336 650 656
1042 85 587 654 390 629 854 508 45 948
1033 1069 197 610 307 615 769 756 395 567
755 1060 421 349 961 103 207 1102 491 1017
715 37 251 1005 328 645 669 890 1085 840
740 1092 520 984 411 436 293 646 231 435
762 779 690 212 719 726 60 955 979 49
505 165 209 255 1085 124 569 840 328 645
398 1025 611 852 519 702 199 112 133 926
129 44 878 290 524 161 698 941 844 1079
954 789 65 19 468 776 300 1041 204 1001
216 419 84 248 772 26 68 441 108 799
251 959 1065 37 715 328 661 890 167 670
167 886 209 1005 37 251 645 255 669 505
263 712 143 934 331 808 978 456 828 711
465 1103 649 309 944 234 354 1091 616 314
542 449 919 11 367 102 767 1001 265 876
181 813 485 701 745 1090 824 70 144 798
734 526 830 446 504 415 880 1047 127 631
592 714 538 589 244 405 998 966 564 1087
591 128 186 636 308 541 462 492 827 443
232 753 496 74 278 594 497 689 93 759
113 51 761 214 409 1049 115 511 1074 686
484 819 499 280 1108 1065 730 438 960 42
831 336 292 429 650 815 982 804 656 1043
416 751 616 1054 277 1072 7 234 841 707
1109 384 990 193 865 448 732 810 782 547
135 402 625 295 1095 873 996 205 913 376
703 901 910 1027 988 159 396 1073 185 985
409 967 178 964 113 151 471 267 1022 679
791 634 94 728 240 98 897 221 763 826
105 11 829 1029 542 434 673 902 918 919
496 870 753 43 599 74 1058 678 278 530
762 663 60 212 779 49 726 1045 719 955
397 428 914 301 281 374 620 925 369 606
551 111 975 947 517 494 424 233 300 86
619 937 1030 201 298 123 1019 203 741 413
893 24 653 744 29 785 252 946 884 795
208 794 943 1019 937 1030 59 203 123 619
218 25 588 966 621 538 704 1087 592 586
378 560 595 150 377 467 638 806 1051 1037
963 290 787 44 427 58 666 488 927 1076
325 971 583 401 766 31 986 974 730 1108
552 735 743 408 205 52 41 1056 818 596
70 813 674 485 181 1090 798 880 796 745
852 112 14 133 1025 640 95 147 187 644
685 901 910 185 1027 988 159 731 396 1073
25 586 621 696 218 962 117 966 588 904
13 1042 390 630 45 1048 154 626 948 658
486 196 924 1014 882 444 938 769 447 481
179 234 649 264 616 465 944 342 672 314
940 853 521 1091 752 1070 929 995 99 527
350 952 739 479 637 1036 1093 1104 710 266
478 1036 146 637 64 1007 235 285 952 709
456 228 1034 596 598 1056 1032 712 934 671
671 934 263 808 143 978 331 555 456 711
579 633 863 832 86 494 361 191 951 111
589 676 998 564 405 592 210 244 1080 109
661 328 251 37 890 669 840 1005 959 362
220 559 352 514 342 490 814 530 599 870
238 174 175 1081 189 140 315 320 1051 319
334 274 570 211 75 136 442 356 814 152
779 536 663 212 62 726 762 979 955 690
148 774 969 1055 450 983 1 528 923 644
566 194 275 230 733 987 989 134 22 948
358 183 226 1000 365 388 825 87 956 0
217 1072 1054 277 841 881 393 229 751 206
869 163 631 130 1047 504 747 526 454 415
72 917 655 995 931 304 752 20 527 455
955 212 1038 779 663 719 690 976 762 536
312 532 1028 1020 191 764 832 951 203 633
634 98 240 221 687 897 958 903 518 791
850 426 1046 339 202 823 816 849 480 1040
1108 272 766 819 280 115 971 680 699 484
545 185 305 910 1016 901 503 703 685 1064
865 71 540 448 736 1109 547 990 683 399
623 989 987 275 213 948 566 134 138 390
446 675 127 526 830 415 880 190 504 1090
700 408 552 52 41 818 743 1056 968 90
540 71 775 399 732 407 865 417 547 448
302 170 254 965 225 437 862 306 370 608
67 875 874 422 267 1018 23 1022 771 178
350 1104 845 709 543 1088 565 952 273 249
662 520 1092 435 984 6 646 118 411 436
123 195 201 843 1030 1019 693 937 383 794
892 816 590 850 729 426 202 1046 849 339
205 552 1095 700 625 735 651 402 408 1056
29 252 694 893 24 653 946 785 392 795
144 181 824 472 601 674 32 22 798 485
622 345 16 866 455 282 860 562 879 381
454 130 163 371 724 869 796 631 70 502
950 47 788 888 1004 131 327 55 513 578
960 499 438 909 484 606 1013 42 369 1067
161 833 404 1079 53 524 120 941 878 326
416 277 1054 1072 682 7 841 723 356 360
995 527 917 16 860 99 708 725 1071 622
74 496 678 689 93 278 232 870 497 43
1066 344 768 122 176 475 338 838 466 131
103 660 421 207 349 1060 912 509 1052 387
769 307 1069 938 610 1014 659 615 196 1033
311 162 192 891 246 537 900 871 101 269
905 600 842 288 172 373 568 1071 1062 1088
594 973 206 55 232 881 393 1004 678 217
837 99 393 1071 217 577 172 527 521 723
214 51 679 511 113 115 1050 409 1049 272
690 663 212 779 60 49 719 726 979 1045
826 930 993 94 182 21 791 1045 453 687
1028 312 191 727 951 532 832 86 1020 633
294 501 392 1006 926 1061 245 359 199 795
1108 971 280 730 699 819 1065 272 325 986
265 367 449 673 403 919 102 542 1001 876
475 176 344 466 754 838 1066 605 968 1053
756 1069 938 307 1014 659 610 196 1033 615
304 360 655 172 931 841 66 288 1071 72
451 1018 874 67 422 627 23 875 738 267
419 441 668 855 26 216 84 4 1041 248
786 154 15 394 900 529 271 871 891 210
450 720 1055 1 923 969 148 335 983 528
407 736 540 71 399 471 417 732 964 581
204 241 667 65 489 300 954 468 517 789
48 168 76 638 150 575 378 423 697 834
368 525 348 171 56 440 857 286 253 322
719 663 212 762 690 536 726 955 979 62
333 222 556 346 821 643 261 259 797 898
139 457 522 1097 219 1003 315 459 414 82
10 193 907 384 1024 683 1109 1102 382 990
859 31 921 574 1050 464 401 511 38 214
460 518 897 648 240 327 98 728 788 958
884 653 893 252 239 694 366 744 613 29
773 900 154 15 394 871 891 310 529 162
963 58 427 698 604 927 488 389 290 546
47 327 748 131 1004 648 950 338 55 460
954 19 667 65 468 1001 1041 300 26 919
82 613 366 1097 239 219 457 781 315 884
94 687 634 763 826 728 993 930 21 182
1007 324 146 4 285 855 282 478 64 710
116 235 64 361 285 146 863 478 469 4
1019 695 1030 937 208 123 693 619 203 943
245 946 1061 864 392 501 59 24 765 29
507 371 351 454 1083 70 701 747 458 330
261 79 821 834 556 423 333 575 780 76
824 144 181 745 674 1083 458 601 5 701
68 902 84 434 668 419 216 26 1001 919
2 877 480 372 657 339 426 202 1046 849
811 898 942 548 461 259 593 57 643 1089
114 343 432 939 1058 862 225 652 43 302
160 847 8 474 319 928 1082 107 297 1051
429 650 336 656 972 982 681 142 831 657
630 13 253 933 271 705 270 394 286 1048
243 377 889 1037 279 997 560 320 40 340
32 549 580 533 472 911 284 190 601 22
978 934 555 712 177 671 263 885 596 228
573 318 561 911 192 817 88 533 549 190
1068 597 990 448 1109 547 61 683 865 544
801 461 898 1089 942 548 259 184 593 643
839 412 546 355 927 1059 868 612 604 58
701 485 674 70 1090 181 880 745 415 798
136 352 570 514 559 915 716 490 54 274
292 1105 831 28 681 57 336 548 603 593
742 850 892 729 590 426 1046 202 339 849
1106 561 330 318 809 88 127 190 573 510
41 90 52 250 408 1056 968 735 838 700
680 1108 280 484 730 1065 766 499 272 959
1082 1026 77 297 107 153 459 0 928 1031
261 556 797 333 79 780 834 222 423 346
949 198 639 628 34 376 913 215 996 632
1040 1046 470 339 729 426 850 584 480 202
144 745 798 181 601 472 674 22 230 32
0 87 226 1031 928 365 153 906 358 77
993 763 21 94 930 453 791 182 303 687
462 1101 541 492 872 443 128 18 386 677
375 331 35 143 132 263 382 671 712 247
1029 688 918 434 1062 105 463 11 902 373
415 526 675 504 1047 880 734 631 1090 446
681 292 815 336 1105 429 650 982 804 28
191 633 951 86 312 1028 713 727 494 764
53 404 750 120 1079 137 161 531 326 524
423 79 575 797 76 261 168 821 777 556
617 609 173 935 1087 1044 493 558 539 588
323 1035 646 332 535 121 257 3 984 846
99 760 1071 393 527 172 521 217 708 304
968 176 250 768 52 90 754 344 475 1066
546 812 412 927 1059 612 1076 355 58 787
890 362 569 328 165 986 715 664 583 661
360 1054 1072 751 770 723 277 416 217 682
600 373 758 1062 905 918 288 568 434 1029
195 383 741 1078 201 123 188 693 1030 1019
941 158 1079 357 750 666 404 44 129 317
1104 543 1088 565 739 273 249 568 350 20
1044 1098 244 121 953 493 935 609 257 405
474 803 319 160 1051 8 467 107 1082 928
516 629 654 612 587 45 1059 851 391 1076
406 202 426 17 339 729 850 480 347 1046
729 816 426 1046 202 742 339 823 849 892
287 508 654 118 85 109 535 629 564 953
702 1025 112 665 14 133 640 95 147 379
940 1091 521 708 929 1070 309 354 920 1103
626 1080 998 210 498 529 564 658 1042 109
4 441 772 285 792 1007 324 146 419 64
157 1096 141 337 145 439 431 387 110 385
348 368 778 525 56 171 5 896 197 1033
413 400 298 635 693 1094 201 619 195 843
921 783 574 1050 38 464 511 31 602 214
562 381 527 752 108 622 16 1071 746 995
1063 50 992 260 904 122 256 578 117 950
343 254 302 225 737 802 170 939 370 965
361 579 713 116 633 793 1094 635 33 400
59 245 1061 795 943 501 294 946 392 208
732 448 1109 990 71 547 683 540 544 736
345 282 746 622 324 879 455 16 108 273
1021 487 301 544 281 581 999 417 620 547
553 355 242 412 1073 812 839 200 159 1008
724 631 1047 504 163 130 526 830 415 747
599 43 689 530 1058 490 496 753 939 559
891 900 310 246 515 162 537 786 73 773
18 1101 624 827 276 462 380 541 424 492
996 295 913 135 34 376 684 198 628 822
1018 67 738 875 422 267 771 23 1022 451
267 738 874 67 1018 1022 422 178 936 771
102 188 1078 542 449 673 383 367 11 767
800 480 2 339 372 426 202 1046 849 823
129 524 161 666 326 750 44 1079 916 1100
273 455 249 20 565 543 845 866 1104 345
1090 415 485 830 675 813 526 734 1047 504
206 229 973 723 217 759 55 393 1072 594
444 481 924 550 486 447 706 395 1100 196
313 126 1052 430 912 491 258 509 207 103
785 239 653 366 252 893 613 694 744 790
291 177 555 256 260 978 808 1063 818 90
167 42 670 438 124 255 363 209 959 669
9 151 30 618 967 936 169 1022 582 964
513 950 578 306 437 748 904 571 117 992
1037 279 806 243 40 997 377 340 560 63
840 328 362 986 569 715 165 959 669 1065
871 246 162 900 537 310 786 757 515 96
742 590 816 850 729 426 202 1046 76 849
653 694 785 744 252 24 884 29 946 239
602 582 38 921 1050 574 511 464 859 214
991 359 1006 1107 294 607 765 501 926 1061
5 286 171 567 27 525 253 857 778 531
240 518 784 98 728 460 958 634 221 648
801 259 942 548 811 643 593 603 461 57
12 1075 1043 957 1012 982 585 972 650 656
871 891 786 310 162 773 246 515 537 154
910 703 685 185 731 545 305 1027 988 159
434 799 68 829 1062 688 918 1029 84 373
221 69 958 98 152 534 728 634 240 442
992 578 117 888 861 513 950 586 437 306
758 172 288 600 1071 842 568 304 770 373
1031 321 87 153 365 0 227 825 77 1064
10 1024 782 1102 193 961 384 1060 349 683
138 1015 134 433 652 476 432 989 1057 114
606 1013 749 914 1067 960 397 438 499 363
901 185 731 703 545 685 305 1016 503 1027
533 549 809 190 580 573 561 127 192 318
509 1052 207 110 313 387 883 103 329 126
996 34 873 198 295 822 376 628 949 135
397 606 909 691 1013 749 960 369 428 1067
54 514 490 352 530 283 559 814 599 43
56 440 322 368 348 878 524 129 326 778
725 995 72 752 16 527 655 455 622 708
1062 1029 829 373 434 842 902 688 463 600
673 1001 449 367 542 767 11 19 102 265
1070 89 81 521 981 932 314 1091 577 853
1050 38 859 574 602 511 783 464 894 214
614 627 39 488 317 91 451 357 427 498
335 450 1 142 774 1055 972 720 969 656
882 486 444 706 481 447 196 550 395 1014
374 620 420 125 92 281 369 999 1074 428
199 765 519 294 1006 501 392 611 359 1061
1059 1076 546 612 839 391 812 641 516 787
0 297 8 825 77 153 1082 160 1031 87
354 309 853 1091 100 940 1103 66 931 708
182 763 1045 826 94 49 993 791 60 21
66 655 100 304 72 770 929 725 354 360
81 577 341 89 981 523 920 314 1070 93
253 1048 286 171 630 13 525 805 45 778
808 712 671 978 263 555 143 177 228 711
1087 493 835 1044 609 617 173 846 121 1098
1022 618 495 267 151 396 200 887 967 875
1030 619 693 203 1019 794 123 201 298 695
769 756 1014 1069 307 196 659 610 706 1033
1058 225 302 802 343 43 114 862 278 497
708 853 521 1091 929 1070 309 920 99 354
844 1079 158 750 404 120 161 833 129 666
593 548 898 801 603 57 259 811 1009 643
208 59 695 864 245 794 795 1061 1019 946
649 314 465 981 672 707 234 179 89 81
1010 477 452 166 78 353 642 247 1017 1032
795 24 245 392 29 1061 864 501 694 744
233 975 494 111 424 380 86 692 951 551
987 390 733 1042 275 623 658 705 13 566
822 639 198 628 215 376 632 34 913 258
888 748 513 578 47 904 306 788 1004 437
191 86 1028 832 312 494 764 233 633 727
709 479 637 1093 350 1036 268 266 710 739
1098 118 244 405 846 121 535 287 109 508
789 667 65 468 300 19 1041 517 776 26
726 1038 212 976 779 719 663 164 534 536
388 1011 1000 385 431 183 439 722 337 358
1012 1075 585 899 386 12 443 34 1043 492
152 221 98 903 240 442 728 897 69 211
1065 669 280 251 819 890 328 1108 680 886
749 499 369 484 438 909 680 914 606 42
349 1060 1102 421 660 1024 755 103 907 207
621 25 704 218 586 696 588 260 256 1087
787 698 427 58 290 927 488 604 44 1076
471 178 967 686 407 151 409 267 775 887
170 608 370 156 977 737 254 512 155 425
1084 696 218 25 592 538 980 676 588 704
178 964 686 151 471 409 1022 267 887 936
838 52 250 90 176 408 768 818 754 344
1055 983 1 528 720 774 148 644 450 923
994 500 347 572 17 406 40 63 279 889
699 766 325 583 1108 730 401 986 280 272
142 656 650 335 982 429 1043 923 804 12
206 759 881 594 55 393 217 1004 232 229
583 401 325 31 699 986 971 606 914 1013
947 424 111 692 233 494 380 551 86 276
164 1038 534 1086 955 69 726 483 903 965
425 608 155 512 482 156 965 289 370 262
808 555 177 934 885 712 291 671 596 1056
237 46 779 719 762 663 418 536 690 212
1084 73 515 966 310 676 714 592 589 696
314 81 89 341 932 944 920 523 577 649
1043 650 656 429 972 12 336 142 899 804
528 969 644 1055 148 720 95 1 774 133
411 646 293 332 257 1035 3 1092 836 539
180 159 1073 1027 3 242 332 553 1035 988
362 583 840 569 890 325 699 971 766 328
948 733 275 623 989 390 566 213 1042 134
396 1027 1073 159 242 618 685 936 553 495
733 623 134 275 213 987 138 566 948 908
1109 448 865 683 810 547 732 384 1068 544
895 1107 359 607 1006 104 294 308 765 501
904 861 578 117 1063 50 888 586 950 513
21 826 763 453 303 94 791 930 1053 605
970 347 500 17 406 572 849 202 40 279
752 917 527 16 725 622 72 708 860 940
873 913 295 34 198 135 376 822 628 684
243 340 279 40 889 806 63 1037 379 320
564 589 1080 714 109 210 405 854 244 676
581 420 417 620 281 92 925 399 1021 125
388 183 722 956 358 1011 226 365 385 87
19 919 789 449 673 367 767 667 954 542
187 63 379 640 340 40 14 997 572 279
414 139 106 781 473 457 1097 522 364 219
55 47 788 748 327 950 973 759 206 131
37 645 661 251 715 670 1085 669 505 167
294 359 765 501 895 1061 926 991 392 864
792 146 285 478 4 324 64 710 855 235
200 224 495 389 214 604 761 1022 511 679
603 1099 329 593 110 942 548 57 387 145
452 945 477 78 642 166 1017 353 247 1060
385 956 431 388 439 337 1000 1096 183 856
957 585 1075 386 443 899 492 34 12 541
1067 606 909 363 914 749 438 124 397 960
196 938 769 706 756 1069 486 307 659 924
908 433 652 476 138 432 1057 96 134 114
503 305 545 731 1064 185 227 321 910 906
642 491 78 258 126 430 632 452 883 215
874 771 67 875 422 738 451 267 23 1022
794 1030 123 937 695 741 693 201 619 203
532 203 727 619 937 312 693 298 1030 764
301 867 281 620 428 487 999 420 581 925
936 267 618 875 495 151 967 178 200 686
469 268 33 479 637 1093 1094 1036 266 793
1102 907 10 961 1060 782 349 660 421 193
852 665 702 398 112 133 14 611 95 640
459 820 107 1082 522 77 297 153 457 781
159 1073 988 242 396 985 553 685 180 618
764 191 312 951 727 832 86 532 633 494
829 918 1062 434 688 373 463 902 105 842
937 1019 123 693 201 794 619 741 203 195
153 0 906 87 825 77 365 928 321 297
247 598 353 1034 166 456 477 711 228 331
659 197 395 1069 610 615 567 307 447 769
598 456 711 1032 228 247 596 353 671 263
332 836 3 646 323 257 984 539 180 121
710 637 478 952 479 268 709 64 146 235
889 806 279 377 243 560 40 997 697 340
976 955 726 164 534 69 212 1086 903 482
316 563 231 289 436 262 155 156 62 1092
470 823 584 1046 97 339 729 426 850 149
26 468 954 65 419 300 789 667 84 772
658 705 390 587 626 45 948 854 13 85
12 982 899 650 656 972 336 142 429 1075
846 609 935 493 835 121 1098 617 173 257
182 49 60 930 690 763 94 762 791 826
823 339 729 426 1040 850 202 480 470 816
504 631 526 830 869 415 724 675 880 163
933 45 253 13 705 587 630 390 805 1042
1074 92 125 51 679 115 113 761 272 925
921 511 859 38 214 574 602 783 761 894
467 319 595 474 847 378 697 150 638 560
912 883 313 126 509 207 103 430 110 387
403 303 605 453 466 265 21 475 767 993
751 1072 277 841 416 723 682 360 7 217
969 1 774 983 450 720 923 528 148 335
41 596 228 818 711 735 700 408 90 555
476 269 433 96 101 1015 652 537 284 908
939 43 870 599 802 114 225 689 530 432
612 927 1076 546 391 839 516 641 812 848
660 349 961 421 1102 755 103 1024 642 1017
501 245 864 294 795 765 59 392 1006 946
918 373 1029 842 829 434 600 902 758 688
861 260 50 992 256 122 904 291 1066 117
227 321 503 1016 906 365 87 1031 305 153
959 280 669 819 1108 680 766 484 251 890
754 122 344 338 176 768 50 838 475 131
1013 363 909 606 124 749 438 42 914 499
597 810 61 990 1077 448 1109 547 169 683
769 756 307 659 938 610 1033 1014 615 197
521 920 1091 853 89 940 81 708 932 309
172 527 99 837 304 905 760 288 752 770
277 1054 751 723 7 841 416 217 356 682
242 1027 159 553 988 985 180 868 396 355
1049 92 125 925 420 374 51 679 620 999
957 899 1012 12 585 1043 386 982 443 34
391 1059 927 612 641 546 516 506 839 848
169 61 30 597 9 1068 582 887 810 894
188 383 876 843 102 195 741 542 449 367
941 404 750 120 833 844 161 531 53 878
998 564 854 109 589 405 210 626 85 714
189 174 315 717 219 522 457 238 1097 459
297 107 820 77 1026 928 8 153 0 160
458 351 507 510 557 796 88 798 36 318
966 980 73 696 676 592 538 25 218 714
505 645 664 209 1005 255 670 661 37 715
483 164 534 445 976 83 69 170 1038 965
935 588 538 617 835 558 609 1044 218 493
845 568 565 543 1104 249 739 273 20 288
184 461 223 811 801 898 259 548 942 643
485 880 813 415 674 830 701 181 734 675
853 309 521 929 1070 940 1103 354 920 708
662 436 293 411 740 231 984 316 646 520
266 479 952 268 463 637 709 1023 1036 350
635 33 400 469 858 1023 361 116 863 413
625 205 402 743 684 552 135 700 651 735
856 337 157 439 141 431 145 385 387 1011
82 219 781 457 790 139 315 522 1003 189
846 953 244 121 1044 405 935 493 257 118
329 1009 110 603 387 509 145 912 593 141
326 550 524 161 481 53 137 833 878 750
872 827 462 18 541 624 492 276 128 677
1024 961 1060 349 907 660 421 10 755 782
309 354 672 1091 465 100 929 853 649 66
845 739 543 350 565 1088 273 709 249 568
28 815 292 57 831 548 681 593 603 942
817 330 561 502 127 446 318 809 88 190
607 991 104 895 308 359 636 1006 294 186
280 730 766 819 680 971 1065 272 484 699
990 683 865 448 384 732 810 193 547 71
