750 964 452 211 313 660 949 702 976 83
905 175 117 144 134 760 513 547 748 165
113 471 74 451 394 758 928 560 956 139
546 896 716 877 991 153 652 138 93 115
777 622 566 329 574 871 306 96 845 482
954 379 445 672 87 595 442 128 628 377
253 360 119 467 790 562 301 819 998 423
966 593 163 812 517 275 767 474 176 690
780 304 412 38 431 557 607 190 667 783
187 378 341 972 142 512 974 936 768 92
256 568 250 605 792 901 738 550 468 206
534 109 496 212 191 186 354 689 351 613
642 779 598 945 204 979 663 794 661 733
95 508 536 552 470 814 834 346 296 355
316 483 265 460 229 865 408 639 407 100
786 510 433 239 583 326 858 693 850 267
705 294 145 726 388 817 965 116 766 893
504 262 950 635 695 591 783 54 799 835
430 102 143 257 823 339 921 675 617 285
608 951 753 127 876 161 41 216 209 747
279 31 548 923 374 208 369 795 799 100
154 722 418 857 863 373 475 833 375 821
835 373 833 475 635 620 857 123 157 504
825 720 437 651 230 283 665 553 355 814
829 809 335 219 75 545 108 123 789 449
473 254 646 339 675 921 617 822 398 143
167 682 842 399 915 533 213 141 906 907
759 623 837 49 377 849 51 595 91 426
638 590 311 450 323 614 839 815 80 882
801 811 978 261 746 86 587 502 227 636
645 227 363 86 883 811 794 29 587 801
923 20 208 279 795 548 100 374 229 118
173 503 841 402 290 318 827 449 853 110
606 671 792 550 738 206 468 451 250 938
189 922 243 649 417 988 969 657 222 319
874 524 274 717 937 733 305 661 495 663
796 320 436 338 781 875 886 701 523 135
924 776 269 526 973 532 61 429 768 724
607 304 439 8 493 780 412 56 431 834
282 709 616 488 272 892 840 678 419 664
563 277 851 427 589 596 201 899 342 366
538 753 876 216 78 608 668 222 209 19
664 647 263 840 53 698 944 885 136 272
225 986 691 761 77 618 381 782 832 233
47 358 50 264 99 939 674 498 700 576
602 97 252 578 787 559 308 130 676 83
573 967 166 404 659 914 270 420 732 947
264 44 99 939 498 358 700 576 382 50
599 708 234 235 400 362 202 826 137 454
759 51 91 837 27 741 849 721 623 448
674 358 509 867 44 271 464 453 477 47
837 741 49 759 849 448 27 426 91 819
816 60 727 179 537 220 612 380 461 73
136 263 885 647 996 405 698 42 944 901
847 591 695 950 799 255 783 262 369 963
273 396 634 267 858 756 583 975 910 433
834 493 536 439 95 552 13 470 607 346
549 734 361 258 130 174 578 356 930 367
62 521 69 580 817 965 766 364 893 658
948 694 940 158 84 170 476 150 309 539
179 52 816 537 727 612 220 73 344 380
515 269 241 749 662 64 297 37 526 924
69 58 817 521 766 965 658 893 726 580
554 556 295 171 770 160 194 982 551 957
749 489 737 515 61 297 241 129 575 269
288 754 414 466 397 88 670 76 714 860
334 135 387 886 210 882 611 436 614 383
104 565 184 588 558 560 442 758 954 139
111 203 231 594 666 385 401 935 747 944
62 817 766 965 58 726 658 893 521 575
773 864 629 615 372 878 644 632 155 687
597 346 868 552 306 13 508 536 814 834
640 582 815 453 271 450 509 590 796 436
344 612 415 537 242 179 124 60 165 52
113 451 2 671 471 33 606 394 758 928
108 335 789 449 110 829 943 318 24 884
466 303 754 467 65 670 288 414 360 902
782 381 986 761 751 454 43 492 618 400
538 668 41 743 216 876 903 753 222 209
919 822 897 646 963 473 255 25 847 254
528 323 638 527 28 450 984 995 311 815
155 725 366 878 899 713 615 632 201 864
913 862 260 472 891 561 440 772 921 990
702 559 252 660 97 45 602 308 211 787
948 956 59 940 928 158 694 170 150 394
132 808 240 487 900 128 551 672 160 770
227 811 29 587 30 978 801 631 645 261
445 628 5 379 595 954 736 377 672 442
414 860 65 416 288 754 893 466 397 76
870 603 101 118 648 479 100 925 795 112
576 985 939 736 628 264 498 47 382 44
721 49 813 759 51 27 741 837 448 347
936 895 752 486 824 512 514 207 972 769
652 715 153 716 600 896 572 3 934 546
413 330 798 103 894 684 266 791 105 762
13 470 536 508 834 552 296 814 56 346
531 329 249 871 482 777 579 803 4 574
45 308 252 578 602 559 787 570 83 130
685 333 909 843 194 228 770 844 171 551
700 264 498 47 382 859 939 44 289 621
795 925 118 229 112 208 265 941 603 316
870 648 89 479 955 603 118 506 421 100
257 18 823 430 285 143 178 339 921 675
330 684 791 94 413 762 798 317 894 927
67 588 565 560 184 758 558 139 471 774
266 438 894 410 798 321 413 114 94 281
997 365 916 168 245 540 553 763 976 912
917 983 854 185 706 435 226 942 692 507
75 789 449 110 943 335 318 516 884 829
212 11 191 534 689 496 186 613 354 408
789 449 108 516 943 75 318 122 884 335
68 231 594 401 666 203 352 935 747 385
941 925 100 118 541 229 795 265 603 784
74 2 451 471 671 394 758 928 560 33
281 321 739 555 931 443 410 280 251 331
138 457 247 991 327 877 546 769 3 824
182 388 655 145 302 869 294 140 205 16
175 547 1 740 905 866 144 134 178 760
100 925 603 795 112 941 208 229 89 541
819 562 253 790 6 998 301 448 360 423
368 904 125 502 746 657 978 417 29 587
444 315 246 861 610 625 322 989 349 930
516 934 110 572 789 449 108 943 318 600
545 475 219 373 857 22 809 835 833 722
165 242 144 415 134 760 513 748 344 905
904 657 120 417 368 922 969 34 911 502
345 719 183 497 712 140 888 525 302 533
161 951 747 19 594 608 401 111 352 68
487 672 808 379 595 5 85 377 445 954
737 957 489 982 64 914 295 554 505 749
361 578 549 45 602 97 57 787 676 252
384 383 210 902 135 670 66 387 886 611
240 85 900 808 487 551 160 770 128 171
395 984 995 527 681 485 775 528 481 478
513 144 165 905 197 760 124 1 195 748
210 66 387 886 334 383 611 436 131 223
405 53 530 263 885 647 996 42 292 698
446 202 653 362 234 848 708 826 873 48
115 991 457 877 247 546 327 3 769 896
774 394 758 928 560 669 471 956 588 149
302 719 497 183 182 126 525 888 116 345
268 915 842 744 167 911 26 969 682 243
974 341 768 187 9 973 378 776 37 924
430 339 675 921 18 617 254 398 561 102
760 165 134 905 748 124 513 1 723 242
294 388 116 655 16 182 869 705 302 140
784 456 259 831 541 729 232 960 425 409
968 529 464 426 867 849 477 674 509 994
935 462 666 807 231 929 401 111 352 68
898 669 244 774 643 139 586 758 394 424
158 856 278 59 694 948 476 276 940 84
631 707 352 587 401 811 978 746 86 231
411 929 336 807 890 462 192 148 927 317
652 716 93 896 3 715 546 600 877 572
418 21 863 722 683 857 375 480 218 690
366 81 878 899 632 615 725 201 864 713
830 567 662 337 241 237 724 889 532 515
620 970 806 624 833 654 519 325 838 373
150 59 694 948 476 940 856 84 309 170
918 364 703 585 580 947 455 420 521 998
551 171 270 770 900 556 240 194 166 63
747 127 951 594 401 111 19 352 68 231
198 855 287 409 584 960 831 627 456 729
517 966 767 7 176 593 812 632 275 366
771 522 511 673 196 390 492 435 751 854
144 124 134 760 513 242 748 905 415 197
270 404 46 967 573 732 659 160 914 420
842 26 915 682 141 399 268 533 213 906
763 245 997 976 106 916 912 365 540 949
650 826 952 362 653 920 234 202 708 873
940 539 59 694 581 948 476 158 84 309
551 770 160 556 194 900 270 909 63 240
569 407 980 408 613 865 564 460 639 689
841 32 503 318 402 449 290 108 110 75
356 258 518 734 962 630 802 57 908 218
117 1 905 547 740 144 134 760 513 748
767 632 517 366 878 899 615 163 155 201
680 299 692 238 706 946 185 854 226 435
866 285 823 740 257 547 102 117 18 175
537 60 612 52 816 73 727 344 415 220
199 349 989 710 625 461 861 380 315 322
501 730 959 367 930 690 218 474 908 610
116 302 140 388 655 145 869 719 497 183
719 888 126 140 345 497 237 302 712 182
558 565 67 442 104 954 5 588 445 379
226 917 706 692 107 854 507 983 680 309
354 496 351 534 728 11 592 109 284 212
341 9 378 142 974 972 768 512 973 936
797 328 469 788 391 406 447 735 223 376
649 34 222 922 243 417 988 216 969 657
783 431 695 557 412 667 780 950 54 688
212 689 109 613 11 408 407 534 639 172
890 927 336 317 411 762 152 791 684 929
764 850 342 696 326 596 535 427 239 520
770 909 171 685 551 556 160 900 98 240
298 197 248 513 307 134 348 165 905 144
511 435 771 164 854 917 706 522 107 692
513 195 134 298 165 248 144 905 124 1
162 409 855 960 287 831 584 456 729 146
180 710 349 989 543 625 461 861 520 380
697 481 221 485 873 984 133 395 527 653
589 899 366 851 155 632 81 878 563 176
137 362 653 234 446 826 708 873 169 848
385 68 944 111 698 231 594 666 263 885
663 598 642 661 733 12 779 717 524 945
987 869 718 655 465 388 926 116 757 981
550 953 606 792 33 844 250 568 738 671
745 486 704 936 895 92 824 512 324 972
795 923 100 31 118 229 925 265 603 112
938 876 468 738 753 41 538 608 792 78
135 383 131 66 387 886 384 611 334 436
750 660 0 702 83 964 559 452 252 308
191 109 11 689 534 613 496 408 407 639
533 907 399 712 484 682 906 345 889 126
677 993 992 942 343 983 755 107 961 917
403 359 731 571 633 276 836 278 879 856
222 41 753 538 649 78 608 876 189 668
564 601 980 641 569 884 172 943 407 789
690 908 683 959 474 630 863 730 181 418
809 545 123 24 475 829 335 373 857 22
380 727 461 816 52 625 989 322 349 60
873 697 200 653 481 362 202 826 137 485
649 216 189 34 41 538 753 78 922 608
611 406 387 469 135 328 66 210 188 334
286 232 846 259 251 456 729 146 425 784
691 43 986 233 428 971 761 77 711 618
507 185 309 917 706 107 692 476 854 983
86 30 811 645 29 587 801 978 363 631
843 844 333 953 98 206 685 550 909 606
265 100 925 795 316 112 208 118 941 14
665 437 355 825 814 23 508 720 13 346
401 666 111 594 352 935 68 707 148 747
224 259 286 456 729 146 425 846 831 784
778 428 971 691 340 711 619 225 300 981
708 362 202 48 826 137 653 599 169 446
400 599 454 48 782 708 77 234 381 751
912 579 763 249 168 531 96 245 997 976
337 888 567 183 156 719 126 345 140 907
946 299 319 177 988 680 243 692 922 969
510 326 15 850 342 786 596 193 427 433
900 132 85 551 160 770 808 171 270 194
515 662 61 297 749 830 575 269 64 156
415 124 344 165 73 144 134 760 513 748
922 988 969 34 417 319 911 189 946 657
898 643 586 149 424 669 800 774 933 139
916 976 997 168 540 949 106 763 365 912
610 444 930 121 367 315 501 861 181 625
327 457 769 115 138 824 895 991 92 486
307 298 348 195 609 197 910 513 756 134
579 531 96 236 912 329 763 871 482 777
568 792 738 550 606 10 468 206 33 938
846 555 281 286 739 931 114 443 224 280
559 45 97 602 83 787 578 308 702 676
6 119 790 562 819 301 360 998 423 467
339 25 675 921 617 473 143 398 646 561
963 847 54 897 591 695 799 919 783 950
605 10 901 568 996 250 885 792 738 550
102 823 285 18 178 430 866 143 740 339
174 734 356 57 518 549 962 630 908 361
456 232 729 146 224 831 425 784 286 960
913 891 82 440 862 772 990 472 353 561
636 801 324 29 704 811 978 746 86 745
950 17 504 695 591 54 783 799 190 369
647 885 53 698 996 42 944 136 385 664
47 498 99 939 44 382 700 576 289 358
229 316 14 100 925 795 112 483 208 941
894 105 798 438 413 410 94 321 330 114
858 396 583 975 55 433 626 786 693 273
141 744 915 911 842 969 167 243 988 417
37 61 526 924 776 429 515 241 749 532
166 160 46 404 573 551 967 171 900 732
453 509 674 477 582 867 50 523 464 358
840 616 709 664 39 42 282 647 263 488
634 55 756 396 910 267 609 858 583 348
874 937 35 305 495 524 332 717 644 853
812 474 593 690 7 683 959 218 730 863
571 278 856 359 150 215 403 158 731 59
40 427 563 596 851 342 589 850 326 193
856 276 571 150 359 158 215 59 694 948
20 548 374 31 369 923 799 208 591 795
931 656 281 114 828 555 321 251 739 639
114 931 555 739 321 280 251 443 656 410
39 488 892 709 678 616 419 272 284 840
651 553 720 365 23 106 825 997 168 763
592 419 678 728 892 351 488 354 282 186
823 178 257 866 102 740 18 547 430 117
224 846 232 251 259 555 456 729 146 281
584 855 162 627 198 312 409 693 960 583
65 754 397 670 414 466 714 902 88 76
977 382 498 933 99 264 939 800 700 576
827 402 853 503 32 644 332 372 495 629
441 370 637 376 920 447 952 434 491 391
810 530 958 405 514 136 53 752 263 885
350 325 688 624 667 654 970 838 557 157
145 16 388 705 116 655 182 726 869 302
505 554 429 63 526 737 129 489 957 64
398 470 617 95 675 536 13 834 508 552
575 515 241 749 658 662 61 64 830 766
248 195 307 197 348 513 609 134 910 165
238 177 946 680 319 692 988 706 243 185
981 340 926 778 459 718 233 735 971 428
790 423 819 253 994 119 6 562 701 448
140 182 116 719 497 183 525 388 126 888
76 467 466 360 754 6 65 670 414 288
8 38 780 607 412 439 431 557 493 190
495 937 332 274 644 853 687 874 827 793
566 868 597 622 71 4 346 777 552 329
248 348 298 609 195 910 197 756 513 634
97 570 872 45 252 559 578 602 805 83
507 476 226 694 940 158 185 59 170 150
458 681 879 395 836 133 633 984 995 485
839 28 638 590 699 323 614 450 80 882
693 627 583 975 584 433 626 786 858 287
949 452 976 964 245 0 168 916 763 540
845 422 742 574 499 871 482 777 803 4
121 861 444 625 322 989 246 349 880 461
14 265 483 229 460 100 925 795 112 865
927 762 192 791 890 684 336 103 411 330
449 841 108 110 173 75 516 789 335 32
988 946 238 243 922 299 969 34 911 189
338 781 36 875 701 796 436 994 523 477
114 410 281 739 931 443 555 438 280 331
625 861 880 989 461 315 676 380 349 121
638 80 28 528 450 311 590 815 839 527
704 636 745 261 801 207 29 486 978 811
624 293 654 970 838 350 157 806 577 620
850 239 342 510 596 193 15 427 786 764
247 769 457 824 115 895 138 92 486 752
469 188 391 797 406 447 788 376 223 434
871 96 482 777 574 531 803 4 249 845
103 94 684 413 791 798 894 762 266 317
544 443 793 739 687 114 555 321 281 644
495 644 687 853 305 372 827 793 937 544
843 98 228 685 844 909 953 194 770 206
66 882 387 135 886 614 611 210 436 590
829 75 108 24 789 449 110 943 318 809
890 411 192 152 927 929 317 807 762 462
237 567 156 888 830 183 484 889 907 662
875 320 781 701 36 523 994 477 796 423
921 254 675 143 617 25 430 561 398 473
778 300 981 233 971 428 926 619 711 459
187 142 9 974 378 768 973 972 512 776
850 596 326 193 427 239 764 510 15 277
992 755 961 677 214 848 993 446 942 137
415 73 242 612 124 537 165 179 144 134
712 126 719 183 497 533 906 888 140 213
71 552 597 13 508 536 814 95 834 868
732 813 404 721 967 166 659 91 420 270
307 609 248 910 298 756 195 634 197 273
180 989 199 625 861 461 315 322 380 710
688 293 667 325 557 431 624 412 190 504
354 728 186 592 496 284 534 419 11 678
401 707 231 594 666 151 111 935 747 631
421 990 506 772 494 955 887 440 479 881
186 351 496 728 534 592 11 284 419 109
665 814 508 230 13 437 552 346 95 536
174 518 962 258 630 802 734 908 480 218
906 392 765 533 712 399 818 345 682 213
50 44 674 47 509 867 271 264 464 453
571 215 276 403 278 731 856 633 836 150
6 467 253 303 119 790 562 76 301 998
549 130 57 578 734 45 602 97 787 308
202 826 653 234 137 169 708 873 446 650
883 645 30 794 979 227 945 86 779 811
159 580 703 918 947 521 585 420 58 455
106 553 997 168 916 283 540 245 763 651
899 155 632 878 81 201 615 176 725 864
501 930 181 610 730 246 959 444 121 690
120 502 904 746 125 978 29 587 801 811
799 374 591 548 54 950 847 262 279 255
920 434 376 952 291 371 447 650 441 391
604 434 370 393 376 920 447 952 391 650
629 644 687 853 773 332 793 827 495 544
833 475 857 22 620 123 835 722 157 545
548 369 279 799 591 20 54 950 847 262
821 480 519 802 806 962 654 970 838 157
447 370 434 391 291 920 371 441 952 328
595 623 27 379 445 672 87 759 5 128
9 972 187 512 341 936 142 92 486 752
445 5 672 595 954 377 87 128 442 623
461 220 625 989 727 322 349 816 861 880
751 77 761 986 492 782 618 390 454 832
289 498 977 99 264 939 700 47 576 933
131 210 384 135 902 66 387 886 611 436
131 902 383 670 210 288 754 466 397 135
944 203 698 68 263 885 647 996 111 42
577 500 838 499 654 742 806 624 519 970
611 66 135 334 223 210 882 886 406 383
655 145 116 294 869 182 302 16 205 140
432 714 785 397 757 288 65 670 414 465
492 673 751 522 381 77 164 761 782 618
447 328 376 469 188 797 434 370 406 291
765 357 818 906 686 832 712 399 533 345
604 699 371 839 434 311 370 376 920 28
928 139 758 471 956 774 560 2 669 84
681 133 984 995 310 485 527 775 481 458
267 55 858 273 634 583 975 433 626 786
714 288 65 389 670 754 414 902 432 88
617 296 675 470 254 95 339 143 25 536
533 682 906 213 26 712 357 907 167 345
454 235 782 599 77 48 381 751 986 708
352 231 594 111 666 707 68 935 747 151
503 290 32 827 173 853 841 644 332 372
215 731 633 359 836 571 879 276 458 278
967 732 166 46 659 347 270 420 573 947
530 136 292 53 810 263 885 647 996 958
223 469 611 328 188 387 391 797 447 135
408 172 613 865 569 639 460 980 689 828
407 613 865 639 172 460 828 689 569 483
960 198 831 162 456 729 855 146 425 784
438 321 105 114 281 739 266 931 443 280
336 152 890 929 192 807 927 462 317 762
780 431 557 8 667 190 304 688 783 350
94 798 894 330 266 103 105 684 438 791
88 65 288 754 860 466 397 416 670 76
344 242 73 124 612 165 144 134 760 537
860 893 88 965 414 817 69 726 65 62
922 657 969 243 34 911 189 988 125 649
154 863 21 683 722 218 690 908 474 630
284 678 592 892 488 728 282 351 39 354
659 947 967 703 46 404 573 159 364 732
353 494 506 990 887 955 772 881 479 440
314 742 845 499 574 500 871 386 482 777
994 301 790 701 253 819 781 119 6 360
586 800 933 643 244 977 898 289 149 382
729 713 456 259 831 725 232 960 146 81
529 849 837 147 51 759 741 27 448 968
596 277 342 850 40 326 193 239 563 510
233 711 778 691 971 340 542 225 300 619
505 526 295 776 269 37 973 61 64 489
18 143 102 339 921 675 617 257 254 398
557 412 190 667 780 783 688 8 695 350
389 785 714 757 397 465 288 718 459 987
786 583 858 693 15 975 267 312 510 627
371 370 376 920 604 447 952 291 391 650
854 196 917 706 107 511 692 185 983 771
796 886 36 135 66 210 334 320 383 882
825 230 23 665 355 720 814 651 508 283
105 410 266 321 894 114 798 281 739 931
607 493 38 56 304 834 8 536 552 95
891 772 260 990 913 353 82 421 506 862
637 291 491 370 376 920 932 447 952 391
954 558 5 184 445 379 87 672 565 628
739 331 114 555 544 321 281 251 793 410
121 246 610 315 930 861 367 625 322 989
379 87 5 595 954 672 377 628 442 128
137 848 202 653 961 234 362 708 873 755
376 391 370 434 328 291 371 920 441 188
741 819 51 790 119 837 49 562 849 301
108 110 318 75 789 516 841 335 943 122
815 638 590 28 323 614 311 640 80 882
74 671 113 2 33 606 471 550 792 206
964 313 0 949 750 976 245 211 168 763
582 271 509 674 477 72 50 867 523 358
400 782 235 77 381 599 986 751 492 43
585 998 918 562 159 119 703 253 6 947
729 259 831 146 425 232 960 784 713 409
115 247 138 327 769 991 877 824 546 895
310 879 836 681 633 395 731 133 403 995
926 735 465 981 718 300 757 788 987 340
483 865 14 408 639 407 316 172 828 613
380 625 989 322 220 349 861 880 180 727
807 148 929 935 152 666 411 231 401 111
525 679 542 497 140 711 302 719 126 182
867 968 674 509 477 147 50 523 271 358
757 459 926 718 735 785 987 981 432 205
76 754 65 303 670 288 414 902 467 88
360 303 6 76 253 466 119 562 790 754
938 738 792 209 606 250 33 568 550 876
328 188 406 797 391 223 788 447 611 376
95 296 536 13 398 834 508 552 617 814
2 394 758 928 113 560 139 956 74 774
561 862 82 921 913 339 143 254 260 430
646 25 822 254 339 675 79 921 617 398
690 275 683 218 959 812 730 863 908 593
373 123 857 22 833 545 835 722 620 219
309 694 940 158 507 59 170 150 226 948
509 523 867 271 674 464 453 875 50 582
852 775 621 995 859 133 527 395 681 528
955 648 101 506 870 421 353 494 990 887
375 802 821 962 519 518 356 806 630 154
485 200 984 697 133 527 221 395 528 681
871 803 329 574 490 96 777 845 531 820
14 460 316 865 265 408 639 407 172 828
907 889 724 213 532 533 337 567 237 399
481 984 133 200 527 395 528 995 697 681
936 895 92 207 824 512 752 745 972 769
808 128 85 672 132 379 595 5 240 377
892 282 678 39 419 709 284 616 592 272
737 64 129 749 957 515 297 61 505 429
803 820 482 805 871 872 329 574 96 570
932 637 619 441 291 971 778 233 788 340
390 751 381 673 77 761 782 618 522 454
439 56 607 834 38 536 95 552 304 13
421 887 506 353 881 990 955 804 479 772
305 332 644 937 853 687 827 793 372 274
186 534 354 11 351 109 728 212 592 191
719 140 525 126 302 183 345 463 182 888
264 382 99 939 47 289 700 576 44 977
500 742 386 422 577 314 838 845 654 806
499 386 577 742 838 422 654 314 806 624
181 367 730 930 959 610 246 690 218 474
746 368 978 120 29 587 811 801 904 631
402 32 173 290 841 827 853 318 644 332
17 635 262 835 950 22 695 591 350 293
429 295 526 554 776 269 489 64 737 37
421 353 494 955 990 887 479 772 881 648
226 309 476 185 917 706 694 107 692 940
13 814 552 95 536 355 470 346 834 665
674 271 867 477 50 453 464 523 358 582
239 15 326 786 433 850 342 596 583 427
196 771 164 435 522 854 673 917 706 107
972 936 92 378 486 752 895 9 207 514
134 197 165 195 144 905 124 760 1 298
958 752 810 92 292 936 895 530 824 512
241 749 297 61 662 64 575 269 830 489
122 110 789 449 108 943 934 318 75 884
767 163 176 966 7 632 366 878 593 899
356 962 630 174 802 908 258 480 218 683
806 821 654 970 375 838 157 620 624 577
543 535 696 710 764 199 193 180 850 342
58 580 62 364 69 159 703 817 965 947
164 673 771 390 511 492 196 751 381 435
477 875 509 867 338 271 464 674 453 320
717 35 874 733 274 661 663 937 204 305
463 497 140 679 719 126 302 345 542 182
429 776 269 37 505 973 61 924 295 749
528 984 995 133 485 80 775 395 481 323
80 527 323 984 995 133 485 775 638 481
426 147 849 968 837 51 759 741 464 27
405 292 136 810 958 53 514 263 885 647
96 249 579 329 236 871 482 777 803 4
924 724 37 889 776 269 973 830 61 484
213 399 906 712 682 345 907 357 126 484
11 496 109 186 354 212 351 191 728 689
520 696 543 764 193 710 850 342 199 596
834 95 13 552 470 508 56 346 296 814
179 612 60 73 52 344 816 415 727 242
78 41 668 216 876 753 743 222 209 608
581 170 903 940 743 59 694 948 476 84
916 723 245 997 976 106 168 748 365 949
941 784 112 146 925 118 100 229 456 259
679 711 463 428 525 233 778 691 340 225
520 710 535 696 199 764 180 193 349 989
793 331 687 443 644 372 332 739 495 629
219 123 809 475 24 373 857 22 835 722
3 877 991 896 716 138 153 115 652 457
117 740 175 866 1 178 905 285 144 134
279 374 20 369 799 31 591 923 54 950
361 57 130 734 578 258 45 174 97 602
206 606 792 250 33 953 738 568 468 671
160 171 770 900 194 240 556 270 909 132
13 346 536 508 95 834 71 814 470 56
365 283 106 651 997 720 168 916 763 540
63 295 556 505 957 982 129 429 171 737
281 251 739 114 931 443 846 321 280 331
171 63 770 160 551 194 554 909 270 900
667 431 412 688 780 190 350 783 8 695
184 442 565 954 67 5 104 445 379 87
252 83 702 45 97 602 308 787 660 578
758 588 139 394 471 104 774 928 67 669
472 921 862 339 254 143 82 25 430 675
119 998 253 819 790 455 6 301 448 585
851 40 589 277 201 899 427 366 596 632
217 980 601 569 641 172 884 407 943 408
67 184 104 558 588 442 560 954 5 758
306 622 868 4 597 777 71 329 574 871
337 156 237 830 662 888 889 724 484 241
250 10 792 738 256 550 606 468 206 938
980 172 564 407 217 408 613 865 601 460
872 308 805 820 97 45 252 559 490 83
276 359 278 215 856 403 150 731 158 633
934 600 122 715 516 93 110 789 449 652
46 914 967 166 659 982 270 404 420 957
871 845 482 777 329 314 803 4 96 422
297 658 515 766 241 749 662 64 61 69
90 939 985 264 498 47 736 382 44 99
838 386 654 500 806 624 970 519 499 325
130 45 602 97 787 252 361 676 308 559
249 236 531 912 96 763 168 329 871 245
364 521 159 703 58 947 918 62 420 585
903 539 743 170 668 940 78 59 694 948
453 72 271 509 640 674 477 50 523 867
433 858 693 975 786 267 312 626 15 627
287 627 855 312 162 693 198 583 975 433
918 455 159 998 703 364 947 562 420 580
424 643 800 244 933 898 149 977 289 669
811 978 631 746 29 86 151 502 227 801
560 104 758 67 565 139 471 394 774 669
201 851 899 563 366 40 155 632 81 878
28 614 450 311 638 882 815 839 323 334
54 799 950 847 695 369 262 255 783 17
284 728 419 351 678 354 892 186 488 496
812 7 275 966 474 163 690 517 683 959
401 111 231 747 352 68 666 161 707 203
377 379 445 672 623 5 87 128 954 27
427 342 850 326 193 277 239 510 764 40
868 71 306 346 566 552 622 508 13 814
642 204 663 12 661 779 733 945 717 979
48 235 708 400 234 454 362 782 202 826
572 715 934 93 122 652 516 153 110 789
641 217 564 884 980 943 569 789 172 108
45 787 252 578 97 676 559 130 880 308
118 89 870 100 925 795 112 101 941 208
371 393 434 699 370 376 920 447 952 839
256 901 10 996 885 568 53 263 698 136
792 33 550 738 206 250 468 671 938 568
38 439 493 304 8 56 780 834 412 536
753 19 876 41 216 951 209 538 222 127
348 910 307 756 248 634 298 273 195 55
246 930 444 367 121 501 181 315 730 861
223 387 406 135 66 334 210 469 383 882
537 73 179 344 415 60 242 52 816 124
408 407 639 689 865 172 828 191 569 460
882 590 28 450 334 311 638 815 839 66
864 878 632 155 366 81 70 176 899 725
709 272 840 39 282 664 42 488 647 892
398 675 296 254 339 143 25 470 921 430
832 761 686 381 986 751 77 43 818 492
971 932 233 491 778 340 691 428 300 225
157 833 970 373 857 806 22 624 654 519
852 859 478 700 775 99 995 264 498 47
566 4 306 777 868 329 574 871 597 96
27 377 759 595 837 49 379 445 849 672
325 654 970 157 838 806 620 293 577 519
989 322 861 461 349 315 880 380 121 180
804 975 881 858 693 583 267 887 312 433
312 584 693 287 855 583 975 433 626 786
87 736 445 985 5 595 379 954 90 377
773 372 70 644 687 853 793 827 332 544
908 518 218 356 962 683 174 959 690 802
151 587 707 811 978 746 86 352 29 502
366 878 176 899 155 615 201 767 864 81
836 731 879 403 458 215 310 359 681 571
273 756 55 910 396 609 267 348 858 307
835 504 22 17 373 475 833 262 620 123
261 324 704 801 745 29 978 811 207 746
441 491 291 932 370 376 619 920 447 952
28 323 450 311 590 80 815 839 614 528
828 408 865 613 407 460 656 689 172 483
72 815 450 582 590 638 453 28 614 323
601 884 217 943 564 789 980 108 110 75
598 12 204 779 663 945 661 979 733 794
244 586 898 424 149 800 933 669 977 774
332 372 687 853 495 793 827 629 305 544
30 363 883 227 86 794 979 811 29 587
473 822 25 79 254 919 339 675 921 617
263 42 53 698 664 885 944 136 996 385
479 101 955 870 89 506 421 353 494 603
189 222 34 216 922 243 988 417 319 969
169 952 920 826 370 362 434 291 653 234
720 283 553 23 825 365 437 106 230 997
153 93 716 715 896 600 3 572 546 934
362 202 873 826 137 221 234 169 446 708
806 970 838 624 519 157 577 325 821 620
388 869 116 145 182 205 294 302 987 140
280 828 931 639 281 114 408 555 865 613
417 125 922 969 904 34 243 911 189 120
766 575 297 69 726 817 62 515 241 749
420 967 404 46 947 573 166 732 703 914
702 211 83 559 750 252 0 97 308 45
733 663 204 717 598 524 642 35 12 874
241 830 515 61 156 297 575 749 269 567
204 661 733 598 642 717 12 524 779 35
42 840 647 272 263 53 698 616 944 136
355 230 814 437 508 825 13 23 552 346
231 935 401 111 148 352 68 594 707 203
688 557 431 350 412 190 293 780 783 8
78 743 538 903 41 581 216 876 222 753
774 149 139 898 244 394 758 928 560 643
902 288 754 65 466 397 384 76 714 414
451 33 74 606 113 550 792 206 738 468
379 128 595 5 445 487 377 954 87 808
390 522 492 164 751 771 381 77 761 511
509 50 867 271 358 477 464 453 523 44
617 339 254 398 143 921 25 296 430 473
787 880 602 322 45 578 252 97 625 559
214 992 993 343 942 755 961 983 107 848
892 419 488 284 592 282 39 728 709 351
542 463 711 525 428 497 233 205 778 987
177 692 706 299 185 854 238 917 226 435
395 310 133 458 984 995 485 775 879 527
399 26 167 533 213 906 842 907 357 712
863 218 690 908 474 418 959 630 154 275
103 791 330 762 94 317 413 927 798 192
909 98 194 333 770 843 171 551 556 228
818 832 618 765 761 392 986 381 751 43
793 644 372 332 544 853 495 629 331 305
667 350 557 293 431 412 190 325 783 780
191 613 212 408 407 639 172 828 109 865
218 474 683 959 908 730 863 275 630 181
225 233 43 428 971 778 711 619 986 340
706 680 854 185 177 917 226 435 107 507
312 583 975 433 627 858 626 786 267 804
59 476 940 158 948 170 309 150 84 507
783 54 950 847 591 190 262 255 799 431
535 764 520 193 543 850 342 710 596 326
200 221 873 481 485 653 984 362 202 826
944 263 885 647 385 996 53 42 203 901
839 393 311 604 28 590 638 371 614 323
859 99 621 264 498 47 382 852 44 289
781 994 338 423 320 875 301 36 523 790
83 660 559 211 252 97 45 308 750 602
947 159 364 918 420 580 585 659 455 967
324 745 636 207 261 801 486 29 936 895
16 726 294 817 766 965 145 69 658 893
692 854 185 917 680 226 435 107 177 507
151 352 631 401 231 594 587 666 111 935
234 48 599 362 202 826 137 235 169 653
616 39 272 282 840 488 664 892 42 678
199 543 180 520 535 349 696 989 461 625
428 542 233 778 679 691 340 971 225 300
345 533 126 906 213 399 719 357 183 497
425 725 729 81 456 155 259 831 232 960
389 397 432 288 65 785 670 754 414 902
600 93 652 572 153 934 716 122 896 516
896 153 3 652 93 546 877 715 991 600
524 733 35 661 874 663 274 204 937 598
987 926 465 205 981 459 757 300 735 869
183 126 140 497 345 888 302 525 712 182
651 23 283 825 553 437 230 365 665 106
813 91 347 49 732 759 51 27 741 837
21 857 154 373 833 475 418 620 123 157
748 540 760 916 245 997 144 976 106 165
889 532 924 484 37 907 156 830 776 567
81 713 155 425 366 878 899 615 632 201
705 817 766 965 69 16 658 893 62 575
816 220 52 380 60 461 179 537 989 625
592 351 284 354 419 186 678 496 892 534
456 425 259 831 713 232 960 146 409 224
959 181 501 690 218 474 367 908 683 630
403 633 215 836 879 359 458 571 310 276
347 404 967 166 659 813 46 270 420 721
661 717 663 524 204 35 598 874 642 274
57 258 549 174 361 356 130 518 630 962
459 788 926 465 981 757 797 300 718 785
985 628 90 87 576 445 5 939 595 954
489 129 957 64 982 749 295 505 429 515
468 792 606 938 250 33 550 568 209 206
443 114 555 281 321 331 251 931 410 544
547 866 117 178 175 285 1 823 905 257
448 51 837 49 849 759 819 426 91 790
422 499 314 500 845 386 577 574 838 871
903 668 581 78 538 539 41 170 216 876
268 911 141 969 243 417 915 922 988 657
704 207 324 636 486 261 936 895 824 512
502 978 29 368 587 811 801 631 120 261
161 594 127 401 111 951 352 231 68 707
760 723 144 165 540 905 124 134 1 916
515 64 61 297 241 489 575 269 662 737
0 211 964 660 452 702 313 83 949 559
381 492 77 390 761 782 618 986 673 454
92 514 936 895 958 824 486 512 810 972
608 41 876 216 538 19 209 222 78 938
65 288 466 670 414 76 397 902 88 303
961 343 992 848 677 446 214 137 993 202
910 634 609 273 348 55 307 396 248 267
785 465 432 459 718 926 735 987 389 205
560 394 139 471 774 588 928 2 956 669
27 837 49 51 849 623 741 91 426 377
144 748 165 905 134 723 124 1 513 242
618 381 986 77 832 751 43 782 686 492
317 791 927 684 192 103 890 330 336 94
912 168 236 245 997 976 106 916 579 365
696 193 535 850 342 520 596 543 326 427
818 392 686 357 832 906 618 761 712 463
658 69 817 726 575 62 965 705 297 58
517 176 163 632 966 366 878 899 615 201
974 973 142 776 37 341 924 526 429 532
824 327 247 895 92 486 457 752 936 207
194 171 551 160 909 556 900 685 240 63
511 164 196 522 435 673 390 854 492 917
990 440 353 891 421 260 506 913 494 955
70 629 372 864 644 687 853 615 793 827
139 669 394 758 928 149 560 956 898 471
995 478 133 852 527 395 984 528 621 681
37 973 526 924 269 768 429 532 61 505
4 329 871 574 622 96 482 845 566 531
233 340 971 428 300 619 711 691 981 926
12 945 642 979 598 794 204 883 663 363
8 412 431 304 557 190 667 38 783 688
701 338 320 994 875 36 423 523 796 301
77 454 381 400 986 751 761 235 43 492
190 695 431 54 950 847 262 591 557 412
146 541 941 456 259 831 112 232 960 729
432 757 389 465 714 718 459 987 735 926
433 15 583 510 858 693 239 267 312 975
602 676 45 880 578 252 97 559 130 322
797 735 188 459 328 469 465 926 757 981
108 943 110 75 449 884 516 335 318 641
819 301 119 253 423 562 6 448 994 998
684 762 103 317 330 927 94 192 413 890
606 738 250 550 468 33 568 206 938 671
687 544 644 331 372 332 495 629 853 443
979 883 363 945 645 779 30 12 227 642
100 208 118 229 925 923 265 112 603 31
436 36 886 320 338 135 781 66 875 210
188 788 328 469 735 391 406 459 447 376
894 413 266 94 105 330 438 103 684 410
369 591 54 950 374 847 262 695 255 548
424 933 586 977 643 289 244 382 898 498
29 261 811 978 636 746 86 587 324 502
962 480 518 375 356 630 821 174 908 519
482 490 871 329 820 574 96 805 845 777
626 881 975 887 494 858 693 583 267 312
820 872 570 490 308 803 482 97 871 45
970 654 519 157 838 821 624 620 577 375
462 929 152 148 411 935 336 666 231 890
487 85 128 132 240 672 900 379 595 5
219 24 545 829 123 335 475 75 108 373
292 958 514 530 405 752 136 92 53 936
29 587 978 86 801 227 746 631 261 151
275 593 7 474 966 690 683 959 218 163
721 347 91 732 49 404 967 455 998 659
508 355 13 665 552 95 346 536 230 470
450 640 590 638 28 72 323 614 311 882
727 52 60 220 179 380 537 461 612 989
69 965 726 766 62 893 705 658 58 416
765 686 392 832 618 357 761 906 986 381
119 790 562 253 301 448 741 998 6 423
805 490 872 803 570 482 308 871 329 574
519 375 806 480 654 970 838 157 802 577
646 79 473 919 25 897 254 963 675 339
257 285 102 178 866 18 430 740 143 547
895 769 92 486 327 752 936 207 247 514
437 23 230 720 665 651 355 283 814 553
362 169 653 234 202 650 708 873 137 952
290 853 402 644 332 372 495 503 629 687
639 656 408 865 613 280 460 407 689 931
335 24 75 809 108 219 789 449 943 110
662 156 241 567 515 297 61 337 575 532
456 960 729 146 409 259 425 784 232 198
618 686 761 818 765 986 381 751 43 77
373 620 857 22 157 475 835 970 722 806
536 56 95 13 552 470 493 508 346 296
22 635 373 833 475 504 620 123 857 17
633 879 731 458 403 310 215 681 359 395
849 51 759 49 27 741 426 448 623 529
577 654 806 624 970 386 519 325 157 821
699 311 28 393 590 638 323 614 450 604
272 664 616 42 709 647 39 263 53 698
173 318 32 449 503 108 110 75 402 516
167 915 26 141 268 682 744 399 533 213
333 228 844 98 685 953 909 206 194 550
228 953 843 206 333 550 98 606 33 250
314 574 422 871 482 777 742 329 803 4
251 286 224 555 232 281 739 931 443 114
54 255 591 695 963 950 799 783 897 369
446 961 137 755 202 343 653 234 362 708
837 426 51 759 529 741 27 49 448 623
342 326 193 239 596 764 510 427 15 696
563 589 40 201 899 277 366 155 632 81
621 478 859 775 700 995 133 99 395 527
827 644 332 372 290 687 495 629 402 305
917 435 706 107 692 185 983 196 226 680
287 162 584 198 627 409 312 960 693 831
278 150 276 158 571 59 694 359 948 476
373 722 833 475 620 123 21 22 157 545
267 583 975 433 396 693 626 786 312 55
700 621 852 99 478 264 498 47 382 44
416 88 414 893 65 965 288 754 466 397
315 625 989 322 121 349 461 880 444 180
82 472 913 561 260 891 921 440 339 143
683 418 154 218 690 908 474 21 630 959
615 70 878 632 155 773 366 81 176 725
460 408 639 407 483 613 172 828 14 569
178 740 285 547 823 117 257 175 102 1
464 509 674 477 50 271 523 968 358 453
597 306 71 566 346 622 552 4 777 508
655 205 388 987 116 182 145 718 302 294
101 89 648 603 479 118 955 100 925 795
329 482 574 777 803 96 845 4 531 490
570 805 820 308 490 97 803 45 252 559
221 653 697 362 202 200 826 137 169 446
274 35 937 524 305 717 495 733 332 661
338 523 320 781 477 701 36 509 867 271
209 41 753 538 608 938 78 216 468 19
546 991 3 138 896 115 716 457 153 247
615 366 632 155 864 899 81 176 725 201
836 458 633 310 731 681 403 395 215 133
676 322 787 625 861 602 461 315 989 45
804 887 626 494 421 975 506 353 955 858
614 334 590 66 387 28 886 450 311 135
363 794 645 979 30 945 227 779 86 12
641 943 601 789 108 110 217 75 516 449
996 263 53 698 647 901 944 136 385 42
436 66 135 796 334 210 36 387 882 383
494 881 421 804 506 626 353 955 990 479
183 237 719 337 126 140 345 302 497 567
724 484 532 907 924 567 156 213 337 830
192 336 927 411 317 152 762 929 791 807
260 440 913 772 82 990 862 353 421 506
488 678 419 282 284 39 592 709 728 616
416 965 860 817 69 726 62 88 705 58
266 798 105 413 438 94 330 410 103 321
92 824 486 936 752 769 207 512 514 327
716 3 546 153 652 877 93 991 715 138
919 963 79 255 847 822 54 646 591 695
244 149 643 669 586 774 424 800 139 758
366 201 155 632 878 589 81 176 615 725
240 551 132 160 770 171 194 85 270 909
996 605 885 256 263 53 698 944 136 647
670 384 131 288 754 466 397 383 65 76
743 581 539 668 78 170 538 940 41 59
125 120 368 657 502 417 746 922 969 34
1 144 134 760 175 165 513 748 117 197
357 533 399 712 392 345 213 682 126 765
484 213 889 533 399 724 712 682 237 337
218 630 683 690 959 518 863 730 474 962
194 685 770 98 171 551 556 333 900 160
609 756 348 634 307 273 248 55 298 396
969 744 243 417 922 988 268 657 319 34
236 763 168 579 249 245 997 976 106 916
82 260 862 891 440 472 772 561 990 353
573 982 46 957 967 166 659 129 270 420
842 141 167 268 26 744 682 911 399 969
540 245 997 976 106 168 723 365 949 763
107 854 185 706 983 226 435 692 507 680
585 159 703 364 455 947 580 998 420 659
79 897 822 963 255 646 847 473 54 25
952 370 434 650 291 376 371 169 441 447
339 254 143 561 675 25 472 430 617 473
417 243 969 34 988 657 189 911 319 649
31 208 795 20 100 279 229 118 265 925
37 532 776 269 724 973 526 61 889 768
112 100 118 229 941 795 265 541 603 208
459 981 718 465 735 300 987 757 340 205
317 192 762 890 336 791 411 684 152 103
394 956 139 471 758 774 84 560 2 669
807 152 462 411 148 336 935 890 192 666
610 367 246 501 181 444 730 121 959 315
280 281 114 656 555 321 739 251 410 828
491 619 637 971 441 233 778 340 691 291
800 977 424 289 586 382 643 498 244 99
572 122 600 516 715 110 789 449 943 108
666 148 231 401 111 462 352 68 594 807
92 486 512 895 752 972 207 824 514 378
305 274 495 874 332 35 644 853 687 827
468 209 738 792 876 606 250 33 568 550
576 264 498 47 90 382 99 44 289 985
170 59 694 948 476 539 158 84 309 150
112 541 925 784 100 118 229 265 146 795
993 983 214 107 677 917 992 854 185 435
884 789 108 110 641 75 516 449 601 335
698 385 263 203 885 647 996 42 53 901
979 779 794 12 883 642 363 598 204 645
238 319 988 299 243 177 922 969 34 911
703 420 659 159 364 918 967 580 585 46
59 84 940 158 694 170 956 150 476 539
976 313 245 452 168 916 540 763 997 964
262 591 695 54 799 783 17 847 369 190
127 19 161 747 608 753 594 876 216 41
920 650 370 169 434 291 371 826 376 441
844 206 550 228 843 606 33 792 250 333
5 442 379 445 672 87 558 595 128 628
479 506 648 421 353 494 990 101 887 772
928 84 394 948 139 471 774 758 59 2
982 129 737 914 489 573 554 295 64 63
514 810 292 752 530 92 405 936 895 136
730 690 218 181 908 474 683 501 630 275
409 831 456 198 729 146 425 162 259 784
755 848 343 446 992 137 677 202 214 653
802 518 356 480 630 174 375 908 258 218
255 897 847 919 54 79 591 695 799 783
452 0 750 313 949 211 976 660 245 168
817 893 69 726 416 62 766 705 58 860
163 7 517 593 767 812 176 275 632 474
659 404 46 166 420 573 732 270 947 914
147 464 867 529 477 674 509 426 50 523
911 922 243 417 988 657 744 34 319 189
806 654 157 624 519 620 838 325 821 833
619 233 778 691 340 428 932 225 300 711
512 378 936 9 92 187 486 752 895 207
768 776 37 974 526 924 429 269 142 532
142 768 973 341 187 776 9 37 924 526
626 583 858 693 804 267 312 433 881 786
245 949 916 168 997 313 540 763 106 912
289 933 382 800 498 424 99 939 264 586
746 811 29 587 502 801 631 86 261 368
794 945 883 779 363 12 645 642 30 598
569 564 217 172 601 407 641 408 613 865
300 926 459 340 718 735 465 778 987 233
957 914 129 573 737 46 489 554 63 295
107 942 917 993 854 185 435 706 226 214
485 133 527 395 481 995 528 681 775 200
736 90 576 628 939 87 445 264 498 47
43 761 77 381 618 225 782 751 832 691
205 718 869 465 926 981 757 459 655 300
319 243 946 922 969 34 911 417 189 238
625 349 861 461 322 180 315 380 199 121
772 353 421 440 506 494 891 955 260 887
877 138 546 115 3 457 896 247 716 327
343 677 214 755 961 993 942 848 983 446
942 214 677 983 992 107 343 917 755 854
423 701 301 781 790 338 320 253 875 819
775 133 527 395 984 478 528 681 485 852
885 901 263 53 698 605 944 136 647 385
916 106 245 168 540 365 976 763 912 723
455 562 585 119 253 819 918 6 790 360
