884 182 772 381 484 394 739 171 795 197
63 836 100 422 625 363 526 852 18 280
456 383 570 67 744 878 525 766 854 915
191 637 807 667 872 172 704 42 620 991
237 245 651 342 398 156 844 248 338 887
938 405 452 600 49 498 347 482 956 768
335 736 81 491 823 146 853 769 475 949
229 596 415 208 870 203 294 251 341 812
601 385 388 268 974 265 706 595 552 349
753 27 892 111 205 22 873 502 454 423
59 429 883 362 197 739 859 53 238 692
339 271 998 142 472 714 898 845 562 987
33 927 978 996 348 675 555 260 36 520
713 458 466 258 444 117 575 965 881 38
910 980 160 216 664 794 162 454 438 184
244 56 926 125 253 297 252 818 288 592
683 418 400 671 729 40 915 329 127 479
185 982 556 207 861 925 668 524 485 336
526 280 32 625 538 363 813 100 422 852
129 793 515 839 617 83 187 508 781 122
476 387 802 851 234 198 963 350 410 534
764 309 654 468 460 352 694 54 672 737
111 973 27 605 559 9 865 753 506 164
684 390 826 109 490 937 77 670 923 290
636 967 840 500 573 536 173 424 154 900
151 136 591 913 170 564 968 928 183 333
52 248 225 398 651 78 419 338 156 480
111 9 22 753 892 973 205 434 873 605
227 193 895 72 616 969 231 473 676 275
548 516 561 533 557 535 542 152 692 53
504 236 211 241 301 540 820 977 295 864
732 634 763 114 549 749 375 133 325 655
280 538 813 18 751 526 625 323 363 277
12 675 927 648 978 608 996 348 555 260
370 330 911 369 827 971 783 295 820 540
987 855 845 850 714 568 91 433 461 882
960 555 879 996 978 254 520 927 348 179
267 178 296 155 192 450 65 259 186 819
881 101 821 406 880 752 713 466 13 444
161 917 143 199 270 242 931 949 569 431
329 671 418 479 96 16 51 683 95 400
412 284 84 266 483 355 603 328 924 919
172 893 620 47 872 737 902 327 637 54
314 599 854 623 766 825 525 809 230 744
128 876 167 105 909 327 849 944 893 487
897 92 305 378 150 410 350 198 588 224
788 292 362 238 951 202 742 883 859 819
902 42 172 893 782 620 872 327 869 737
805 852 470 606 587 422 363 867 306 100
482 600 938 174 607 5 551 452 68 498
784 832 464 661 281 604 189 552 645 706
95 96 123 479 64 329 380 40 671 428
26 248 398 651 225 156 338 78 480 138
883 692 202 362 542 429 557 742 59 46
737 460 620 654 309 893 42 872 172 327
696 90 889 759 672 399 547 694 885 352
15 926 244 818 297 125 288 359 253 592
931 312 199 720 917 110 386 118 590 728
145 786 531 373 102 481 80 141 747 408
429 10 362 883 859 197 238 739 53 788
574 254 635 879 700 960 612 36 293 555
632 439 499 708 159 376 487 939 944 144
530 785 356 115 291 885 993 672 694 352
836 1 100 422 363 625 852 526 18 48
123 380 95 51 428 838 96 748 479 368
186 192 994 155 797 178 37 286 267 775
223 920 722 367 705 407 858 817 437 773
570 744 456 525 766 2 383 854 314 43
607 778 551 174 521 482 49 195 600 645
98 331 984 384 710 431 176 590 242 307
546 495 659 685 584 874 964 513 647 725
449 723 663 492 344 610 936 776 311 474
969 193 473 28 201 227 438 895 664 616
986 904 194 791 738 445 539 505 359 818
955 451 787 934 896 243 576 442 263 761
523 544 475 594 769 278 949 743 270 491
602 777 446 730 619 907 126 799 302 377
937 923 109 888 953 684 527 23 550 841
419 225 833 204 803 26 52 806 248 157
139 553 326 212 956 856 945 857 315 391
747 102 761 531 576 58 896 786 145 787
335 823 853 6 396 808 801 736 949 769
906 914 798 134 765 633 318 147 177 624
508 617 793 122 640 19 642 129 226 515
412 483 924 41 780 246 284 266 169 355
200 614 537 871 656 976 829 432 86 935
209 656 250 614 644 85 558 200 983 871
582 579 942 489 829 112 976 871 360 435
657 899 153 337 545 905 758 409 317 755
875 746 577 950 235 712 462 958 411 566
759 672 55 547 885 694 696 565 352 115
433 568 567 850 461 169 882 855 140 598
897 45 378 150 305 588 410 224 350 767
608 847 648 560 175 675 106 680 33 496
404 681 922 462 728 712 590 950 386 312
51 123 96 64 380 479 329 428 40 838
51 479 95 329 123 40 64 671 380 418
361 842 662 721 890 585 511 372 660 779
69 710 331 984 590 384 431 728 176 922
304 424 416 573 900 840 804 967 340 24
836 422 63 363 852 625 1 526 48 470
38 406 881 821 880 444 466 713 965 13
80 531 747 58 786 761 145 373 576 896
512 215 108 529 120 532 716 843 572 930
768 762 498 652 452 627 347 600 391 482
327 876 44 893 128 42 620 47 737 902
680 175 560 496 847 443 93 608 586 648
957 232 140 121 299 567 863 461 882 91
215 532 103 512 716 529 120 572 830 843
937 684 77 23 923 390 888 826 953 527
720 386 118 312 397 774 411 247 566 57
22 27 973 9 605 753 559 892 506 434
360 942 321 582 87 489 646 579 435 345
358 306 658 587 441 470 565 48 805 852
634 133 549 31 655 375 732 941 763 543
785 885 62 672 694 759 547 530 352 565
734 686 629 981 948 754 666 740 522 628
575 258 810 458 13 868 713 880 697 821
774 110 397 247 411 386 720 566 312 501
770 308 353 687 541 152 379 653 535 393
512 529 103 215 843 108 930 389 532 510
299 232 863 107 343 957 316 140 131 567
508 640 83 642 617 226 793 256 679 19
64 95 51 380 96 428 479 838 329 748
571 718 276 745 848 382 365 137 639 395
297 253 288 252 15 244 56 592 346 926
730 320 602 988 824 777 76 446 239 619
163 915 580 729 834 878 400 214 683 16
44 167 909 876 849 105 944 327 487 159
19 515 839 793 187 617 781 83 402 508
674 313 709 682 436 901 678 992 618 731
316 157 343 806 863 803 299 121 204 833
230 593 809 790 477 408 623 825 599 786
655 114 941 549 375 634 726 543 31 322
798 633 727 906 403 82 757 257 914 181
707 413 866 168 783 581 827 370 34 911
25 591 151 170 968 928 913 333 501 564
395 848 691 639 276 814 382 609 510 571
480 940 338 970 857 156 856 651 398 212
326 79 956 553 945 391 347 212 315 405
957 107 567 232 461 882 568 91 433 598
481 789 373 255 145 263 58 442 824 786
472 271 898 11 562 339 261 998 912 995
161 270 39 949 917 769 199 569 801 475
376 862 439 324 499 159 61 908 944 487
373 58 786 481 531 141 102 789 408 447
491 903 736 641 310 6 835 544 75 335
816 318 181 177 894 206 615 837 906 183
393 379 740 687 628 770 264 119 815 353
597 417 933 822 622 514 943 669 279 427
897 224 588 92 45 767 213 221 378 305
25 913 136 564 591 183 170 968 837 928
535 353 533 308 541 119 653 995 770 516
545 899 758 88 657 317 401 337 351 905
355 919 603 536 334 328 500 266 636 990
192 178 37 65 267 186 296 994 450 797
338 480 651 138 398 248 940 4 237 52
806 131 803 316 204 343 833 863 299 419
563 240 219 188 285 341 486 812 870 983
499 487 944 439 849 61 376 632 909 708
794 910 220 14 578 980 453 664 216 975
143 39 270 917 949 199 569 242 801 769
216 184 454 205 423 980 892 664 502 14
127 580 915 834 878 214 729 626 400 683
506 434 365 873 745 502 718 111 27 22
336 725 228 485 584 964 659 925 513 668
741 835 961 310 701 641 180 697 743 354
909 128 849 44 944 487 876 159 105 499
581 707 135 315 413 866 945 783 139 79
433 246 91 780 568 924 567 850 461 855
968 928 591 333 136 501 566 25 247 411
426 381 966 182 589 0 739 860 197 884
872 42 47 620 893 902 637 737 54 782
518 573 840 900 967 735 340 24 424 811
551 607 482 49 68 600 938 778 5 521
106 560 680 847 496 93 443 608 648 586
384 307 242 431 569 331 932 984 801 808
318 206 837 147 183 816 181 564 914 894
37 155 267 192 296 65 450 186 994 259
520 351 401 978 348 996 317 260 555 36
701 697 961 868 741 810 166 575 448 357
894 816 615 147 318 177 134 633 727 206
381 0 171 884 739 772 484 426 394 197
837 564 206 913 177 318 151 25 147 624
162 423 454 216 205 502 892 980 753 873
17 925 207 982 668 556 485 861 336 228
994 65 797 192 155 286 178 775 37 990
781 839 402 515 274 129 19 471 287 793
563 341 158 870 240 812 415 219 229 294
604 645 661 195 832 521 778 50 784 68
972 689 430 795 630 394 831 484 715 465
807 3 667 637 704 872 991 172 294 812
155 65 178 186 37 994 267 797 296 450
72 28 969 473 227 895 201 616 438 231
986 73 539 904 359 791 818 738 445 926
521 645 778 189 604 68 661 551 607 832
771 796 750 519 650 366 918 959 437 760
739 859 238 59 788 429 362 10 381 182
851 350 387 410 20 305 802 378 476 234
917 931 39 57 161 143 984 431 242 270
85 537 871 614 829 976 432 579 656 935
438 473 664 969 72 193 980 216 14 162
53 692 883 742 542 362 46 429 557 292
208 251 371 596 414 283 7 425 229 677
833 803 419 806 78 157 225 131 316 343
454 892 184 753 423 162 216 9 502 980
837 177 183 318 147 564 913 816 765 624
982 668 185 17 556 925 861 336 485 228
203 596 251 7 371 414 229 283 415 294
250 86 644 656 558 614 85 983 200 486
455 779 345 372 646 890 662 321 361 319
301 241 30 236 504 540 977 864 820 295
856 553 857 79 970 139 940 326 138 480
221 755 767 224 409 588 150 905 897 92
626 834 688 580 800 163 631 127 878 915
108 103 529 512 532 120 716 843 572 830
162 454 980 184 205 14 664 423 892 910
954 435 489 459 792 582 942 503 87 112
660 733 511 478 319 662 773 361 890 946
240 285 158 486 563 983 188 558 341 644
578 794 160 453 975 910 14 980 946 664
213 767 755 224 588 409 150 905 897 337
273 262 690 399 703 889 374 696 643 55
722 66 705 920 817 367 773 407 319 858
588 767 150 221 213 897 755 92 45 409
78 419 26 833 52 204 248 803 398 806
256 642 640 679 717 122 804 508 416 83
895 28 616 231 193 676 72 275 509 969
485 584 336 165 725 659 925 964 495 668
415 7 870 596 341 208 294 812 203 991
132 809 593 790 623 825 477 599 43 408
676 616 509 895 275 457 227 524 891 28
121 107 957 299 140 863 343 567 316 882
627 322 652 726 941 762 655 104 133 768
802 476 963 20 387 534 851 198 979 350
577 958 746 89 673 875 279 950 943 566
30 977 301 211 504 864 241 540 820 328
245 4 342 651 844 398 887 156 248 497
859 788 197 362 46 429 739 59 883 10
824 447 988 408 320 477 790 126 481 373
219 158 563 285 188 486 983 341 812 870
540 211 504 30 295 820 301 236 971 369
569 431 176 307 384 801 932 984 331 808
934 442 263 955 74 255 451 789 787 896
15 56 253 252 125 297 926 818 288 825
237 342 4 844 651 887 398 497 248 156
780 169 924 483 433 84 91 412 568 567
774 566 501 411 118 333 397 928 110 170
52 398 26 651 156 338 225 480 4 245
332 891 731 275 992 901 231 616 682 676
209 644 558 86 656 983 614 486 85 285
371 203 414 208 283 596 425 677 7 877
253 125 825 244 15 297 623 56 599 288
252 125 297 244 15 825 56 288 592 623
879 60 960 574 36 635 555 700 996 612
789 263 442 141 243 481 934 373 955 145
226 679 642 717 640 804 416 122 508 304
846 757 403 467 727 554 633 289 134 615
117 458 575 13 810 713 466 868 821 880
819 450 951 296 742 292 267 46 37 202
348 463 978 520 916 927 996 179 555 351
912 562 898 995 653 472 541 142 152 353
222 399 273 889 690 696 703 55 374 643
442 255 243 789 934 141 955 481 74 826
628 815 647 740 874 687 379 393 685 770
595 388 349 385 841 8 550 527 953 601
284 603 355 328 919 154 41 864 334 536
37 296 178 450 155 259 192 819 65 951
974 601 706 8 552 385 281 388 464 265
828 624 298 765 427 669 514 837 914 183
143 949 161 39 769 475 917 801 523 569
142 11 472 339 898 998 562 714 261 845
583 962 420 493 300 869 935 782 432 902
222 690 703 262 374 399 643 889 507 696
402 471 781 287 187 886 528 839 699 515
891 676 231 616 509 249 895 457 332 227
571 848 124 137 718 382 395 745 639 691
323 929 702 517 618 751 678 282 813 436
743 594 354 544 448 75 357 523 835 310
673 943 622 958 933 417 235 968 149 577
32 18 538 526 813 625 751 363 100 422
464 552 784 706 50 974 268 832 661 601
695 517 989 929 985 277 711 702 638 618
414 425 371 251 677 203 877 208 993 596
266 41 355 603 328 919 412 154 864 334
486 219 983 240 158 558 563 644 250 188
775 990 797 334 994 186 355 154 65 266
471 886 528 274 699 698 402 611 781 543
592 297 346 125 488 56 926 253 952 15
554 965 467 444 846 466 257 713 406 757
670 302 490 907 826 446 390 23 76 255
993 356 877 530 677 62 785 425 115 283
951 46 819 742 259 788 202 362 53 238
612 649 700 340 635 900 574 573 424 173
991 812 704 667 870 415 229 7 596 341
540 820 369 971 241 330 504 911 211 30
267 450 37 259 178 819 155 951 192 742
125 288 592 253 346 15 56 252 244 926
828 427 269 669 514 624 822 765 597 183
863 121 343 232 316 107 131 957 140 157
935 420 583 432 272 976 962 871 200 85
211 236 864 977 30 241 504 540 328 919
907 290 446 670 76 490 730 826 602 777
621 494 631 693 800 364 688 626 214 451
416 99 804 424 717 679 573 900 840 967
350 410 378 45 198 851 92 897 387 20
113 587 358 470 658 48 852 805 441 606
932 176 569 242 801 808 384 431 396 331
541 353 119 653 770 152 995 687 535 379
654 21 460 764 54 468 737 352 694 620
641 835 903 166 146 741 491 961 278 594
776 830 610 572 716 663 532 449 71 108
720 110 386 57 118 397 931 774 411 247
682 130 901 674 992 709 731 436 332 678
854 43 599 766 623 525 744 825 67 809
945 391 581 347 326 139 956 168 79 405
343 131 863 157 299 806 121 803 232 204
401 758 351 545 179 153 520 899 978 348
177 147 206 816 837 181 183 894 914 82
511 773 890 660 662 817 372 218 361 779
988 126 824 730 239 602 447 777 76 408
646 360 345 112 455 942 210 582 87 489
726 233 941 655 627 133 652 543 611 114
277 751 702 813 929 618 538 678 517 436
908 862 665 144 503 376 792 459 439 499
421 749 377 763 799 732 619 31 634 777
139 956 79 347 391 945 405 553 315 5
105 893 876 42 620 47 737 44 902 172
603 919 864 266 355 154 977 536 284 301
40 479 671 96 418 51 95 16 683 123
971 369 34 911 295 820 370 540 504 827
384 69 984 431 176 98 242 307 710 569
249 731 992 891 901 275 682 313 231 616
501 928 566 170 247 968 411 591 774 118
990 154 355 775 603 266 919 286 536 284
81 6 823 853 736 396 949 769 491 808
165 485 228 725 925 668 584 964 659 185
905 657 409 88 755 899 221 213 153 767
156 480 138 940 651 398 970 248 857 52
11 998 271 714 142 845 472 987 898 35
649 900 293 573 612 424 173 840 700 518
870 188 415 812 563 229 158 294 7 991
245 844 237 887 4 497 651 398 248 440
316 863 131 299 121 157 232 806 107 803
492 936 723 474 811 71 449 735 663 518
455 646 210 321 779 360 372 112 890 942
592 488 288 952 297 440 125 818 926 359
391 956 405 452 945 498 5 768 326 938
260 978 520 996 927 179 463 555 12 351
595 841 265 550 527 953 388 888 385 923
198 305 410 851 378 387 45 20 802 92
401 179 317 520 978 758 348 996 260 555
694 468 672 764 759 885 90 21 115 547
308 152 119 541 653 770 535 995 687 533
448 743 278 357 594 719 544 752 961 741
603 154 266 919 328 334 284 536 864 990
530 291 62 993 785 877 115 677 425 885
719 448 752 354 880 743 278 821 697 180
113 658 306 441 565 587 547 470 759 90
539 818 926 194 56 986 592 346 288 15
112 321 942 646 582 345 87 489 579 455
97 662 842 890 511 372 660 319 721 779
429 883 788 238 53 59 859 202 46 692
625 852 422 526 470 100 48 587 18 836
693 494 621 550 527 303 953 888 841 923
745 718 164 506 124 571 434 276 873 848
959 437 519 796 858 407 196 367 771 920
407 920 858 66 437 959 223 366 722 519
748 838 428 380 64 123 95 922 404 237
911 330 295 971 370 34 540 820 827 241
911 827 34 369 330 783 971 295 866 820
251 414 283 203 425 208 677 596 877 7
779 890 662 210 319 361 511 773 455 97
145 481 58 141 786 531 789 102 255 447
643 703 507 690 724 273 222 939 262 708
549 543 133 114 611 655 634 31 941 698
144 439 499 61 862 159 632 487 944 324
421 799 325 619 749 777 763 602 76 732
410 305 45 350 92 198 851 897 150 387
687 393 770 148 119 740 628 353 264 308
64 428 123 838 95 748 51 368 96 479
182 171 0 426 739 884 966 484 197 772
639 814 137 848 124 276 609 395 571 691
2 456 878 570 67 744 127 915 163 525
331 176 431 984 242 307 69 569 98 932
388 8 265 601 595 268 349 974 706 841
720 110 397 312 118 774 411 247 57 566
20 802 851 198 476 234 350 410 305 963
385 265 595 8 349 601 841 268 550 974
609 930 510 843 814 691 639 395 120 137
23 826 684 490 670 109 290 937 263 442
945 347 956 315 326 405 452 498 768 5
756 598 947 882 461 916 567 568 463 850
148 379 687 740 770 628 119 264 353 308
484 795 689 884 772 0 182 190 381 972
137 691 510 848 814 639 609 382 276 930
808 853 801 932 823 307 569 81 242 176
386 118 411 110 774 720 566 247 312 501
651 248 52 156 26 338 4 237 245 480
262 889 696 222 55 273 690 90 703 759
729 683 16 915 418 127 163 671 878 580
351 317 179 758 520 545 978 348 996 260
781 274 187 471 839 287 515 886 528 129
727 757 257 633 846 134 467 798 554 894
94 922 681 728 590 462 710 712 386 312
5 452 938 347 956 600 498 391 49 326
101 38 881 821 615 965 444 466 289 894
858 367 920 437 959 366 66 519 223 796
477 447 790 239 824 593 988 132 145 786
755 905 221 213 337 767 224 588 657 150
378 350 305 198 851 45 387 92 20 802
566 247 774 397 501 118 333 110 386 928
84 41 483 924 284 780 266 246 355 603
866 135 783 707 827 370 168 34 911 581
283 371 251 425 203 677 208 877 596 993
229 870 7 341 812 596 294 188 208 991
804 304 717 99 679 256 424 226 504 820
933 149 622 597 943 822 279 514 673 669
671 16 40 683 329 400 729 479 96 915
833 78 204 225 803 806 26 157 52 248
583 300 272 935 432 962 976 493 869 871
377 325 799 749 619 763 732 777 31 602
852 100 363 48 625 836 470 63 805 526
502 184 205 873 162 892 454 753 216 434
99 573 900 840 340 967 304 649 173 24
283 677 414 877 371 993 251 291 203 208
966 171 589 381 860 182 865 0 739 559
669 298 514 828 822 269 597 624 149 417
838 380 748 64 368 123 95 51 96 479
59 362 883 10 53 238 859 788 197 692
972 630 190 831 689 715 795 465 585 394
984 242 384 176 331 569 307 69 932 98
976 935 300 871 829 200 579 420 537 85
91 169 568 567 850 461 246 855 882 140
506 873 164 502 423 9 753 892 27 365
217 489 954 582 942 459 87 112 792 360
678 709 618 674 702 130 277 323 313 751
959 366 858 407 519 367 796 920 196 66
201 664 473 969 980 216 14 162 72 910
61 499 376 632 159 144 708 487 944 939
952 497 488 887 346 844 592 288 342 297
658 565 358 547 113 759 885 90 306 672
263 243 934 255 789 955 74 141 451 390
496 586 680 106 921 175 560 847 997 93
965 466 713 289 13 554 101 406 458 467
738 505 791 904 997 73 986 194 921 586
907 76 302 602 730 777 290 126 619 670
239 408 824 477 988 790 320 593 373 481
354 357 743 278 719 594 752 880 701 180
71 663 723 610 492 776 344 311 936 830
296 259 267 819 37 951 742 178 292 155
787 74 955 896 934 576 243 761 442 747
5 498 938 405 600 347 768 49 482 391
578 975 220 794 160 946 910 478 14 733
205 162 184 216 892 423 980 753 502 9
345 210 646 779 321 372 890 360 662 361
570 2 67 383 744 525 766 878 854 314
524 509 676 861 231 556 275 616 982 17
258 13 117 713 575 466 810 444 881 821
792 954 503 217 665 435 908 489 324 582
654 54 309 737 21 620 764 893 872 42
882 568 567 598 91 850 392 433 140 855
712 681 950 94 875 404 89 397 746 386
916 260 947 348 756 978 392 520 927 179
784 281 50 552 832 706 661 974 604 268
585 715 721 831 842 630 97 430 361 972
713 444 13 965 458 289 258 101 38 554
554 846 257 289 757 965 403 444 727 615
352 764 694 21 672 309 759 885 90 115
613 513 964 979 534 725 495 70 659 546
587 852 48 306 363 805 422 113 625 606
287 274 886 528 402 699 781 698 187 611
142 898 562 271 261 11 912 339 995 998
969 201 72 438 193 664 28 227 216 162
811 936 735 344 492 518 723 173 71 449
523 769 75 949 544 270 594 143 161 6
20 802 234 387 963 851 534 198 350 979
408 790 447 593 239 132 824 230 786 988
733 946 218 660 511 319 662 773 817 361
96 329 51 40 95 671 123 418 64 380
138 338 940 156 970 857 651 398 248 856
141 373 145 789 58 255 786 531 239 824
49 600 607 174 938 551 68 452 5 498
924 84 780 412 246 41 169 284 433 266
394 884 772 0 795 182 689 381 190 171
228 336 925 165 584 668 725 185 659 207
983 285 558 219 644 240 250 158 209 563
944 159 849 499 909 61 439 632 167 708
346 952 592 440 288 497 297 887 359 818
435 582 942 217 87 112 954 360 579 321
826 670 390 290 23 302 684 907 263 255
146 736 903 641 6 310 335 75 523 81
344 723 936 71 474 449 811 663 735 610
869 962 782 272 583 902 420 47 300 42
621 693 303 364 631 800 550 527 953 888
659 70 546 584 964 228 513 725 685 165
680 443 106 175 586 560 847 921 93 608
887 844 440 952 342 488 245 346 237 592
768 452 104 600 5 347 938 405 482 49
159 439 61 487 376 632 944 708 144 849
536 636 24 154 919 967 977 603 355 328
333 566 247 928 411 774 170 968 118 591
873 423 434 184 892 205 753 506 454 162
665 792 908 459 324 954 862 217 435 144
30 820 241 540 211 236 295 971 301 977
445 738 997 791 904 73 921 986 586 194
434 164 873 502 365 9 27 423 753 111
724 643 374 939 703 708 690 632 273 61
83 122 617 640 793 642 226 19 256 129
676 457 231 524 275 616 861 895 891 556
691 930 389 395 609 843 814 137 639 382
660 319 662 890 218 773 361 372 817 97
120 103 529 215 108 843 532 930 716 389
964 469 725 613 659 495 165 584 70 228
669 822 427 597 298 149 828 417 269 933
129 839 19 187 781 793 402 617 274 83
29 533 548 535 561 152 557 542 353 692
929 282 695 277 989 702 323 618 985 678
173 735 811 573 840 900 474 967 340 24
796 366 959 196 437 771 858 407 750 367
179 978 996 348 351 260 555 401 927 36
778 195 645 68 189 551 607 604 174 482
867 666 606 754 805 948 48 629 470 587
475 75 769 544 949 594 270 278 143 6
457 861 509 556 676 982 17 231 275 207
744 766 67 854 570 314 456 43 2 599
625 18 363 280 422 32 100 852 836 470
953 550 841 888 349 923 595 77 265 937
886 287 699 698 471 611 274 543 402 375
512 120 215 103 108 843 930 532 389 716
62 356 785 291 115 993 877 885 694 672
58 102 786 145 80 373 747 481 761 141
716 108 572 215 830 103 512 311 529 120
535 516 29 152 548 353 561 541 308 653
963 979 234 476 613 802 20 469 387 851
533 152 516 353 29 541 308 119 653 995
500 919 154 636 603 977 328 355 24 864
829 871 200 85 579 976 614 432 87 935
32 813 280 751 18 323 526 277 702 618
359 818 194 926 986 73 56 346 592 488
295 241 820 504 211 971 30 369 330 301
653 308 353 995 119 152 912 770 535 261
557 692 53 561 202 883 548 742 29 362
611 375 698 549 699 133 655 941 114 726
594 75 523 278 475 743 769 354 448 949
153 758 899 317 88 401 657 351 179 337
70 685 495 874 659 647 584 513 964 815
759 565 885 90 672 441 115 694 658 55
561 29 516 557 542 533 692 535 53 202
375 114 634 31 133 543 732 655 611 763
527 841 953 349 888 595 923 265 364 77
174 607 68 482 778 49 521 600 938 195
706 281 974 464 268 784 601 50 8 832
212 79 856 139 857 326 970 956 940 315
467 289 846 965 257 444 757 466 403 406
36 996 960 978 520 927 348 879 179 260
982 861 17 207 524 185 668 457 925 509
542 561 692 548 53 29 202 883 516 742
644 983 250 486 209 86 285 656 219 614
865 605 860 973 589 22 111 966 426 27
847 175 106 93 680 608 496 648 443 675
548 557 29 542 516 692 533 53 202 883
898 261 472 912 142 995 271 653 541 11
158 188 240 341 219 870 812 285 415 486
913 183 151 837 206 25 177 136 318 828
441 547 658 759 885 90 358 672 115 55
411 247 501 333 774 928 118 397 170 968
568 461 91 882 140 433 598 850 957 169
461 91 567 850 882 433 598 855 169 140
242 801 307 932 176 808 431 396 384 984
456 67 744 2 525 383 766 854 314 878
276 124 718 848 745 137 382 365 395 639
830 716 532 311 776 108 610 215 103 663
840 900 967 424 173 340 24 518 649 99
60 635 700 254 612 879 293 960 649 36
117 810 258 868 458 697 13 880 180 752
896 761 787 747 451 80 74 955 102 934
235 746 89 958 875 950 673 712 279 566
220 453 794 975 160 910 946 14 478 980
829 87 871 976 537 582 432 942 200 112
834 163 127 214 915 878 626 729 688 400
168 707 315 135 945 391 413 139 79 326
87 942 489 579 112 435 360 217 829 976
420 272 300 962 935 493 432 869 976 782
659 228 725 165 495 485 964 336 70 513
465 721 715 842 97 831 361 630 662 430
921 443 496 997 680 106 175 505 560 445
470 306 48 852 113 805 363 358 422 606
224 767 150 221 897 213 92 755 45 409
860 966 865 426 559 171 605 973 381 22
728 710 922 98 404 69 94 984 331 57
170 136 968 928 25 333 501 151 566 247
346 288 488 297 952 125 440 926 818 56
790 132 477 230 408 809 447 786 239 58
544 278 743 75 354 523 448 475 769 310
265 349 388 841 385 550 527 953 888 8
208 7 203 229 251 415 371 294 870 414
149 822 417 514 933 669 622 427 943 298
882 392 461 756 567 568 947 850 91 140
623 43 314 825 854 809 766 230 132 525
49 938 482 452 5 498 174 607 405 768
268 8 974 385 706 388 552 265 281 595
777 730 76 126 619 446 799 320 907 377
919 328 355 266 154 864 284 536 334 977
661 189 832 645 195 50 521 784 778 464
973 559 865 22 860 111 589 27 966 9
867 805 522 48 666 470 852 587 754 422
68 174 482 551 49 600 778 938 521 498
648 93 675 847 560 175 33 106 12 680
814 389 639 691 510 395 930 382 137 843
776 663 311 449 830 71 572 716 723 532
698 543 699 375 528 886 549 655 941 133
700 293 649 635 340 574 900 60 424 573
469 979 513 534 964 963 725 70 495 546
85 656 200 86 871 537 209 976 432 829
894 181 816 147 406 257 757 318 846 403
231 895 676 227 275 509 28 457 891 524
83 793 508 19 122 129 640 515 642 839
678 702 436 277 709 323 929 751 674 517
799 777 377 602 76 421 730 325 446 126
737 42 893 172 872 54 47 327 902 637
494 303 693 364 631 800 688 550 527 626
933 943 417 279 149 673 597 958 822 968
599 825 43 314 809 854 230 252 132 766
765 269 828 298 914 427 837 669 206 82
363 526 18 422 852 100 470 280 836 48
214 688 800 834 631 580 163 127 878 915
652 233 762 322 104 726 941 768 655 498
264 740 815 393 379 687 148 647 770 874
948 734 116 754 686 666 981 522 867 606
831 430 715 972 190 465 585 689 721 795
800 688 626 303 214 621 834 494 580 693
61 708 439 499 939 159 487 376 724 944
134 727 403 798 757 906 257 82 846 181
31 114 732 549 763 133 375 749 655 325
700 574 612 60 293 649 254 340 879 900
24 500 967 536 840 154 919 977 573 603
3 872 191 172 807 42 620 47 737 667
760 711 918 985 650 989 750 695 771 282
814 382 609 137 395 691 848 510 276 389
642 122 226 508 256 83 679 617 717 793
310 903 146 835 491 166 736 741 594 278
226 640 256 122 679 508 717 83 804 617
374 507 703 724 690 939 273 708 222 632
558 250 209 983 86 486 656 285 614 219
189 195 604 521 661 778 832 68 551 50
321 345 455 360 210 112 779 942 372 582
874 815 685 264 546 628 70 495 740 687
608 675 93 33 847 560 12 175 927 106
293 340 612 900 700 573 424 635 173 840
750 918 760 771 638 711 196 985 796 989
398 248 156 4 338 237 52 245 480 26
627 762 233 104 768 322 726 498 941 452
541 995 308 912 353 152 119 261 535 770
309 460 21 54 764 737 468 620 352 893
133 941 726 114 375 322 549 543 634 611
86 614 209 85 250 200 644 558 871 537
88 899 337 905 153 545 409 758 755 221
358 441 113 565 306 547 759 587 885 90
495 584 70 228 964 725 165 546 485 513
511 218 319 662 890 773 733 361 817 478
604 832 189 50 645 784 195 464 521 281
361 511 890 319 660 372 97 779 218 773
449 610 71 776 311 723 830 492 572 344
438 201 980 216 14 162 910 473 184 454
908 503 324 792 459 862 954 144 217 376
522 754 867 948 606 805 629 48 734 116
807 704 191 991 3 294 812 637 872 870
207 925 185 336 982 485 17 165 556 228
427 514 822 298 828 597 269 149 417 624
490 290 826 302 390 907 23 446 263 255
418 40 329 16 683 479 400 96 729 51
694 759 885 90 352 547 115 468 785 55
279 958 943 622 235 933 577 417 968 746
709 130 436 313 678 682 618 901 702 992
648 33 608 12 93 927 847 560 555 36
509 231 457 616 275 524 895 891 227 861
877 425 993 283 291 414 371 356 251 530
436 618 702 709 674 277 323 130 929 751
717 256 804 226 416 642 640 304 122 971
106 496 175 443 560 847 586 93 921 608
94 462 404 712 950 922 875 386 728 397
901 313 992 130 731 674 332 709 249 436
16 400 729 418 671 915 127 40 163 329
23 109 390 937 77 826 923 490 888 670
874 546 647 70 495 815 659 264 584 513
116 981 734 629 948 740 754 628 264 666
770 379 393 119 148 353 308 628 740 264
800 626 631 214 834 580 303 163 127 878
795 190 394 972 484 430 630 0 884 772
273 703 222 374 262 643 399 507 724 889
395 510 137 609 814 930 639 389 848 382
53 542 202 883 557 362 429 742 561 59
364 494 621 303 550 527 953 888 841 923
672 352 759 885 468 90 115 547 764 785
989 282 517 985 711 929 638 760 277 918
889 55 399 90 262 759 672 547 694 352
180 868 701 810 961 575 741 117 357 719
611 699 543 528 886 375 287 941 655 549
698 528 886 611 287 543 471 375 941 655
612 635 293 574 649 60 340 254 900 424
180 961 697 741 166 868 835 810 448 354
618 277 678 323 929 436 751 517 709 813
690 374 273 643 222 507 262 724 399 939
667 991 807 294 812 191 3 637 870 415
722 817 223 773 66 319 511 660 890 920
974 552 268 281 601 464 8 784 50 385
135 168 413 581 866 783 827 315 370 945
632 939 61 724 439 499 159 487 507 376
674 436 678 130 618 313 702 682 323 277
590 98 728 69 922 331 984 404 384 431
760 985 638 918 989 650 695 750 282 771
462 950 875 681 89 94 746 397 577 404
466 13 444 458 965 258 117 289 101 38
845 998 987 339 35 11 855 271 850 142
465 831 585 630 721 430 842 972 97 190
572 532 830 108 311 215 103 776 512 610
804 679 416 256 226 304 642 99 640 971
745 571 124 365 276 848 164 382 137 639
752 357 880 821 448 354 881 743 38 868
110 312 386 118 397 57 774 411 247 931
585 842 465 97 715 361 662 831 890 630
223 705 66 817 773 920 319 367 511 660
492 71 344 449 936 663 474 610 811 776
507 939 643 708 374 632 703 61 690 499
165 964 336 584 228 513 659 485 495 925
322 941 655 233 133 627 114 543 611 375
403 633 757 134 257 798 846 906 467 181
922 590 710 404 94 98 69 681 57 312
400 915 683 127 16 163 418 580 878 671
126 602 76 320 777 446 988 619 907 824
992 332 901 249 682 891 313 275 130 674
31 763 634 749 114 549 325 133 421 375
478 218 946 660 511 319 662 773 361 817
116 629 686 948 981 754 666 522 867 740
811 518 474 173 936 344 573 840 900 492
491 6 146 903 335 81 641 475 523 823
620 54 42 893 172 872 460 327 47 654
445 791 505 904 73 986 997 194 921 539
197 859 238 59 182 381 10 429 788 0
628 148 393 264 379 687 815 981 770 647
961 166 701 835 180 697 310 354 641 743
951 202 819 292 259 53 46 692 883 542
354 278 448 594 357 544 75 719 166 835
525 67 570 766 456 854 2 314 383 43
718 365 124 571 276 164 848 506 382 434
89 577 875 235 950 958 712 462 673 566
761 80 102 576 896 531 787 58 451 786
838 368 428 380 64 123 95 51 404 94
763 325 732 421 31 377 634 799 114 549
771 650 918 196 760 638 796 711 519 985
813 323 538 277 702 32 618 929 678 280
880 719 821 357 881 38 448 101 575 117
9 892 205 27 454 423 502 111 873 184
666 948 522 629 867 734 606 116 805 686
409 221 213 767 905 224 588 337 150 897
392 947 598 916 882 463 461 567 568 260
257 403 846 727 467 633 554 134 289 798
545 317 153 401 899 351 88 179 657 520
90 672 885 547 694 565 115 55 352 441
711 918 638 985 650 750 989 771 695 282
747 576 80 896 102 787 451 531 74 58
104 652 627 768 498 233 452 347 391 322
732 749 31 325 634 421 114 549 377 133
21 468 309 352 654 694 460 672 885 759
624 914 269 828 82 298 206 837 906 177
525 854 744 314 67 43 570 599 456 623
588 224 221 213 755 150 409 897 92 45
498 104 452 762 347 600 5 391 938 482
475 949 523 270 75 143 544 161 335 81
687 119 379 308 353 393 152 541 148 628
750 196 650 796 918 519 760 638 711 366
884 0 484 394 182 381 795 739 689 171
817 319 511 890 660 705 662 372 218 722
247 118 411 566 397 501 110 386 333 720
286 990 334 797 154 355 994 266 186 603
311 610 830 663 572 716 449 71 532 723
619 602 76 799 730 377 446 126 421 907
521 68 195 551 607 645 174 189 482 49
372 210 890 455 662 319 361 345 511 97
924 246 483 169 84 412 433 91 41 568
187 402 274 839 515 471 129 287 19 886
869 902 493 47 962 42 172 893 272 872
827 866 413 370 34 911 135 369 330 707
50 464 281 832 661 552 604 706 189 974
115 62 530 885 356 672 694 759 547 352
58 531 145 373 102 481 80 477 790 408
451 896 74 576 955 761 934 747 243 80
238 46 362 859 197 429 883 292 59 53
255 141 263 481 442 373 243 145 934 58
477 593 408 132 447 230 239 809 786 824
904 738 445 73 505 986 194 997 539 359
459 503 665 954 908 217 324 435 862 489
617 19 83 129 508 515 122 839 640 187
160 220 578 910 453 14 980 975 664 216
689 394 190 484 972 430 0 884 772 182
519 196 366 771 959 437 750 858 650 407
994 186 286 65 775 990 192 155 334 178
134 906 633 82 727 914 403 757 147 816
377 619 421 777 325 602 76 749 730 763
631 688 626 214 303 834 580 621 163 494
569 932 808 396 307 242 853 176 823 431
387 234 20 476 851 198 963 350 534 410
806 204 157 833 419 131 78 316 343 225
717 416 679 304 256 99 226 642 424 820
606 48 867 470 852 522 587 422 666 306
803 157 204 131 833 316 419 343 78 863
667 191 3 704 991 637 294 872 812 172
932 396 801 307 569 853 242 176 823 384
230 132 593 825 623 599 790 43 314 477
575 868 117 697 258 180 458 701 752 880
474 735 936 518 344 173 492 723 573 840
294 991 341 870 704 415 188 229 667 563
751 538 32 323 280 277 702 18 618 678
609 639 382 691 137 395 389 510 848 930
264 647 874 628 685 740 546 687 379 770
181 147 894 318 615 177 206 837 798 134
773 705 319 722 511 890 660 223 372 662
926 359 539 56 15 288 592 297 346 194
951 259 292 742 450 46 296 202 788 53
504 971 540 295 241 330 30 369 211 911
881 880 38 752 101 719 406 357 258 458
514 597 669 149 427 417 933 298 622 828
853 81 335 396 808 801 6 932 569 949
239 988 447 320 408 126 477 730 481 790
623 599 252 809 43 253 230 314 132 854
490 390 670 23 290 684 109 302 263 442
783 370 34 911 866 369 413 330 971 295
269 298 427 624 669 765 514 822 183 837
537 871 579 976 200 87 432 85 582 614
572 311 716 776 532 610 108 663 215 103
630 715 430 465 972 585 190 721 842 689
661 50 604 784 189 464 645 281 195 521
419 204 78 803 225 806 157 26 131 52
580 214 163 626 127 878 688 915 800 729
166 310 741 641 961 903 701 146 743 278
63 100 1 422 363 625 852 526 48 18
206 183 177 564 318 913 147 624 765 151
428 748 368 380 64 123 95 51 96 681
515 187 129 781 19 402 274 793 617 471
573 967 24 173 900 424 636 518 340 500
550 349 527 953 595 888 265 923 388 77
97 721 361 585 465 662 715 890 372 511
930 389 510 120 529 512 691 609 103 215
887 342 497 245 237 440 4 952 651 398
714 987 35 998 855 339 850 11 568 91
257 467 757 554 403 289 727 965 633 615
560 93 175 608 106 680 648 496 675 443
276 137 571 395 382 124 639 691 718 814
909 944 487 167 159 128 499 44 439 61
855 568 91 461 433 35 567 882 598 169
198 387 20 350 410 802 476 305 378 234
470 422 48 363 587 625 805 100 606 306
823 396 81 808 801 335 932 569 307 6
314 766 43 525 599 744 623 67 825 570
850 35 987 568 91 433 461 845 882 567
857 212 970 553 940 79 138 480 139 338
970 856 940 212 138 553 480 338 79 156
407 437 959 367 366 920 519 796 66 223
238 197 739 788 362 429 59 46 10 883
589 865 559 966 605 426 973 171 22 111
556 524 982 457 17 207 185 509 676 668
144 324 908 376 665 439 503 499 159 61
299 343 316 121 131 232 107 157 957 806
328 301 977 919 603 236 211 266 536 355
559 860 589 605 973 966 22 426 111 171
413 783 135 827 707 370 34 911 369 168
522 606 666 805 754 48 948 470 852 587
697 810 180 575 701 117 258 961 719 752
782 493 962 902 272 47 583 42 172 893
415 341 229 812 7 188 294 563 596 991
829 537 976 200 579 432 85 614 935 87
172 637 42 620 47 737 893 3 902 54
502 434 506 423 164 892 753 9 184 205
647 685 815 546 70 264 495 628 659 584
89 950 746 712 577 462 235 681 397 411
105 44 327 128 893 167 42 909 620 47
993 677 291 425 356 283 530 414 371 62
163 580 127 383 834 915 729 214 2 400
960 254 36 60 555 574 996 978 635 927
752 821 719 881 38 357 101 117 258 575
38 821 101 880 406 752 719 13 458 713
598 461 568 567 392 850 756 91 140 947
53 362 429 692 202 59 542 10 788 238
772 0 484 182 394 381 739 795 171 197
759 672 547 115 694 90 785 565 352 62
528 287 699 471 698 611 274 543 402 781
844 497 342 440 245 952 237 488 4 346
953 923 527 77 550 937 841 349 109 595
696 399 55 262 90 222 759 273 672 694
372 662 319 511 779 361 773 660 97 210
275 249 332 676 231 731 616 509 895 992
753 205 9 454 423 184 502 27 162 873
42 620 327 47 172 737 105 902 872 54
615 181 816 147 318 406 177 757 403 257
227 616 231 28 676 275 193 509 891 457
576 787 451 761 74 747 955 80 934 102
150 45 92 224 588 378 305 767 410 350
562 472 142 261 912 271 995 11 653 339
88 153 657 545 758 337 905 317 401 409
573 340 424 840 173 649 967 293 518 99
992 682 731 313 332 130 249 674 709 891
47 782 42 869 172 893 872 493 620 327
146 641 491 310 736 835 6 166 544 594
791 73 738 986 445 194 505 539 997 359
337 409 755 657 221 88 213 899 767 224
82 798 134 914 633 727 147 765 318 816
302 446 290 76 670 730 602 777 126 490
665 324 503 862 792 144 459 376 954 217
167 849 944 128 487 44 159 499 876 439
14 160 980 794 216 220 664 454 162 438
369 370 330 34 971 827 295 540 820 783
995 261 653 562 541 898 353 152 308 535
564 151 183 25 837 136 206 591 177 669
82 906 765 624 798 177 318 134 206 269
127 729 163 400 580 683 878 834 16 214
463 947 756 260 392 348 598 978 882 927
199 39 161 931 143 57 431 270 984 242
760 650 638 711 750 985 771 989 196 695
603 328 154 355 536 864 266 500 977 284
367 66 407 858 223 722 437 959 705 366
586 997 443 496 505 680 445 106 738 175
728 404 590 94 710 681 98 312 69 57
77 888 937 953 109 527 550 841 684 349
483 780 84 246 412 169 41 433 91 284
485 185 668 336 207 228 17 165 982 584
818 56 359 15 539 244 288 297 592 125
12 978 348 996 555 260 33 520 36 179
333 170 968 501 591 566 247 136 411 774
517 277 282 702 323 695 618 989 678 751
843 510 389 691 609 120 529 395 814 512
57 199 917 312 39 720 161 984 110 431
808 307 801 569 396 176 242 853 384 431
417 622 149 943 597 279 822 673 514 968
243 955 74 442 451 263 787 255 896 789
300 432 420 976 583 871 272 200 85 829
344 474 492 811 723 735 71 518 449 173
77 109 923 684 888 23 953 390 527 550
5 600 49 452 482 405 498 174 607 768
708 724 632 507 61 643 499 439 487 159
138 970 480 857 856 338 156 212 553 651
655 726 133 322 114 543 375 233 611 549
582 112 87 489 360 435 579 321 217 829
622 279 933 673 417 958 149 597 968 235
487 849 159 909 499 167 439 61 376 128
391 315 347 956 326 139 405 452 768 498
478 733 218 660 453 578 511 975 220 319
756 916 392 463 598 882 260 461 348 567
629 754 734 666 116 522 867 686 606 981
270 769 143 475 161 523 39 75 81 823
875 712 89 462 746 577 681 235 397 94
819 292 742 259 46 202 450 788 53 362
440 488 346 497 592 887 288 844 297 539
527 888 550 923 841 77 349 937 595 265
217 459 435 792 489 503 582 665 942 87
74 934 451 243 787 442 896 263 576 255
326 347 405 139 391 945 5 452 79 938
107 140 232 567 121 461 882 568 91 299
235 673 577 279 746 943 89 622 875 968
437 366 858 519 407 796 367 920 196 771
36 879 555 254 996 978 60 520 927 348
741 701 180 166 697 835 868 310 448 354
493 272 869 583 782 420 300 902 935 47
534 476 234 979 802 20 387 851 613 198
513 725 165 659 584 495 469 228 336 70
444 289 466 554 713 467 13 406 101 846
426 589 171 860 865 381 559 182 605 739
840 24 573 636 173 500 424 900 518 536
170 928 591 333 136 501 566 25 247 279
473 72 193 201 438 28 664 227 895 616
857 940 856 138 480 212 338 553 156 79
330 820 295 369 540 911 34 504 241 370
190 430 630 689 831 795 715 394 465 484
605 22 559 111 865 27 860 9 589 753
706 268 552 601 8 281 464 385 784 388
453 578 220 794 946 160 478 733 66 223
432 871 829 935 579 200 537 85 300 87
236 864 301 30 211 328 919 536 500 603
996 348 520 927 555 260 179 36 12 351
534 613 963 469 234 476 802 513 20 387
14 216 910 162 664 454 184 205 160 438
686 116 734 740 629 628 948 264 148 393
556 207 17 185 861 668 925 524 457 485
486 558 285 644 250 219 209 240 86 158
431 331 69 384 98 242 176 569 307 710
711 989 760 638 695 918 282 650 517 750
194 73 904 791 539 738 359 445 818 505
35 845 855 714 850 998 568 91 433 461
824 320 239 126 447 730 408 602 477 481
695 985 282 711 638 517 760 918 929 650
775 334 286 154 355 266 603 797 919 536
704 294 812 667 807 191 870 415 229 341
901 731 682 332 313 249 130 891 674 275
877 291 677 356 530 425 62 283 785 414
186 797 65 192 286 775 155 990 178 37
912 653 541 261 353 308 152 562 535 119
978 555 520 348 927 36 179 260 960 12
505 921 445 738 586 791 904 443 73 496
339 714 11 845 271 987 142 35 472 855
