603 378 859 787 838 695 137 568 433 699
263 475 95 59 968 464 179 973 11 103
193 960 215 502 495 88 220 182 627 481
775 81 411 566 330 488 844 905 816 880
911 903 154 635 355 659 857 742 658 374
749 725 342 131 735 394 718 319 981 343
616 281 68 991 289 878 43 600 837 988
310 58 44 328 438 153 628 204 954 946
521 654 337 510 809 490 471 10 814 61
975 371 771 84 412 21 149 922 503 229
490 993 61 510 471 720 413 512 814 654
464 327 179 59 973 15 103 475 864 120
66 244 690 777 184 649 408 647 90 527
752 130 868 322 486 326 91 496 189 971
368 711 434 835 478 242 302 779 655 959
120 327 537 11 997 464 179 973 103 59
786 751 255 238 934 733 421 359 183 356
839 578 105 163 392 970 269 789 524 261
115 685 580 399 339 102 683 548 560 196
366 321 497 840 965 381 427 856 831 884
847 320 559 161 317 180 520 673 380 826
149 84 503 371 229 642 117 984 872 9
551 997 537 617 260 120 713 15 696 327
250 505 94 556 209 212 772 312 440 646
937 178 194 147 665 699 257 553 75 431
429 112 206 861 432 492 195 188 54 210
582 599 455 653 567 710 397 552 108 166
386 667 388 248 457 837 540 43 53 68
446 550 805 850 644 790 499 882 119 929
344 171 314 376 632 797 48 575 39 966
31 955 79 479 86 158 467 518 620 623
30 79 955 158 479 86 518 467 623 620
701 152 906 719 776 734 849 253 610 213
145 277 631 663 781 191 97 460 651 274
324 69 98 420 99 671 834 969 459 350
985 992 693 820 851 159 318 796 50 780
953 311 686 106 576 402 598 231 498 348
731 470 183 325 515 986 934 630 950 899
308 403 517 655 302 63 959 804 765 835
575 329 797 51 376 150 344 29 171 252
462 942 784 948 597 974 165 480 351 441
134 360 536 538 647 252 222 649 141 150
375 791 445 100 917 340 146 390 854 500
837 878 68 248 987 281 600 667 601 6
58 438 7 284 310 888 469 297 842 232
572 539 223 964 287 108 382 166 397 186
712 166 892 397 287 710 496 653 108 539
144 704 875 463 823 123 745 126 827 109
632 966 314 914 171 29 916 344 795 376
898 247 211 563 207 669 90 967 649 408
452 851 949 985 992 820 262 159 35 796
329 150 39 252 538 357 887 575 360 222
657 367 920 425 298 694 268 561 879 133
596 540 457 613 388 205 386 652 370 27
195 210 432 958 206 768 429 922 25 412
867 815 609 304 525 989 299 419 461 338
89 104 909 162 531 292 138 516 666 140
860 672 982 547 962 410 494 936 907 574
44 7 310 438 328 284 888 469 153 842
475 464 179 11 1 973 103 263 327 864
353 592 983 315 799 558 957 759 605 643
413 10 493 490 993 510 720 471 512 654
700 167 879 621 298 920 425 307 694 268
804 655 959 403 442 302 705 38 660 648
258 900 829 264 894 918 930 227 753 354
977 400 750 82 363 136 549 897 364 239
690 12 184 244 387 777 73 649 408 647
233 418 477 921 279 271 602 769 198 641
281 878 43 600 837 6 987 248 616 910
34 420 324 671 98 969 99 682 834 459
535 443 848 450 571 998 380 385 487 755
224 681 928 216 869 841 643 605 128 558
404 416 817 902 417 594 961 185 590 583
296 387 246 184 764 690 588 66 236 12
341 570 573 472 125 383 424 773 336 508
257 708 665 431 618 147 306 553 630 937
110 674 769 661 271 895 921 678 687 418
581 721 406 755 763 571 487 848 369 683
280 821 123 907 463 704 494 47 547 144
31 158 30 955 518 479 86 623 467 885
174 585 484 448 530 214 541 294 670 319
775 3 330 411 816 566 844 905 157 488
400 136 897 65 977 239 285 750 370 363
932 956 141 323 222 116 538 357 252 887
371 21 149 503 9 229 975 642 117 984
347 876 947 253 607 776 761 701 865 32
479 467 955 620 30 221 31 79 461 158
826 971 91 180 559 673 847 20 317 868
220 502 627 645 193 677 2 118 960 215
56 909 531 104 138 162 666 292 717 516
408 649 777 669 647 527 244 211 536 143
971 868 87 13 322 130 752 826 326 189
904 273 316 333 565 742 806 659 635 739
924 288 745 126 823 827 109 976 875 219
209 505 23 312 250 583 590 556 212 961
263 968 1 706 475 59 349 464 179 973
830 732 313 574 709 936 249 410 825 962
519 631 405 33 561 145 277 781 191 367
324 99 34 834 459 69 350 447 420 384
834 98 459 350 324 447 34 384 69 611
390 791 584 42 628 204 153 954 375 946
703 435 753 391 930 894 349 829 900 706
685 522 18 115 980 683 399 580 548 943
361 179 760 11 59 464 475 327 1 973
162 56 89 292 516 909 140 531 138 393
578 392 269 17 524 839 798 163 946 970
598 953 441 36 351 311 165 915 974 807
197 760 198 361 641 128 602 841 103 279
397 287 186 710 166 943 653 539 980 46
832 126 823 924 468 875 745 93 144 389
76 769 674 271 661 921 895 418 678 67
662 569 984 675 642 716 229 335 201 117
861 25 492 429 188 206 432 796 195 820
526 225 680 276 208 638 256 201 716 374
414 245 933 889 774 200 612 379 127 436
18 685 580 683 339 102 399 763 548 196
323 845 956 365 83 873 932 132 141 398
642 716 872 229 984 201 503 135 662 149
677 637 645 170 627 650 220 267 88 303
882 199 168 790 625 923 305 352 689 805
15 537 327 997 11 22 464 179 973 551
466 202 758 373 722 846 883 555 226 546
976 863 702 288 428 93 275 924 762 745
821 463 78 704 280 47 907 144 875 823
754 912 234 237 156 778 398 785 132 697
472 424 341 336 74 187 570 243 573 884
823 924 109 745 875 93 144 832 827 47
422 200 664 889 767 931 245 114 587 414
841 641 198 139 197 216 727 602 107 483
270 451 844 430 546 775 81 3 330 555
326 13 752 868 486 640 322 91 496 831
725 718 981 5 343 749 491 342 291 735
398 873 156 365 237 912 845 116 124 323
268 963 737 425 401 298 657 879 52 700
41 536 360 647 649 538 90 777 669 252
872 493 117 413 642 716 229 201 503 984
897 82 239 400 285 65 370 652 977 205
838 433 881 859 748 378 935 0 812 603
666 531 909 717 89 146 56 854 917 506
727 641 128 602 198 483 841 197 279 843
516 393 292 591 162 309 104 595 56 698
932 222 83 357 538 252 887 956 360 534
814 634 471 822 905 490 993 510 720 10
527 780 318 408 90 693 777 669 649 244
47 875 704 823 745 126 463 827 924 109
33 781 663 277 460 631 651 191 274 300
717 917 854 445 506 340 375 666 938 42
665 937 553 257 431 75 24 756 306 951
228 377 562 944 332 692 941 615 577 996
21 503 229 84 642 117 984 371 872 662
51 252 329 357 538 887 222 360 534 39
611 346 384 447 803 350 459 929 834 99
32 719 906 701 734 849 610 792 776 213
628 584 204 328 954 946 390 310 798 100
355 911 857 4 658 903 374 256 635 638
951 660 756 442 553 959 431 302 63 147
398 237 132 912 124 873 365 754 234 845
691 816 639 330 746 81 636 775 411 3
518 79 31 623 30 955 885 479 762 86
992 545 985 35 851 939 50 693 820 181
728 301 489 842 362 888 679 297 284 438
320 380 20 450 847 443 559 317 180 520
292 104 516 56 140 89 393 909 591 531
970 839 17 789 578 261 105 812 392 935
444 811 656 290 555 226 846 546 507 335
974 351 940 948 441 915 743 598 942 807
397 287 46 710 108 653 712 539 186 892
62 621 700 307 879 454 298 920 425 694
625 199 923 689 305 352 119 593 230 542
800 331 407 990 828 465 449 402 852 231
637 650 267 118 303 677 300 645 460 627
314 29 344 632 376 48 797 966 575 914
508 862 773 813 383 176 573 925 570 633
356 808 421 801 733 255 765 786 513 359
80 484 530 585 541 448 670 214 294 181
893 265 833 629 730 504 509 543 679 994
813 925 862 633 172 676 508 358 773 890
476 899 278 986 994 731 183 37 470 543
24 194 937 699 147 568 665 695 257 553
11 464 59 103 475 327 361 973 1 15
559 673 847 317 826 20 682 520 87 320
939 670 541 545 530 159 992 484 35 985
481 495 866 215 960 741 359 2 193 733
731 37 934 325 986 470 238 950 515 751
690 387 66 73 12 296 246 244 764 777
594 290 417 817 811 404 72 164 416 444
943 108 980 397 287 522 710 539 653 166
243 336 884 856 424 965 125 497 472 366
796 492 820 861 112 985 35 851 693 50
322 395 259 752 868 13 486 91 557 496
779 707 242 886 478 434 819 368 698 14
277 927 33 663 145 631 460 938 300 781
382 896 744 964 544 223 759 572 957 45
2 502 960 88 215 220 495 627 645 182
699 178 568 24 937 695 147 787 257 665
432 54 206 210 429 958 768 25 922 112
714 339 901 580 115 18 589 683 399 685
198 107 641 128 602 841 139 279 760 216
197 641 128 602 139 107 841 279 727 216
168 119 625 923 882 305 352 689 593 542
127 889 422 245 664 114 414 767 933 931
716 208 117 984 642 872 680 662 229 526
758 121 722 466 373 883 726 846 555 226
564 694 474 920 824 298 657 879 295 52
946 153 584 328 628 798 390 954 310 524
613 652 370 596 53 285 540 239 457 897
432 429 195 25 54 112 210 861 958 768
563 967 247 604 49 456 898 738 211 669
201 680 526 716 113 117 984 642 872 662
94 312 505 583 23 590 250 961 556 902
958 54 768 195 922 432 412 206 771 429
898 669 49 90 408 649 647 527 777 247
556 772 440 250 646 23 437 505 528 94
794 734 843 483 719 152 849 32 792 701
294 448 585 319 394 80 735 174 342 484
960 495 2 182 193 481 866 502 88 741
841 681 128 71 641 198 139 197 224 727
636 254 746 283 639 913 691 855 157 757
736 345 511 586 724 793 952 770 891 978
827 514 745 235 823 924 875 93 810 144
627 88 645 502 677 118 193 2 637 960
620 461 467 299 86 304 479 955 867 30
141 357 252 538 932 887 360 83 534 150
964 572 382 45 192 539 896 744 287 108
928 71 869 681 643 605 216 558 841 315
113 276 526 638 680 256 208 374 201 658
846 656 507 555 373 444 335 466 546 164
354 918 919 264 258 560 548 64 399 900
148 562 332 377 941 944 577 692 485 615
642 503 117 984 149 716 872 21 662 201
689 858 625 923 305 352 168 723 593 542
348 576 402 686 988 311 289 498 828 991
469 295 824 284 297 438 474 423 44 888
477 67 279 418 602 921 198 641 197 139
754 778 124 785 912 697 237 740 156 626
810 514 743 219 940 827 165 915 745 974
588 453 764 809 246 337 296 521 73 8
156 912 398 124 132 754 873 234 365 778
934 751 183 16 731 325 786 37 986 950
285 897 370 136 652 82 205 400 613 596
995 626 740 910 697 600 785 878 68 281
557 579 259 385 395 998 487 848 369 535
779 478 434 190 368 707 14 886 711 819
884 187 856 336 965 424 497 125 366 472
777 12 408 649 90 647 66 527 669 536
114 889 414 933 200 774 127 612 422 379
296 764 73 387 588 236 184 690 453 66
563 49 207 898 967 211 604 669 456 90
667 837 43 68 27 878 987 281 601 6
825 709 865 313 761 732 607 947 96 347
23 556 505 212 772 94 440 209 646 312
870 529 950 996 615 325 183 37 692 470
357 538 222 150 887 141 360 51 534 932
776 876 701 32 85 152 347 906 734 719
217 283 913 636 746 855 639 757 691 157
786 733 421 359 16 741 356 765 751 173
638 374 276 658 225 857 113 355 526 154
665 75 431 147 708 553 306 937 618 372
264 64 918 900 829 227 894 354 930 919
557 395 241 189 579 322 385 998 752 868
713 617 696 551 22 874 997 473 537 272
812 789 935 970 748 163 881 839 433 17
949 770 452 345 50 586 218 793 736 851
1 95 475 968 59 706 464 179 973 103
918 258 227 64 354 900 829 919 894 560
629 175 504 893 543 833 994 730 278 509
908 501 513 532 801 554 808 757 173 855
650 303 170 300 637 460 663 118 145 277
425 133 298 657 879 52 963 920 700 62
392 524 105 798 578 946 204 17 153 328
129 430 451 546 844 555 846 656 775 373
769 921 418 110 76 67 233 674 477 661
622 473 523 874 533 696 713 608 260 617
92 333 904 742 316 659 565 806 635 739
651 684 781 423 145 33 663 297 460 631
762 428 702 885 863 623 122 976 518 288
638 225 256 113 526 374 680 658 857 208
33 663 145 191 631 460 781 300 927 651
476 994 177 543 899 504 986 629 731 265
477 602 233 641 198 139 197 67 727 128
78 907 821 123 494 463 547 704 47 672
6 68 616 878 43 600 837 991 248 987
688 338 979 419 978 989 793 525 586 609
913 254 855 217 757 636 746 554 639 691
438 297 888 469 842 44 232 423 58 728
239 370 652 897 136 205 613 82 596 400
891 534 887 511 357 218 586 252 736 793
397 108 166 539 710 186 46 45 653 943
976 93 122 863 924 702 745 126 827 823
988 991 348 616 231 6 576 402 686 281
811 185 164 594 417 444 817 656 404 555
783 491 343 807 981 915 718 351 940 441
162 516 140 104 393 56 591 89 309 909
480 715 687 597 678 784 895 462 661 40
214 319 448 394 585 735 342 80 749 174
824 232 474 469 564 203 284 297 438 423
246 73 764 387 184 588 690 236 66 453
284 888 423 469 438 842 684 232 274 44
879 657 425 920 700 694 268 52 62 133
461 304 867 221 55 620 815 609 467 525
460 303 663 267 145 277 650 781 33 191
160 489 728 362 679 842 888 509 730 297
655 959 835 403 442 63 711 804 38 660
267 300 650 460 170 663 637 145 277 781
299 867 461 55 815 609 221 525 620 989
593 625 689 168 923 729 230 199 352 119
372 431 739 665 553 257 75 756 147 708
621 454 167 954 62 628 700 153 584 328
38 517 765 403 655 421 359 733 302 63
595 591 698 393 140 819 516 886 292 707
7 328 58 153 44 628 204 954 946 584
686 36 576 402 231 953 348 498 828 106
583 209 590 94 961 505 23 902 250 416
732 709 249 96 825 830 865 761 574 607
171 632 29 48 344 966 376 914 797 575
558 592 605 60 643 869 353 928 224 983
565 904 92 806 273 739 333 372 742 306
559 673 520 847 180 20 589 682 901 320
780 693 143 35 527 985 992 820 408 159
394 294 735 214 342 448 749 585 5 725
161 20 380 847 450 559 317 180 520 443
840 381 19 427 366 831 640 497 965 326
189 752 868 13 486 130 91 496 395 971
116 956 845 83 932 365 141 873 222 538
98 34 69 99 834 420 459 350 671 447
950 37 183 470 731 934 515 870 986 238
130 640 13 831 752 868 486 427 91 496
15 11 464 120 179 973 59 103 537 864
153 310 628 204 584 954 7 946 390 58
51 39 150 575 797 252 538 357 376 887
816 81 775 411 3 157 844 905 691 566
407 169 828 800 402 990 231 686 348 311
562 941 228 577 485 148 426 377 512 720
742 273 659 92 904 635 316 903 565 4
498 788 576 608 231 686 348 311 988 402
675 507 226 569 846 656 373 444 111 555
424 187 243 125 884 472 856 341 965 74
809 521 453 8 654 236 588 510 490 471
282 419 688 989 979 525 978 609 793 815
580 196 115 18 714 683 685 399 548 901
917 854 500 445 506 146 396 375 938 42
74 472 125 570 424 573 383 336 773 187
749 735 5 394 725 319 131 294 214 718
491 981 718 291 783 131 807 915 725 351
29 376 171 797 314 575 632 39 48 966
586 218 770 793 736 511 724 978 262 952
151 803 611 929 384 447 350 499 459 644
85 947 607 876 761 865 253 776 825 701
231 988 576 402 289 686 991 498 311 828
391 706 968 435 95 101 263 703 1 475
447 459 834 384 99 611 151 98 324 346
441 165 940 915 974 598 807 948 743 106
923 542 409 689 168 625 230 199 871 305
60 983 592 799 957 315 759 558 544 744
227 919 918 560 264 548 258 399 64 18
154 857 658 911 374 4 256 638 903 276
173 421 808 733 255 765 786 359 517 801
252 887 222 538 141 534 150 932 51 360
676 890 792 633 849 719 925 906 734 610
741 733 255 421 765 786 866 517 356 16
41 134 538 536 252 222 141 150 357 647
103 760 179 107 11 59 464 475 327 1
489 679 301 509 160 730 728 833 842 893
750 549 364 977 65 836 723 400 82 858
549 836 363 723 750 858 977 230 65 689
873 845 132 116 398 323 156 956 237 83
497 19 965 321 856 840 884 381 243 427
561 52 405 657 519 920 425 298 694 268
14 434 478 711 242 835 779 190 302 655
487 552 998 571 567 385 848 755 455 579
652 285 205 239 613 897 596 136 53 540
84 9 21 975 149 503 771 229 642 412
739 306 431 806 665 257 553 75 565 756
466 846 121 555 226 656 507 202 546 758
658 256 857 638 355 276 154 225 113 911
445 42 917 791 340 146 854 500 100 717
797 344 29 575 171 39 314 632 329 48
944 148 692 228 615 562 996 332 529 941
859 0 603 838 787 137 433 695 881 568
612 436 774 945 933 458 414 606 114 972
450 161 320 443 20 70 847 559 317 180
840 427 321 831 640 19 326 366 130 497
192 964 223 896 744 572 544 45 759 539
573 773 570 508 74 172 341 862 472 813
447 611 350 151 459 834 346 99 803 98
998 579 487 848 369 571 241 535 552 557
27 388 457 667 540 248 53 837 596 43
73 184 296 690 246 66 764 12 588 244
386 457 540 27 53 596 667 613 248 837
468 601 832 987 109 878 43 600 837 126
584 100 628 204 153 791 954 946 328 42
349 435 706 101 968 703 95 753 263 930
269 105 524 578 798 17 946 839 204 163
591 140 516 309 292 595 162 698 104 819
319 735 342 294 749 214 5 725 448 585
259 189 557 241 322 579 752 868 486 13
500 401 340 737 963 917 854 445 506 375
710 287 108 166 653 186 46 539 599 943
156 132 237 873 912 365 124 845 754 116
548 18 560 685 580 115 102 339 919 683
82 65 136 977 897 750 239 363 285 549
737 396 963 500 133 340 268 854 917 445
231 686 348 576 311 828 988 289 36 407
655 38 302 63 959 804 308 835 442 705
72 817 416 417 594 902 185 961 290 590
519 561 97 367 631 52 33 657 145 277
721 763 683 77 581 115 685 580 339 102
828 331 169 402 800 231 686 348 311 988
90 777 527 649 669 143 244 647 211 780
871 542 352 864 923 973 689 168 464 625
962 936 982 860 574 57 672 830 547 96
905 3 81 330 775 566 822 816 488 844
922 771 768 975 958 9 210 371 54 84
61 493 10 490 135 993 510 720 471 512
114 933 245 774 612 889 379 436 200 945
610 729 906 593 719 152 849 32 792 701
902 72 404 817 961 417 590 594 583 185
594 817 185 404 72 290 416 902 811 164
67 921 233 271 477 769 279 602 110 76
989 338 525 282 609 815 688 55 979 867
671 69 969 34 682 324 673 98 317 520
733 356 255 765 359 786 173 741 517 16
127 664 200 767 931 889 587 245 818 114
684 297 274 651 888 284 469 842 781 232
125 336 472 187 341 243 74 884 856 570
268 298 657 879 920 52 133 700 694 62
485 512 720 577 993 941 490 471 10 814
831 381 640 840 321 326 19 130 366 13
702 275 863 122 762 976 885 288 623 93
206 25 432 112 195 861 54 492 210 958
270 546 129 555 451 846 656 373 444 226
665 553 257 306 147 75 756 372 951 708
206 195 54 429 210 25 958 112 768 861
137 881 838 748 935 859 812 378 261 0
478 368 242 14 779 190 711 835 707 302
101 391 703 349 753 930 706 894 968 829
945 379 612 458 774 606 933 972 414 726
646 528 440 772 648 212 705 556 804 250
284 44 888 469 297 58 842 232 7 423
853 926 766 624 482 952 668 724 614 736
772 646 212 437 556 528 250 648 23 705
598 351 165 915 106 974 940 807 948 953
959 660 302 63 655 155 804 403 835 951
450 70 380 161 535 320 848 20 571 998
164 656 555 226 811 846 507 546 335 373
917 375 340 146 854 42 500 506 791 717
28 850 550 644 805 499 790 929 882 119
350 384 459 611 834 151 99 346 98 324
214 585 294 80 319 174 394 484 735 530
465 852 990 738 800 456 169 604 331 967
380 443 161 70 320 20 535 847 848 559
844 129 270 775 81 3 430 330 566 816
949 50 262 851 985 770 992 820 159 35
809 236 337 588 521 764 8 246 654 296
307 954 621 628 153 584 167 328 390 310
582 567 552 26 369 599 487 571 998 385
604 738 967 852 207 449 563 465 247 990
540 388 53 386 596 613 27 205 667 652
606 945 972 436 726 379 883 612 722 774
834 350 99 447 384 98 611 324 151 34
663 300 145 277 303 781 33 191 267 651
299 221 304 620 867 467 55 86 815 479
784 40 597 942 480 948 293 974 165 715
704 123 47 821 144 78 875 280 823 745
11 59 973 179 475 327 864 103 1 15
449 990 852 800 169 738 331 456 407 604
121 373 202 846 758 555 226 507 546 656
86 620 479 221 955 30 461 31 299 79
832 389 109 601 126 987 823 924 875 93
232 284 297 438 295 888 423 44 824 842
515 37 731 630 325 183 986 618 950 934
814 490 993 510 10 720 142 512 61 654
125 341 424 74 570 336 573 187 383 243
272 874 622 696 523 713 260 617 533 551
564 824 203 295 232 694 469 920 298 657
1 59 263 464 179 973 11 95 103 864
177 278 994 899 986 543 731 504 183 37
279 233 602 67 641 418 198 139 197 727
434 242 779 368 190 14 707 711 886 835
86 955 467 30 31 620 79 221 158 461
293 597 784 715 462 687 678 40 895 942
866 182 495 741 215 359 960 733 255 765
668 624 926 614 818 587 439 931 853 767
727 843 139 794 641 213 128 602 198 841
174 530 80 541 670 585 448 181 214 939
426 577 941 512 720 332 993 490 471 562
496 752 13 892 130 322 868 712 326 189
369 998 571 848 552 385 755 535 567 579
566 880 619 3 775 411 81 877 905 844
362 301 679 160 728 509 730 842 833 888
993 10 471 510 720 61 814 512 654 413
291 343 783 981 718 807 915 131 351 441
861 188 112 796 25 820 429 35 985 206
413 135 61 872 10 490 117 993 510 720
547 907 672 280 57 78 860 821 982 123
215 182 960 481 2 866 193 741 502 359
892 486 712 752 13 46 130 322 326 868
366 965 19 856 884 243 321 187 840 381
334 576 231 686 348 311 788 988 402 36
644 929 850 803 446 28 346 550 151 805
396 340 917 854 401 445 506 375 737 938
532 266 908 554 513 757 801 855 913 808
88 193 220 2 627 645 960 677 215 118
149 229 21 642 117 984 872 84 716 662
543 629 265 994 278 175 476 893 177 833
94 23 209 250 312 556 212 583 772 590
854 938 340 917 146 927 445 500 717 396
226 335 846 656 675 373 555 444 466 569
172 773 862 383 573 813 570 176 74 925
730 679 833 362 489 893 175 301 160 265
490 10 471 654 993 61 814 720 8 413
218 586 345 891 736 793 724 978 286 770
720 426 993 485 490 10 471 814 61 577
908 801 266 808 501 173 532 356 554 421
235 219 810 827 743 745 823 924 875 940
630 470 37 618 731 325 986 183 708 950
140 292 162 393 591 104 56 309 89 595
308 765 38 421 359 733 741 356 255 403
158 623 885 79 762 31 30 275 955 479
405 97 561 631 367 33 145 277 781 191
317 589 559 673 901 847 180 20 682 714
8 337 654 809 453 510 490 471 10 236
980 102 943 685 186 18 115 683 399 580
622 533 272 608 473 788 874 696 334 713
269 798 392 946 105 204 578 153 584 328
989 609 815 419 55 867 338 282 304 688
113 680 225 208 276 201 638 716 256 117
143 408 90 777 780 669 649 244 318 647
437 648 646 705 440 772 804 212 63 556
251 996 870 615 950 692 325 944 183 37
541 484 670 174 181 80 939 585 545 448
909 138 666 89 56 717 104 146 854 506
501 554 266 757 908 855 513 913 801 283
608 523 788 622 272 334 473 498 874 576
887 286 357 252 891 222 141 150 538 932
848 70 998 571 487 385 755 443 369 579
647 134 649 41 90 360 777 669 408 244
997 120 22 15 551 327 617 11 260 464
252 222 357 360 141 150 41 887 932 134
45 287 572 108 166 397 223 186 710 46
457 53 596 388 613 386 205 27 652 370
530 670 181 484 939 174 80 545 159 585
352 409 923 871 689 168 864 625 230 199
504 994 278 629 476 265 177 175 899 893
744 759 896 957 192 799 983 382 964 353
159 939 992 181 985 35 851 670 50 693
430 555 846 656 270 373 226 444 466 129
494 672 57 907 860 982 280 962 78 410
560 399 919 18 685 580 115 102 339 354
364 363 750 836 723 977 65 858 400 230
805 28 446 790 882 850 119 644 199 499
22 617 260 997 713 537 696 120 874 15
369 567 487 455 571 998 385 582 755 848
431 665 756 147 257 951 306 75 937 155
757 532 855 501 913 283 266 254 908 217
846 656 546 226 373 444 430 507 466 164
212 250 772 440 23 646 505 437 94 528
241 259 579 395 385 189 998 487 848 369
315 605 643 869 592 928 60 224 353 71
847 317 180 673 20 520 682 826 320 589
548 919 399 354 18 227 685 580 115 102
367 405 519 52 97 657 631 920 425 298
332 228 148 941 577 377 485 944 426 692
247 207 49 967 898 604 211 456 669 738
474 203 824 694 295 920 232 298 657 879
806 316 904 739 92 273 372 306 333 742
488 3 880 775 411 81 905 844 619 330
552 455 369 582 487 26 571 998 385 755
695 699 194 787 178 603 24 0 937 378
111 675 662 335 984 507 642 716 229 226
573 74 383 341 472 773 125 508 424 172
487 848 998 369 755 535 385 552 581 567
45 223 539 964 382 287 192 108 166 397
570 383 74 773 341 508 472 172 125 862
830 936 410 96 962 982 732 860 57 313
797 39 376 329 344 29 51 171 150 314
231 686 348 402 498 311 988 334 36 289
485 941 426 332 512 562 720 993 228 490
105 17 392 839 269 163 524 970 798 789
241 385 557 998 487 848 259 369 535 571
339 115 18 685 683 399 196 102 548 763
77 755 721 571 406 487 848 369 535 552
455 26 567 599 552 653 369 487 710 571
312 590 961 209 94 902 505 416 23 72
628 153 390 204 954 328 100 946 798 310
448 80 214 174 294 484 319 530 394 541
793 345 511 218 978 736 770 979 891 724
818 931 614 767 668 664 482 422 624 127
236 764 246 453 296 809 73 337 387 521
901 520 714 317 196 559 673 847 682 20
583 961 312 902 209 416 94 72 505 404
393 309 140 595 516 698 292 162 819 104
60 315 353 558 983 605 799 643 957 869
305 729 625 689 168 230 199 923 415 119
417 185 817 404 290 72 416 811 902 164
309 698 591 819 393 886 140 707 516 292
53 613 540 205 457 652 388 370 386 285
784 480 462 293 40 715 687 942 678 948
441 106 351 953 165 915 974 36 807 940
653 26 710 582 397 455 108 166 287 186
878 910 68 987 43 281 601 995 837 6
987 389 878 468 43 600 837 68 248 832
279 641 198 139 477 197 128 727 233 107
787 0 378 695 859 568 838 699 137 194
456 967 738 207 563 852 247 449 49 465
643 558 869 315 928 224 592 71 60 681
972 458 726 945 883 436 722 379 758 612
947 761 347 865 85 825 249 876 709 253
533 788 523 334 622 498 272 576 473 231
815 525 55 989 867 419 304 338 299 282
415 906 719 152 849 32 729 792 701 890
384 151 447 346 350 459 803 834 99 929
379 774 436 933 945 414 114 458 245 606
596 205 53 540 652 457 370 388 285 239
668 818 587 482 624 931 926 767 664 439
996 692 944 529 251 377 870 148 950 228
6 991 281 289 68 988 348 878 43 600
260 551 713 22 696 997 874 537 473 120
630 708 515 470 75 37 257 731 325 986
880 877 488 747 566 802 3 782 411 775
221 467 86 461 479 299 955 30 304 31
307 167 454 62 700 954 879 298 628 920
272 523 473 533 874 608 696 788 713 260
885 518 762 158 275 79 31 428 30 702
926 482 668 614 439 818 587 853 931 766
689 168 305 923 230 199 593 352 119 542
240 740 995 697 910 785 600 778 878 68
220 645 677 88 118 502 637 193 170 2
153 584 954 328 204 390 946 454 310 100
265 504 543 175 893 994 278 833 476 730
515 618 470 708 37 731 325 986 75 183
33 97 145 277 519 781 663 191 651 405
48 314 966 171 29 914 344 916 376 795
925 676 358 176 890 792 813 849 719 862
822 142 814 905 471 411 490 3 81 993
659 903 742 4 333 911 273 154 92 355
746 217 639 254 691 283 157 913 816 330
170 118 650 677 267 645 303 627 300 220
276 256 225 374 113 658 526 857 680 355
746 691 636 157 217 816 330 254 81 283
831 427 326 381 130 840 321 13 752 868
198 139 128 602 197 727 841 279 107 483
229 984 117 716 503 872 201 662 149 135
605 869 928 558 224 315 71 681 592 60
499 850 446 929 28 803 550 346 805 151
677 627 118 220 88 637 502 170 650 193
440 437 772 528 212 556 648 250 705 23
649 536 90 777 669 408 134 244 41 211
705 528 804 437 63 646 440 655 959 403
647 90 777 408 669 536 244 527 211 134
267 170 303 637 300 118 460 677 663 645
274 781 684 145 423 33 663 460 631 277
370 205 285 613 239 596 53 897 540 136
599 710 397 26 108 166 287 186 46 582
8 510 521 490 10 471 814 337 61 993
403 302 63 959 442 804 38 835 308 705
226 555 444 846 507 546 164 373 335 466
298 425 920 52 879 694 268 700 367 133
374 857 355 256 638 154 276 911 225 4
742 635 333 903 273 4 92 904 911 316
155 442 951 959 756 302 63 655 804 835
895 674 678 76 687 110 715 769 293 271
111 984 569 642 716 229 201 117 503 675
460 145 277 33 300 781 191 631 651 303
422 767 127 931 200 587 889 818 614 245
431 257 553 147 75 306 756 937 708 372
138 717 531 146 909 854 917 89 506 445
248 837 27 43 386 68 878 987 281 388
614 482 818 624 587 926 931 439 767 664
90 211 408 649 777 647 527 898 536 143
541 181 530 939 484 545 174 159 80 992
420 969 682 69 673 34 317 180 520 559
57 547 860 982 494 962 410 907 936 280
317 180 559 682 847 520 969 20 826 589
76 661 110 895 678 769 687 271 715 921
335 569 507 111 226 662 846 656 373 444
358 633 890 792 925 849 719 176 906 734
645 118 627 637 220 170 88 650 502 267
895 687 715 661 674 293 76 480 110 597
362 509 489 730 301 833 160 893 728 175
526 208 113 201 225 716 276 117 984 872
71 216 224 841 928 128 869 198 641 197
969 673 671 317 180 559 520 420 847 589
115 763 685 580 18 339 102 406 399 196
274 423 651 781 297 145 888 284 469 33
115 18 102 580 683 399 339 522 548 763
311 576 402 231 348 36 498 988 828 953
715 678 895 293 661 480 674 597 76 784
979 282 978 338 793 586 419 345 511 989
625 230 923 168 305 352 593 858 199 542
66 184 12 387 73 244 296 777 246 649
639 157 746 816 636 330 217 81 411 775
944 615 377 996 529 148 251 228 870 562
318 780 35 143 985 992 820 159 527 851
920 203 298 657 879 564 52 425 700 474
568 787 699 603 194 0 178 378 24 859
713 874 260 617 473 551 272 22 622 997
740 785 626 778 240 234 995 754 910 124
819 595 309 886 707 591 393 190 140 779
568 194 695 178 24 787 937 603 0 147
62 879 298 167 920 425 657 694 268 621
32 776 152 253 906 734 719 876 610 849
428 863 122 275 976 288 762 885 93 623
101 753 435 930 894 391 829 900 349 64
47 463 144 123 875 821 823 78 745 126
648 804 63 528 437 655 959 403 442 302
968 95 349 263 391 1 475 435 59 101
886 190 819 779 242 698 478 595 434 309
75 618 257 630 515 665 431 147 470 306
313 249 732 825 865 96 761 830 607 947
397 653 108 166 287 599 186 46 539 26
835 14 368 302 655 959 403 434 442 38
892 46 496 166 486 397 287 710 752 653
260 696 617 874 551 473 22 997 272 537
196 901 589 339 580 520 115 18 317 683
687 293 678 895 480 661 597 784 674 462
201 117 984 642 872 229 208 662 503 135
146 666 138 917 854 445 506 375 531 340
981 343 131 491 291 725 783 5 807 749
849 906 152 734 792 32 890 610 701 213
512 993 490 10 471 426 814 61 510 485
77 406 581 763 683 755 115 685 571 580
883 758 202 726 121 972 466 606 373 458
836 858 364 230 549 689 923 625 363 352
736 952 218 766 345 511 853 586 770 891
5 749 131 342 718 735 981 394 343 319
883 972 722 606 758 458 202 121 945 466
483 139 843 641 128 602 198 841 794 279
160 842 301 888 489 284 297 362 438 423
593 415 305 610 625 689 168 906 230 199
833 509 679 893 175 362 489 265 301 629
37 986 183 470 325 934 515 899 238 630
313 96 709 830 249 825 574 865 761 936
421 255 359 765 786 741 356 16 517 173
213 719 152 849 32 794 792 906 701 890
394 342 749 319 5 725 294 214 131 448
218 724 952 345 511 586 766 770 793 891
963 401 133 396 500 268 425 340 657 298
852 456 449 604 465 967 990 207 800 563
372 806 306 565 431 316 665 257 553 75
626 697 240 785 995 778 910 234 600 754
359 866 733 255 481 765 421 786 182 517
659 333 635 273 92 904 903 316 4 911
810 940 235 165 915 351 974 807 514 948
896 544 192 759 957 382 799 964 983 223
823 924 827 875 126 93 219 144 109 47
639 636 691 217 157 254 816 283 330 913
877 802 619 782 880 795 488 916 566 914
881 935 433 812 137 261 838 789 859 970
5 342 725 735 394 131 319 718 294 981
363 977 549 65 364 400 836 82 723 136
16 238 934 786 183 255 731 325 986 733
13 486 130 322 868 496 326 189 892 91
930 703 894 101 829 435 900 64 391 258
124 234 912 778 237 785 156 697 398 740
581 571 487 848 77 369 998 535 552 721
951 553 155 431 665 147 660 306 257 937
855 554 913 532 283 501 254 217 266 636
202 722 121 883 466 726 373 972 846 606
957 544 799 744 983 896 192 353 382 60
361 107 103 197 179 198 11 59 464 475
865 607 825 947 249 347 85 709 313 876
885 275 623 428 518 702 863 158 122 976
683 406 115 721 685 580 18 339 102 196
246 588 296 73 236 387 453 184 809 690
517 421 733 359 308 255 741 356 786 173
853 952 724 439 736 218 926 345 511 770
931 664 587 422 127 818 614 200 668 889
958 922 210 412 54 771 195 975 432 9
271 110 921 76 418 674 67 661 233 895
262 345 949 586 218 793 736 724 511 452
975 412 9 922 768 371 958 84 210 21
440 212 646 556 437 250 528 23 505 648
508 383 172 573 862 570 74 813 341 176
612 933 379 414 436 114 945 245 458 889
81 3 844 330 411 566 816 451 488 905
253 701 876 32 152 85 906 734 719 610
408 90 649 244 647 527 669 536 143 12
785 234 754 697 124 740 626 912 240 237
242 190 478 707 434 886 368 819 14 698
318 143 693 527 408 35 90 777 669 985
651 145 274 33 663 277 460 684 631 300
802 795 916 747 877 914 619 966 880 48
291 807 491 915 343 981 351 940 441 743
597 462 480 40 293 942 715 948 974 687
778 697 234 740 626 754 240 124 995 912
16 255 751 733 421 359 238 741 356 765
603 695 0 568 378 699 859 194 838 137
608 334 533 498 523 576 231 686 348 311
261 970 812 163 935 839 748 17 881 578
882 805 119 550 199 28 168 446 923 625
42 100 375 390 445 584 917 628 340 204
849 890 719 358 906 676 734 152 610 213
586 978 345 511 979 218 688 770 736 891
213 843 483 734 727 139 719 152 849 32
782 916 802 914 747 966 877 48 619 632
820 188 985 35 851 492 50 992 693 318
575 376 39 344 29 171 329 314 51 632
946 524 269 204 392 153 584 328 390 628
983 957 759 353 544 60 744 896 592 192
169 990 465 331 449 407 852 828 738 402
808 513 173 908 266 356 501 421 733 255
782 747 877 795 619 916 880 914 488 966
346 929 151 499 611 644 384 447 850 350
63 705 655 959 648 403 442 302 38 660
550 790 28 882 446 119 199 850 168 644
565 739 316 372 904 306 92 273 431 665
915 783 291 351 940 441 165 491 743 598
173 801 356 513 421 908 733 255 765 786
337 453 521 236 8 588 654 764 510 246
743 235 514 940 165 915 219 974 351 807
164 290 444 656 185 555 226 546 507 846
935 261 748 789 881 970 433 163 137 839
176 862 172 925 508 633 773 676 383 358
142 471 634 490 993 510 720 10 822 512
609 55 525 867 989 304 419 299 338 461
330 157 81 691 775 411 3 639 905 844
404 417 72 594 416 185 902 290 961 811
587 614 668 931 482 767 624 664 926 422
698 886 707 595 309 190 779 591 242 393
796 985 35 851 992 188 50 693 159 452
123 78 280 463 907 704 47 144 494 875
905 634 411 142 814 3 81 330 566 816
745 875 126 924 144 827 109 93 47 219
295 474 564 232 203 469 694 284 297 438
249 865 761 709 607 313 947 732 347 85
87 180 559 971 673 847 317 20 682 91
219 745 823 924 875 514 126 93 144 47
407 402 331 231 686 348 311 988 576 169
894 900 930 64 753 258 703 264 101 918
96 574 732 936 313 410 709 962 982 249
427 640 381 840 326 321 130 13 19 752
468 109 389 126 823 924 875 93 601 144
730 893 509 175 679 265 362 629 489 504
459 99 350 98 447 384 324 611 34 151
711 302 14 655 959 403 442 368 63 38
723 364 549 858 363 230 750 689 923 625
43 248 667 68 878 987 281 601 600 6
137 859 433 378 881 0 748 603 935 787
163 17 970 578 105 789 392 261 269 812
381 321 427 831 19 640 366 497 326 965
216 128 641 198 139 681 197 727 602 107
888 728 284 297 160 438 423 301 44 469
794 483 727 213 139 734 641 128 602 841
451 775 129 81 3 330 566 816 270 411
116 365 323 873 956 132 83 398 932 156
226 555 656 373 507 546 466 444 121 335
559 20 317 180 673 320 520 161 826 589
535 998 571 487 385 70 369 755 579 552
792 719 906 890 734 152 358 610 32 676
644 446 499 28 929 550 805 803 790 346
50 985 992 35 452 820 159 949 796 545
449 738 465 456 990 604 800 967 169 207
766 439 952 724 926 736 624 218 482 345
917 506 340 146 445 938 500 717 375 396
913 757 283 554 254 532 217 501 636 746
884 965 243 497 187 366 336 19 424 321
658 355 374 154 256 638 911 276 4 225
723 230 836 689 625 923 305 352 364 168
378 838 0 137 603 433 787 881 748 695
57 982 962 672 410 547 936 494 574 907
492 112 188 25 429 796 206 820 432 35
172 813 508 176 773 925 383 633 573 570
702 122 976 428 288 275 93 762 924 885
871 973 464 409 11 59 475 327 179 542
761 825 607 249 947 709 347 313 85 732
481 741 182 359 495 733 255 765 786 215
55 304 815 609 299 525 461 989 419 221
13 91 752 130 322 971 326 486 189 496
928 643 224 605 558 71 315 681 216 592
251 950 529 325 996 183 37 470 934 615
864 409 973 542 352 464 11 59 475 327
135 117 642 716 229 201 984 503 493 149
365 132 398 845 156 116 237 323 912 956
696 473 713 272 260 617 622 551 523 22
144 823 745 126 47 924 827 109 704 219
253 85 776 347 701 32 947 152 607 906
747 619 802 880 488 782 566 795 3 411
68 600 43 987 281 837 601 910 248 6
298 700 425 920 657 62 268 694 52 167
488 619 566 877 3 747 775 411 81 905
433 748 137 935 838 812 261 859 378 789
119 790 199 805 168 550 923 625 352 305
726 722 758 972 202 606 121 458 466 373
243 856 187 965 336 497 366 424 19 125
623 762 518 275 158 428 702 79 863 31
707 819 190 698 779 595 242 309 478 434
357 534 252 222 286 538 141 150 932 51
842 284 297 438 728 423 469 44 160 684
245 200 114 127 414 422 933 664 774 612
792 358 849 676 719 906 633 734 152 610
286 511 534 218 586 736 793 345 724 887
712 496 486 46 752 166 13 130 322 326
175 833 265 730 629 509 504 679 543 362
829 930 753 900 64 703 101 258 435 264
678 661 687 674 715 76 293 110 480 769
744 192 544 382 759 964 957 223 799 572
136 239 285 82 370 400 652 65 205 977
211 49 669 247 563 90 649 408 647 527
986 177 731 476 37 183 470 278 934 515
829 64 894 258 930 753 264 918 703 101
589 714 196 520 339 317 580 673 559 847
416 961 72 590 404 817 583 417 312 594
4 635 911 659 154 742 355 333 857 658
92 316 273 565 333 806 742 739 659 372
822 411 634 3 81 330 566 775 816 142
719 152 610 849 32 792 415 734 701 890
280 494 78 821 547 123 672 463 57 704
266 513 501 801 532 808 173 554 356 757
531 89 138 56 666 104 717 162 146 292
995 600 240 878 68 987 281 626 43 601
4 154 903 355 857 635 658 374 659 256
237 124 156 754 398 234 132 778 873 785
283 855 254 757 217 554 636 746 532 639
966 916 48 795 632 782 314 802 171 747
807 351 940 441 165 783 743 974 598 291
795 914 782 966 802 48 747 632 877 314
445 854 340 146 375 506 500 717 42 938
264 227 258 354 64 919 900 560 829 548
560 354 227 548 399 918 264 18 685 580
694 298 657 879 425 52 700 203 268 62
271 418 769 67 233 110 477 76 279 674
412 768 958 771 210 975 9 54 195 371
352 689 168 625 542 230 199 305 409 119
745 126 93 823 827 875 109 144 219 288
633 176 676 813 358 890 862 792 172 849
624 482 439 668 614 853 818 766 587 952
191 938 506 277 33 854 663 631 145 460
224 869 643 71 605 681 558 216 315 841
499 803 644 346 850 151 446 611 28 384
753 894 829 703 900 101 64 435 258 391
767 587 818 664 614 422 127 668 482 200
141 83 222 956 538 357 252 887 323 360
414 774 114 612 379 245 436 889 945 200
238 183 751 731 325 37 986 16 470 950
812 748 261 881 433 789 137 970 838 163
410 574 962 982 860 830 57 672 96 547
24 147 178 665 257 553 194 75 431 756
506 927 854 340 146 917 191 500 717 445
181 545 670 159 541 992 530 985 35 851
165 351 743 915 974 807 441 810 948 598
577 332 485 562 426 228 512 148 720 993
948 40 974 165 462 351 940 441 743 598
980 186 522 108 102 397 287 710 685 539
692 377 615 148 996 228 529 562 251 332
436 458 379 606 612 972 774 726 933 883
798 204 524 153 584 328 628 390 269 310
607 347 761 85 865 825 876 249 253 776
974 942 165 351 940 441 40 743 598 915
262 452 50 770 851 345 985 992 586 218
870 325 251 37 183 470 529 934 731 515
756 155 660 553 431 665 147 442 306 257
724 766 736 853 218 345 511 439 770 586
36 106 598 311 441 686 576 402 351 231
628 454 153 584 328 390 204 307 310 100
30 479 31 86 79 467 158 620 221 518
83 323 932 116 141 845 222 538 357 252
759 799 983 544 744 353 896 60 192 592
768 210 922 54 412 195 432 771 206 975
442 302 655 63 403 804 660 835 155 38
215 2 495 193 182 502 481 88 866 220
590 902 583 416 312 72 209 404 817 94
982 410 860 936 57 672 574 547 830 494
737 133 401 268 396 425 500 298 657 879
223 382 572 192 45 896 539 744 544 287
497 856 884 366 243 19 187 336 321 840
914 48 632 916 314 795 171 782 29 344
207 604 456 563 247 738 49 852 898 449
706 95 263 1 349 475 391 59 464 179
671 682 420 673 317 180 520 559 69 589
163 789 839 261 17 812 578 935 105 748
91 87 868 826 13 322 130 752 180 326
606 726 458 883 722 945 758 436 202 379
864 464 11 59 871 179 475 327 1 409
165 948 351 940 942 441 743 915 598 810
9 771 412 371 922 84 21 768 149 958
122 288 863 702 93 428 924 275 745 126
65 750 363 400 82 549 364 136 897 836
979 793 688 586 282 345 511 218 770 338
978 688 282 793 586 338 345 511 770 218
522 943 186 102 685 108 18 115 683 399
718 343 491 291 131 783 807 725 915 5
962 860 410 57 672 936 547 574 494 830
799 353 957 759 60 544 592 744 896 315
642 716 662 117 229 201 503 111 872 149
992 35 851 820 159 50 693 796 452 545
731 899 37 183 470 934 177 515 325 238
601 878 43 600 837 68 389 248 281 910
289 348 991 231 576 402 686 616 498 828
525 419 609 815 338 55 282 867 688 304
465 800 449 169 852 331 738 407 828 456
289 616 988 6 348 281 231 576 402 68
159 985 35 851 545 50 820 693 452 318
720 490 10 471 512 510 61 814 426 413
278 543 476 504 177 629 899 265 986 731
240 910 626 600 740 878 68 697 281 987
615 529 251 692 870 944 950 377 325 148
537 22 120 551 15 617 327 260 713 11
487 385 848 571 369 535 579 552 755 70
