142 138 492 60 182 454 84 74 235 52
353 135 456 93 50 40 322 89 462 225
323 71 19 297 453 7 141 305 160 335
205 266 430 463 424 224 283 148 441 149
120 162 313 215 129 217 316 38 379 169
341 342 118 265 423 180 254 166 466 478
388 378 431 127 428 218 163 298 248 189
335 323 289 2 98 312 71 268 453 19
176 436 429 61 113 495 81 171 139 37
351 432 422 106 167 117 257 495 288 193
396 47 88 25 153 243 90 49 248 360
451 115 46 241 261 204 178 443 376 246
483 420 315 445 476 200 305 427 297 490
155 110 210 344 195 402 310 234 236 206
80 408 172 252 222 181 306 67 207 186
381 486 442 242 26 278 329 194 82 369
269 455 370 487 395 287 258 44 70 339
268 254 312 98 118 341 5 289 423 342
484 208 69 318 24 354 364 414 244 68
297 71 453 160 141 2 305 336 186 476
231 239 444 384 73 199 290 333 286 101
394 133 149 134 148 116 224 360 440 430
251 314 468 448 400 477 450 196 437 399
363 393 482 151 235 198 157 383 497 232
69 364 484 244 18 284 208 359 318 439
243 396 49 10 360 116 47 441 149 148
82 442 381 137 491 15 285 486 281 242
362 296 211 494 411 412 375 316 416 217
391 111 78 123 413 374 152 458 38 379
295 240 66 45 392 347 355 214 64 271
223 43 164 415 226 259 277 63 347 355
33 103 85 178 276 46 115 241 11 443
48 253 478 325 434 423 245 341 118 265
31 85 103 276 178 144 46 92 115 241
346 256 121 343 401 169 371 38 332 152
109 119 263 459 102 302 474 441 148 116
136 213 380 51 372 497 475 157 189 151
171 100 81 416 328 113 375 61 139 436
169 152 379 129 413 343 313 326 256 78
357 479 170 387 333 409 94 101 73 233
462 456 274 353 93 1 225 367 147 135
271 330 214 291 45 277 347 471 226 295
104 122 199 308 384 77 239 467 20 272
164 30 226 223 277 415 347 355 214 259
339 287 166 487 455 265 16 341 5 423
347 355 214 295 277 271 209 29 226 41
115 241 178 11 443 451 103 261 446 376
88 10 153 396 90 248 25 428 298 218
478 32 423 253 341 325 118 265 254 5
243 360 25 116 149 441 148 394 396 302
89 353 93 1 361 225 456 147 135 40
380 475 136 189 36 218 213 127 248 378
493 74 435 220 334 410 490 454 427 227
449 282 56 257 150 167 288 422 457 432
187 321 87 193 117 365 288 167 422 327
418 114 327 303 365 233 87 101 290 333
282 150 53 368 449 390 257 161 203 167
58 383 191 393 132 363 151 23 198 157
57 191 383 132 419 393 363 447 151 198
350 245 366 434 425 325 301 352 207 185
138 454 0 74 142 52 492 493 220 435
113 436 8 81 171 139 176 37 416 405
349 377 307 143 426 273 86 326 125 461
259 158 415 421 223 124 30 130 43 156
219 392 320 66 76 240 29 324 295 83
480 97 228 221 197 236 195 406 210 247
240 392 64 29 219 295 320 76 45 347
181 186 252 141 408 453 14 19 71 160
414 345 140 472 354 356 398 126 318 229
24 484 364 18 244 208 284 318 354 359
258 367 395 274 370 462 269 40 16 456
19 297 453 2 160 141 305 323 186 476
262 173 464 496 373 348 126 361 472 89
290 444 101 333 231 286 233 170 190 303
52 454 493 435 220 60 334 410 490 138
489 470 168 473 206 246 310 204 110 451
320 324 219 64 83 392 485 66 194 240
308 467 122 272 42 398 104 140 199 345
391 413 28 152 111 379 38 169 326 123
397 190 283 286 424 290 463 101 73 233
14 172 222 408 306 252 207 181 352 67
171 113 416 139 37 61 375 405 436 100
26 137 442 491 381 285 15 281 486 450
485 324 194 76 278 242 481 320 317 486
182 235 492 482 142 23 363 0 151 198
33 276 31 144 103 92 178 465 46 201
426 326 307 379 349 152 129 413 38 313
187 365 54 327 321 418 193 55 117 114
153 47 90 10 248 428 218 127 298 396
50 361 373 353 93 1 225 456 147 135
248 153 428 88 127 218 298 189 203 47
461 410 125 435 52 334 493 273 74 227
144 465 201 276 369 329 85 481 242 317
353 456 225 50 1 40 147 89 462 156
409 328 387 100 479 37 39 171 81 357
376 460 261 175 438 115 241 11 443 440
99 184 447 389 131 419 132 352 301 207
221 65 480 236 228 195 197 210 155 402
312 289 268 335 17 7 254 323 118 341
96 389 184 131 447 301 352 207 185 419
328 37 171 94 81 416 113 409 375 61
290 233 73 333 286 444 303 170 231 190
263 474 109 216 35 311 119 340 459 457
178 31 33 46 85 115 241 11 443 451
42 199 122 384 239 308 77 20 467 231
319 404 336 386 293 160 358 19 297 453
495 351 429 9 176 8 432 436 422 61
237 188 227 469 304 334 174 493 220 435
249 299 279 275 264 185 338 301 230 425
35 263 119 102 459 474 302 216 441 311
13 310 155 206 210 344 195 473 402 236
28 123 391 374 78 458 413 385 152 322
280 433 165 446 452 443 154 241 417 46
61 81 171 436 139 416 37 405 8 375
55 303 418 233 327 101 365 290 333 286
241 11 46 261 443 451 178 376 204 446
148 149 441 360 224 394 302 49 21 430
288 167 193 422 457 321 257 432 340 54
341 5 254 423 342 265 180 17 478 166
35 459 109 302 263 441 102 148 116 224
4 215 162 217 313 316 129 412 38 379
346 401 34 371 256 332 343 159 169 294
42 308 104 77 199 467 384 272 239 398
374 111 28 458 391 385 78 322 413 135
130 421 158 156 63 147 259 225 415 93
461 273 91 143 377 410 62 435 52 334
472 348 345 356 68 496 414 229 140 354
428 378 248 218 298 6 90 189 203 388
309 403 183 270 300 337 145 399 209 477
313 38 379 162 169 152 326 4 343 413
124 156 421 158 147 225 63 93 259 456
389 301 352 185 425 207 99 275 366 306
419 191 58 447 57 184 383 96 393 99
134 21 440 394 438 149 175 148 116 224
440 133 438 21 175 394 460 149 95 148
322 1 385 353 456 50 458 93 40 89
36 380 51 213 475 372 189 497 218 157
491 82 285 26 442 281 381 450 15 448
60 0 454 142 492 74 182 52 84 493
405 81 416 113 171 331 375 61 37 436
398 345 356 68 414 229 272 472 354 126
453 186 19 71 160 67 297 2 336 181
492 0 182 138 84 60 235 454 482 74
377 273 62 125 461 349 307 91 426 86
92 276 465 85 201 33 369 31 329 481
209 300 355 183 347 309 45 277 226 295
238 247 317 406 481 197 278 329 194 369
225 156 93 130 456 353 50 40 124 89
149 116 224 441 394 430 360 302 21 205
148 116 394 224 441 21 360 430 302 49
368 56 282 390 161 53 203 449 298 257
157 23 393 497 363 482 383 235 198 372
413 379 38 169 326 78 129 343 391 313
90 88 248 47 428 127 218 298 189 203
452 417 437 165 280 400 112 251 22 433
210 13 402 344 195 110 488 234 236 310
147 130 225 124 93 421 456 50 353 40
151 497 23 393 372 482 363 383 235 213
421 63 124 259 130 415 156 223 30 147
294 332 229 371 356 401 345 140 472 398
19 336 297 453 71 141 319 305 105 186
203 390 298 368 428 150 127 248 378 90
4 313 129 120 215 38 379 169 326 152
431 250 388 255 6 212 378 177 127 331
43 226 277 30 347 223 355 214 271 45
280 452 112 154 417 433 437 446 400 443
339 265 44 287 341 5 423 342 487 118
288 422 117 257 432 457 193 449 340 321
470 246 75 204 489 451 473 11 206 115
343 38 256 152 129 379 413 313 34 78
333 357 101 73 39 233 444 290 231 303
81 37 416 113 375 100 139 61 328 405
80 222 14 306 207 408 352 252 425 131
72 496 262 464 348 126 373 472 361 345
260 304 469 466 188 180 342 107 5 237
438 460 440 95 134 376 133 261 21 115
429 8 436 495 61 106 113 81 351 171
212 331 255 405 250 139 163 81 113 416
46 103 115 241 11 443 31 451 446 33
407 292 202 267 488 471 291 402 330 210
342 466 5 260 118 341 265 174 254 166
67 252 408 186 14 141 80 453 172 19
84 492 142 235 482 0 23 138 363 151
309 300 128 145 209 403 355 270 347 45
96 447 99 419 132 389 191 131 58 352
275 301 425 299 131 352 366 389 350 108
141 67 453 181 19 252 71 160 2 297
87 54 321 365 193 327 117 418 288 167
469 107 304 237 174 227 260 334 466 493
218 475 127 51 248 378 90 428 380 6
79 286 397 290 101 73 283 233 444 231
58 132 57 419 383 447 393 184 363 151
382 232 358 293 198 386 363 404 393 23
321 117 54 288 167 422 187 457 432 340
485 278 242 481 83 329 317 486 238 369
210 236 155 402 13 221 488 110 97 344
230 468 338 314 477 22 399 448 251 337
228 406 480 247 65 146 97 238 221 317
232 363 393 23 482 192 383 151 235 57
384 104 239 42 122 20 308 231 77 444
427 445 490 420 220 12 493 483 52 334
465 369 329 92 481 242 278 317 486 144
292 488 179 402 407 210 155 344 267 195
298 161 390 428 127 248 368 378 90 6
246 451 168 11 115 470 46 261 178 241
3 430 224 266 148 463 149 441 394 116
473 310 489 110 75 13 470 155 168 210
306 352 222 425 301 131 366 172 389 350
318 18 354 484 414 69 68 24 345 140
355 145 347 300 45 277 226 295 183 164
195 155 402 13 236 344 488 110 221 234
411 362 27 375 416 296 171 139 81 494
255 177 250 331 163 405 431 139 388 81
372 36 136 497 380 157 51 151 475 23
271 347 277 45 41 226 355 295 164 330
120 217 4 316 162 412 313 494 129 296
311 474 340 102 457 263 288 109 117 257
316 215 412 120 494 4 296 162 313 27
189 127 248 475 378 428 90 6 153 51
64 320 392 76 66 324 240 83 29 295
493 490 52 334 435 427 74 227 410 454
97 236 65 195 480 210 228 155 402 13
172 306 80 207 14 352 425 408 131 301
30 415 43 259 164 63 226 158 277 421
148 430 149 441 116 394 205 302 21 360
147 93 156 456 353 50 40 1 89 462
277 164 347 43 355 214 45 30 271 209
237 334 107 493 435 220 188 410 490 52
480 197 65 406 97 247 221 146 238 236
294 356 345 159 140 472 398 68 126 348
338 196 468 264 314 477 279 22 399 251
444 20 73 290 333 101 286 239 170 233
198 192 363 382 393 23 358 482 383 235
101 303 290 73 333 286 170 444 114 190
344 439 359 155 402 13 210 488 284 110
482 84 23 182 363 151 393 198 157 492
195 221 210 97 155 402 13 65 488 110
227 107 188 334 469 493 435 220 490 304
146 317 247 481 278 329 406 194 369 485
384 20 199 231 104 444 42 73 122 290
66 29 392 295 64 219 45 320 347 355
443 115 46 261 11 178 446 376 451 433
278 329 486 194 481 369 485 317 201 15
49 25 360 396 116 441 149 10 148 394
364 284 24 359 69 439 484 18 234 208
434 59 325 350 253 366 425 32 301 352
204 168 451 470 11 75 115 489 46 261
146 406 238 197 317 228 481 480 278 329
90 428 127 218 153 298 189 378 203 88
108 279 264 299 338 275 230 185 196 301
255 163 212 431 177 388 331 6 378 405
400 22 314 437 448 468 450 477 417 196
408 181 67 14 80 186 172 141 222 453
325 32 434 48 245 478 59 423 350 341
17 118 268 341 5 423 342 312 180 478
250 212 177 163 331 431 388 405 6 139
343 34 169 346 121 38 152 129 413 401
449 167 288 422 117 457 432 53 340 193
395 70 370 367 269 274 16 462 455 40
415 63 223 158 30 421 124 43 164 130
174 466 180 304 342 469 5 188 118 265
376 115 241 95 11 443 46 451 460 446
72 464 173 373 496 361 348 89 126 50
102 109 35 474 119 216 459 311 302 340
279 338 249 230 108 196 299 468 275 314
166 341 5 423 342 339 118 180 478 44
463 3 424 205 283 430 397 224 79 148
471 407 291 179 330 292 202 41 271 488
312 17 98 254 289 118 335 341 5 423
16 370 395 455 258 487 70 287 44 367
403 337 399 128 477 309 448 468 450 183
214 41 330 45 277 347 226 291 295 355
467 398 140 77 345 356 68 308 414 229
143 125 377 461 62 91 349 410 307 426
462 367 40 70 456 258 353 93 1 395
185 299 301 108 425 131 366 352 389 249
85 144 33 92 31 465 103 201 369 178
226 347 355 214 45 164 271 209 43 41
194 242 481 329 485 317 369 486 238 83
264 249 108 338 299 230 275 196 185 468
165 112 452 433 154 446 417 437 443 241
285 450 491 448 137 314 477 22 399 251
56 53 150 449 368 257 390 167 288 422
424 397 463 79 266 190 286 3 290 205
359 244 439 364 24 234 69 344 484 18
491 281 137 450 82 448 26 314 477 22
290 190 101 73 233 444 79 231 303 397
44 487 339 455 166 16 265 269 370 341
167 117 457 257 422 340 193 432 449 311
98 335 312 7 268 17 323 254 2 118
73 101 286 444 233 190 333 231 303 170
330 471 267 41 271 407 214 179 292 45
202 179 407 488 267 402 471 210 344 155
358 386 382 404 192 105 319 232 336 198
159 229 356 332 345 140 472 371 398 126
29 45 240 347 355 66 214 271 277 209
494 27 412 362 316 211 217 411 215 375
19 71 160 305 453 476 2 336 141 315
203 428 161 127 248 378 90 390 6 153
275 108 185 249 279 301 425 131 366 264
183 145 309 209 128 355 347 403 45 277
425 352 131 185 366 207 389 275 350 306
459 441 119 148 116 35 224 360 149 430
233 114 101 55 290 333 73 286 418 170
469 174 188 260 107 466 237 180 227 342
476 297 315 19 71 160 483 2 453 336
222 207 172 352 80 425 131 301 366 14
349 426 86 62 326 377 379 143 152 129
77 122 467 42 104 272 199 398 140 384
128 183 300 403 145 270 209 337 355 399
206 110 473 13 489 155 75 210 344 195
340 216 457 474 288 102 117 257 167 193
268 98 17 289 254 335 7 118 341 5
129 162 4 38 379 120 169 326 152 343
22 468 448 477 251 450 196 399 400 230
476 483 305 12 420 297 445 19 71 160
217 412 215 494 296 120 4 27 162 362
238 481 146 278 329 194 369 247 242 485
208 354 414 18 68 484 345 140 472 69
336 105 404 160 386 19 297 453 293 141
219 76 64 324 392 66 83 240 485 29
193 54 187 117 87 288 167 422 457 432
385 135 458 1 374 353 456 123 50 40
7 2 335 71 289 19 453 297 141 305
83 76 485 320 194 219 278 64 242 481
253 434 245 32 59 48 350 478 366 425
86 379 426 152 129 413 38 307 313 78
418 365 55 87 114 187 303 54 321 233
100 94 37 409 171 387 81 416 113 375
369 481 242 278 201 317 194 486 465 238
291 41 471 271 267 214 407 45 277 347
177 405 212 139 255 81 416 250 113 375
371 159 401 294 121 229 346 34 356 345
170 73 101 444 233 357 290 231 303 286
493 435 220 227 52 410 490 237 74 427
7 289 323 98 312 2 268 17 71 453
319 160 105 19 297 453 404 141 71 305
399 270 477 403 448 468 314 450 196 128
230 264 196 279 468 249 314 477 108 22
44 166 287 265 487 341 5 423 455 342
457 311 216 288 117 257 167 474 193 449
5 118 423 265 342 254 478 166 180 339
180 5 118 341 466 265 254 423 260 166
169 256 38 34 152 129 346 413 379 313
234 155 402 13 210 439 488 110 195 359
356 68 140 472 414 398 229 126 354 348
121 34 256 401 371 343 332 169 38 159
277 45 355 214 226 209 271 295 164 145
126 496 472 173 345 356 68 414 229 72
307 62 426 86 377 326 143 273 379 152
366 59 425 245 301 352 434 185 207 275
106 9 495 432 429 422 176 167 117 257
301 207 425 131 366 306 389 185 350 222
1 93 456 50 40 225 135 89 462 147
414 318 68 208 345 140 472 18 398 126
347 209 45 277 226 145 214 295 164 300
345 229 140 472 68 398 294 126 414 348
170 39 333 479 101 73 233 444 387 231
293 382 192 386 404 232 105 198 319 336
439 284 234 244 364 344 24 155 402 69
49 116 149 441 148 243 394 302 224 21
373 89 50 464 262 353 93 1 225 72
211 27 411 296 375 494 416 412 171 139
23 393 198 151 482 383 232 235 157 57
244 24 69 284 484 359 18 439 208 234
327 87 418 187 55 54 114 321 193 303
425 350 301 352 59 185 207 131 275 245
274 70 462 258 40 395 456 370 353 93
150 390 161 56 203 282 298 53 428 449
201 329 465 481 242 278 317 486 92 194
269 395 16 258 70 455 487 367 287 274
401 332 121 159 346 294 34 229 256 356
497 213 157 36 151 136 23 393 380 482
361 464 262 89 72 50 173 353 93 1
123 458 111 385 28 322 391 135 78 413
416 411 171 81 211 139 37 405 362 113
95 261 460 115 241 11 443 175 451 46
143 62 273 349 125 307 461 426 86 91
6 127 428 388 218 298 248 431 189 203
152 38 326 129 413 313 169 86 78 162
136 51 36 475 213 189 218 372 127 497
15 442 26 486 82 242 137 278 329 194
192 358 293 232 386 198 404 105 363 393
57 393 58 363 151 23 191 198 157 497
239 199 104 20 42 231 122 444 308 73
458 322 374 135 123 1 111 353 28 456
404 293 358 105 382 319 192 336 232 160
409 479 94 39 328 357 100 170 37 333
431 6 378 163 127 250 428 218 298 189
131 99 301 352 96 185 207 425 275 306
161 368 203 150 298 428 56 127 248 378
28 78 111 413 123 152 374 38 379 169
64 66 219 240 320 29 76 295 324 45
363 23 151 383 198 157 482 57 497 235
149 21 148 116 224 133 360 441 430 134
258 370 70 269 16 367 455 274 487 462
10 25 243 47 49 88 360 153 116 90
79 283 190 424 463 286 266 290 101 73
140 272 345 356 68 467 414 229 472 354
477 337 448 468 314 270 450 196 22 403
251 437 22 417 314 448 154 468 450 196
371 121 332 346 34 159 256 294 343 229
155 210 488 344 195 13 202 234 236 110
270 128 337 309 399 183 477 300 448 468
386 105 293 319 358 336 382 160 192 19
139 331 81 416 177 113 375 61 171 212
247 197 146 228 238 480 317 65 481 278
179 267 292 471 202 291 488 330 402 41
252 14 181 80 67 172 222 186 306 141
387 94 479 328 100 39 37 357 171 170
435 91 52 334 493 74 461 220 227 454
211 375 362 416 27 171 81 139 37 405
494 316 296 217 27 215 362 120 211 4
152 78 379 38 391 169 326 28 129 343
68 354 318 345 140 472 398 356 208 126
259 223 63 30 158 43 421 164 124 226
375 81 171 139 37 411 113 405 211 61
437 154 452 400 251 165 22 280 314 112
55 327 114 365 303 87 187 233 54 101
132 447 191 184 58 96 57 99 383 393
12 445 483 200 315 476 427 305 490 220
158 124 130 63 259 156 415 147 223 225
432 167 117 288 257 9 193 449 457 321
341 478 118 265 5 254 48 342 166 180
463 283 266 397 79 3 190 205 286 430
301 366 352 185 350 207 131 275 59 306
86 307 349 326 62 379 152 129 413 313
490 200 220 445 493 52 334 74 227 435
127 298 248 378 90 203 218 6 153 161
176 495 8 106 436 61 351 113 81 9
205 224 148 3 149 441 116 394 302 266
388 163 6 250 378 255 127 212 428 298
422 9 167 117 257 288 351 193 449 321
446 112 443 280 241 46 165 115 261 178
245 325 253 59 350 32 366 48 425 478
493 52 334 410 220 74 227 91 490 454
8 61 176 113 429 81 171 139 37 405
417 400 154 251 452 22 314 165 448 468
440 175 134 460 133 95 376 21 261 394
359 234 284 344 244 155 402 364 13 488
438 134 175 133 460 21 95 394 376 149
148 116 302 224 149 360 459 430 394 119
26 381 82 15 137 486 491 285 242 278
241 446 46 115 261 433 178 11 376 451
231 73 290 101 333 286 20 233 170 190
420 200 12 427 483 490 315 220 476 493
433 443 241 112 46 115 261 178 280 376
419 184 132 96 191 99 58 57 389 383
314 450 477 22 468 399 251 281 337 196
53 257 282 167 288 422 457 432 56 117
448 281 314 477 22 399 285 468 251 337
11 204 115 246 46 241 261 178 376 168
165 154 280 417 437 112 400 433 251 446
141 19 71 160 297 186 2 336 67 305
60 74 138 52 0 493 435 220 490 410
16 487 269 287 370 44 395 339 258 166
40 353 93 1 462 225 50 274 147 135
340 288 311 117 167 257 216 193 422 449
385 374 322 123 135 111 28 1 391 353
119 302 35 441 109 148 116 263 224 360
95 175 376 438 261 440 134 115 241 11
125 91 273 410 143 435 377 52 334 493
40 274 367 456 353 93 1 70 225 147
424 266 283 3 397 205 79 430 190 224
262 373 72 173 361 496 89 50 348 126
201 92 369 144 329 481 242 317 278 276
180 260 342 174 5 304 118 341 265 254
272 77 398 308 140 122 345 356 68 414
314 477 196 22 448 399 230 251 450 337
304 188 174 107 260 237 227 466 180 334
168 75 489 246 473 204 206 451 310 11
267 291 330 407 179 41 292 271 202 214
126 345 356 68 348 140 414 229 354 398
206 489 310 75 470 110 168 13 246 155
102 216 263 311 109 340 35 457 119 288
189 51 218 380 127 136 248 378 90 428
305 315 483 297 12 19 71 160 420 2
399 468 448 314 337 450 22 196 251 230
48 423 341 32 118 265 5 254 166 253
387 39 409 357 94 170 328 333 100 101
228 65 197 97 221 406 247 236 146 195
317 278 329 194 238 242 369 485 146 201
235 23 363 151 84 393 198 157 182 497
12 315 420 476 305 445 200 297 19 160
18 69 24 208 364 318 244 354 284 414
194 83 278 324 242 481 317 486 329 238
242 15 278 329 194 381 369 485 481 201
287 455 44 16 339 269 166 370 395 265
402 202 292 210 155 344 195 179 234 236
75 473 470 206 168 310 246 110 204 13
427 220 493 200 52 334 74 435 227 445
285 137 82 281 26 450 442 448 381 314
142 182 84 0 138 235 60 482 454 23
52 220 334 435 74 490 410 227 427 454
296 412 316 27 217 362 215 211 411 120
106 429 176 351 8 9 436 61 432 113
173 348 72 126 262 472 464 345 356 68
157 372 151 213 23 393 482 363 383 36
