83 625 176 431 718 385 480 832 68 205
580 781 670 728 654 490 29 378 556 52
926 65 871 657 516 920 479 705 291 953
383 786 773 587 693 312 931 782 320 507
32 650 273 274 939 546 560 914 245 435
37 429 847 424 47 330 569 284 801 630
239 515 835 669 564 972 912 50 753 857
486 170 465 954 67 805 426 458 831 290
123 502 474 139 594 758 237 105 514 549
751 938 106 561 381 812 20 398 18 528
157 162 591 921 741 780 982 151 607 579
201 736 23 388 471 356 179 644 217 872
610 141 409 638 129 665 433 909 252 576
321 613 432 359 209 609 520 542 366 228
633 212 78 189 672 662 72 127 523 90
354 791 316 415 624 289 454 887 365 328
523 744 90 72 662 572 212 189 491 633
238 437 762 862 850 664 104 406 659 629
215 398 812 746 106 528 20 751 338 9
895 958 126 287 827 907 161 407 549 594
528 812 106 956 338 398 751 470 801 18
869 989 467 288 590 927 816 557 173 346
559 581 536 405 891 155 894 322 402 108
11 471 644 201 217 388 736 356 891 325
282 843 816 64 698 467 68 498 778 869
197 449 872 978 770 558 402 729 886 179
646 416 815 529 97 722 494 849 122 370
937 44 949 794 703 280 573 94 40 200
379 695 313 863 303 412 677 275 481 177
52 654 720 849 370 722 378 580 494 97
900 107 169 911 142 119 742 540 369 436
390 495 172 595 278 547 822 86 447 825
4 274 650 546 273 914 939 435 560 245
60 447 658 822 541 278 180 172 824 390
219 983 380 258 797 130 868 820 701 710
227 76 425 880 450 168 299 295 903 505
204 810 932 283 291 788 353 705 775 920
847 5 429 47 424 284 330 801 569 956
411 825 400 673 62 741 278 172 822 390
538 562 882 419 159 977 543 711 95 866
794 496 937 898 164 27 44 413 94 703
950 408 152 214 765 304 213 132 395 248
682 208 220 286 715 783 855 592 500 96
160 530 186 468 696 917 790 485 427 519
937 27 280 703 949 94 794 573 745 796
858 821 714 293 597 623 922 344 505 203
344 922 908 597 293 473 858 714 689 45
847 284 37 801 5 956 429 20 106 528
184 583 928 102 307 319 487 202 906 207
814 77 782 974 403 802 120 320 586 592
912 962 669 193 239 329 6 972 753 835
167 748 196 257 347 606 263 602 250 223
29 720 849 654 722 370 494 97 122 378
626 641 484 265 489 941 986 442 260 218
785 174 609 574 359 832 269 205 830 480
506 80 300 655 787 548 292 135 240 230
187 647 294 253 884 98 697 789 88 628
195 111 667 443 875 660 335 817 665 879
271 955 551 243 74 676 823 279 343 504
63 990 488 137 182 772 839 846 923 769
33 658 447 541 822 180 824 278 363 172
707 985 259 372 678 717 771 391 463 876
741 673 591 400 162 411 10 38 157 825
59 182 990 846 488 137 839 750 772 769
778 282 24 910 870 712 816 376 843 198
920 2 516 705 291 926 953 283 775 871
988 163 301 975 194 752 764 296 364 476
465 805 486 458 343 156 7 279 676 221
843 718 24 176 604 533 625 282 385 64
161 248 132 958 287 407 19 304 895 945
929 261 980 753 833 92 428 668 972 674
363 508 166 824 247 479 657 180 871 541
90 212 523 662 744 633 16 189 14 572
112 511 277 692 936 600 841 732 652 586
551 504 955 823 81 58 129 688 271 610
254 952 453 279 915 343 676 243 458 805
35 880 227 425 450 299 168 295 903 505
403 802 49 782 507 120 586 320 592 814
672 189 127 14 633 662 615 212 523 72
853 533 995 498 698 422 604 837 524 24
655 55 548 506 292 300 240 787 567 135
688 823 504 813 74 129 551 576 610 955
543 503 419 630 882 538 569 711 39 877
0 431 625 480 832 269 176 205 718 194
442 435 941 914 626 260 218 53 546 397
683 740 469 690 381 455 761 561 136 771
547 595 866 495 159 31 562 390 39 172
840 934 362 867 492 154 795 534 616 700
509 884 253 971 628 738 98 647 754 757
877 491 711 572 882 419 977 744 543 538
72 744 16 523 212 572 662 633 189 491
434 407 287 207 612 874 947 635 966 202
833 674 929 668 70 394 980 218 261 883
513 798 203 616 362 371 934 505 821 623
703 796 44 280 949 27 937 745 573 818
977 965 462 882 538 711 39 446 877 419
715 348 438 286 208 510 358 592 42 948
815 849 722 370 494 646 720 122 26 52
789 628 884 253 368 647 88 754 377 56
539 848 244 337 829 440 500 315 351 510
976 666 935 819 413 552 960 164 898 206
593 426 114 517 954 125 236 170 281 614
184 202 48 207 635 874 434 966 612 583
566 177 784 303 809 206 960 313 552 677
224 664 406 397 608 251 260 808 17 941
873 237 241 117 556 139 758 420 490 502
812 20 751 398 528 9 956 18 338 938
911 30 119 900 540 169 369 142 742 436
959 405 477 155 944 894 596 148 536 581
216 997 607 151 780 399 730 921 982 116
358 845 332 438 305 841 663 181 586 348
443 57 660 195 817 667 795 875 867 492
277 73 600 511 841 586 663 120 351 320
367 535 903 902 299 525 168 483 425 227
593 517 101 125 236 426 281 614 767 954
211 234 706 896 475 563 754 150 544 373
767 342 997 730 614 151 109 281 236 216
237 873 420 758 105 241 124 139 556 864
649 387 317 378 497 121 514 123 836 8
540 911 369 107 30 900 169 401 266 191
586 320 403 77 507 312 841 782 181 600
957 836 497 684 550 317 946 514 549 685
494 326 722 175 97 849 606 263 815 720
474 8 594 502 514 549 139 827 907 126
864 420 758 923 117 237 772 873 139 105
236 281 517 614 114 767 593 342 116 101
827 907 895 19 549 594 958 287 550 514
615 672 78 393 14 189 191 633 662 212
418 229 963 925 992 589 632 704 374 448
610 504 12 813 688 576 74 81 141 433
258 710 639 417 219 339 629 34 850 878
138 262 993 933 153 575 811 245 183 444
248 304 69 161 41 950 214 213 408 755
968 627 723 256 585 599 951 323 439 919
200 355 573 521 949 745 466 930 280 27
230 787 636 300 743 506 55 699 80 807
463 455 761 771 690 717 372 740 259 707
488 772 990 59 923 839 63 864 769 124
131 993 262 575 933 245 153 183 560 811
502 237 105 758 117 873 420 8 241 124
645 601 478 834 622 588 617 749 979 553
638 665 252 879 433 12 409 335 964 576
169 742 900 436 30 756 107 909 911 638
856 577 242 828 178 799 375 727 518 905
452 268 421 818 188 796 250 347 94 223
235 318 396 681 953 345 516 357 65 2
198 205 832 712 269 910 778 480 431 574
412 893 272 255 677 311 379 784 365 313
522 477 747 108 959 944 760 885 405 596
570 679 617 588 532 622 961 749 478 231
544 563 373 896 322 211 234 115 217 644
607 730 921 780 997 109 157 342 982 216
408 765 41 395 950 214 304 545 213 132
811 933 444 262 329 131 193 138 993 962
700 867 795 840 492 817 165 87 660 534
944 477 108 581 405 22 894 959 536 522
221 343 458 676 805 831 279 243 290 67
10 921 162 780 151 982 607 591 579 730
648 298 661 555 336 285 470 579 338 982
562 866 39 538 882 419 86 977 543 95
186 43 696 530 790 468 427 917 713 485
69 958 248 19 287 407 132 895 126 91
591 10 157 741 62 921 673 780 982 151
988 975 66 752 296 301 476 194 446 462
413 898 496 935 40 666 794 937 100 27
804 700 621 154 725 867 795 840 526 817
824 247 71 508 363 479 180 657 871 541
51 606 257 263 748 175 326 347 196 250
299 450 295 505 425 623 903 227 371 821
142 900 742 30 436 107 911 756 119 909
7 954 486 426 465 67 101 805 593 458
341 190 686 913 861 757 267 971 738 509
390 278 31 822 495 447 595 33 825 60
590 557 852 222 989 865 493 460 21 288
54 574 785 832 269 609 205 480 431 359
263 606 257 122 326 167 494 51 722 815
385 625 228 718 0 366 542 520 68 83
809 103 303 308 960 784 566 313 206 28
828 375 856 143 905 577 793 242 276 727
872 729 197 388 736 851 770 449 25 402
541 824 363 166 658 71 247 508 60 479
507 332 693 403 845 120 320 312 586 786
846 63 750 59 270 990 839 488 769 137
883 394 674 993 575 262 138 131 916 92
48 102 202 583 928 307 207 319 635 874
233 384 890 620 675 356 618 619 201 11
160 696 43 790 427 530 713 468 716 917
294 56 647 697 253 759 884 98 333 789
250 268 347 452 748 223 144 51 860 167
662 78 633 523 212 14 672 72 90 16
171 971 861 757 341 738 509 913 686 88
393 401 266 615 127 735 672 369 314 78
865 376 870 460 557 459 210 973 605 173
329 962 444 50 811 912 153 669 933 239
764 301 364 66 389 431 83 988 731 480
57 667 875 111 335 443 665 879 964 252
602 748 51 352 257 223 347 167 860 603
25 449 872 179 558 402 978 729 770 886
146 712 205 910 778 832 64 870 605 843
571 724 737 733 931 587 773 889 383 653
134 573 949 355 280 745 703 27 466 521
356 11 471 23 388 620 325 736 217 644
635 207 102 874 966 434 184 612 91 270
513 93 371 798 505 623 821 295 45 616
932 36 810 788 283 519 291 485 353 705
832 146 269 198 480 431 574 174 712 83
552 566 103 809 819 784 960 177 303 272
434 635 202 874 91 966 102 612 270 407
42 715 286 96 682 592 348 220 802 337
520 542 366 228 604 385 176 321 13 533
459 327 680 973 460 297 671 376 605 192
115 896 234 563 706 544 150 475 373 754
633 72 662 14 90 189 523 16 744 78
214 897 950 906 304 41 487 132 408 319
213 950 41 897 304 408 906 132 152 487
746 18 398 981 812 106 528 382 751 20
109 399 997 607 702 151 780 730 116 232
325 644 471 23 322 527 891 201 356 388
668 833 941 92 442 260 626 980 53 674
34 258 130 380 983 797 710 639 820 417
783 682 855 969 42 331 414 651 803 901
156 831 290 328 343 458 676 805 246 624
852 493 173 590 557 989 865 288 21 460
860 748 347 250 196 721 51 188 602 739
104 397 664 260 406 608 941 251 808 442
685 684 943 582 984 734 545 836 550 946
501 568 749 942 482 940 588 445 350 149
35 425 76 450 168 880 299 295 505 903
385 542 520 366 176 209 604 625 718 0
128 925 418 992 963 704 589 374 249 632
636 135 743 787 300 699 506 807 55 499
961 578 553 854 978 622 886 449 570 149
702 584 399 779 216 694 109 997 603 116
384 185 619 532 890 675 618 620 679 356
115 706 211 475 896 754 150 563 544 373
145 396 953 318 516 681 65 920 2 705
125 614 281 517 767 114 116 342 593 101
117 105 873 758 420 139 241 124 556 502
762 437 862 17 850 629 339 417 251 664
6 669 912 835 515 972 50 564 753 962
292 567 548 334 350 655 482 80 445 451
556 873 105 117 237 490 420 139 728 758
799 727 856 143 577 800 885 518 596 793
676 271 343 279 58 458 156 952 955 805
440 99 848 539 351 829 337 663 500 315
560 575 939 993 273 138 650 4 131 183
290 289 831 328 624 415 791 221 156 15
479 166 508 71 657 871 824 363 926 180
132 69 161 304 958 41 755 950 945 407
349 374 704 656 987 992 766 925 382 229
347 188 748 223 268 51 860 167 196 452
406 664 104 224 437 608 397 17 238 260
665 433 879 141 335 638 576 964 12 875
647 884 98 88 628 56 789 509 187 368
453 75 915 952 279 357 343 676 243 458
272 311 147 893 598 677 784 365 412 566
599 723 968 951 439 133 627 919 483 904
263 51 167 175 606 196 602 748 352 326
130 219 34 710 639 417 380 339 983 629
717 985 707 61 372 463 678 771 136 391
397 941 224 442 104 218 53 626 84 664
70 753 929 972 980 428 92 833 835 912
131 933 138 153 993 811 444 575 183 329
175 257 606 167 51 326 122 196 602 748
691 830 297 327 973 712 198 609 605 359
986 484 641 489 967 53 611 626 916 838
735 401 314 191 708 393 369 924 615 540
686 554 341 310 171 806 913 190 466 861
452 188 144 250 347 421 223 748 818 860
480 832 574 205 431 174 146 83 54 0
750 966 846 182 635 874 612 63 207 202
58 243 955 676 551 343 279 952 458 74
255 784 677 147 566 412 311 103 379 303
650 939 4 560 32 245 274 575 546 914
32 546 4 914 650 273 435 939 560 84
918 863 689 28 379 313 695 677 412 481
461 793 361 375 856 930 178 727 242 792
112 600 841 586 73 663 120 351 305 320
172 822 390 447 31 33 495 60 825 595
343 952 676 458 243 805 75 156 67 271
745 703 949 44 573 94 27 466 937 200
125 236 614 767 517 342 116 114 730 593
24 64 816 467 778 843 698 869 870 910
291 810 705 920 36 775 353 65 516 204
801 47 956 847 37 20 338 470 528 5
579 555 982 298 780 921 158 157 607 10
208 592 715 96 42 802 348 682 358 663
407 895 19 958 91 126 161 827 726 881
927 989 21 590 565 346 869 991 173 460
415 246 791 290 624 454 15 328 831 354
246 831 221 328 289 156 624 415 791 67
920 283 705 775 65 516 353 810 2 36
548 240 655 567 80 334 350 55 482 506
714 922 858 597 45 344 46 821 908 623
187 56 697 759 647 333 253 423 884 98
505 450 168 623 371 299 425 821 227 203
476 752 446 975 462 163 965 988 95 66
327 691 973 210 680 605 264 459 671 870
158 555 648 285 661 579 336 982 470 780
168 903 450 295 425 535 623 505 227 113
506 787 55 135 80 230 655 636 548 743
194 66 988 764 163 83 975 364 0 431
994 899 441 456 340 386 701 808 820 608
313 177 103 784 28 379 677 566 695 809
132 214 248 950 213 41 897 408 69 906
600 841 845 110 586 332 663 120 358 181
634 859 892 377 880 368 76 789 35 98
319 928 487 583 906 48 897 184 102 213
499 177 809 303 481 695 103 807 960 313
687 842 392 643 550 888 957 881 370 121
806 554 466 267 745 686 355 200 949 573
255 598 893 365 887 147 272 316 454 354
320 782 120 693 403 507 786 773 931 181
28 303 379 863 677 695 784 412 177 103
708 735 924 266 464 401 191 353 369 775
829 640 848 948 510 99 244 438 440 348
365 354 15 893 311 887 454 598 415 255
497 649 118 121 836 514 957 549 946 387
681 145 345 235 357 396 953 915 516 453
307 487 906 928 897 583 48 213 184 214
312 120 782 403 507 586 77 181 693 786
13 613 432 209 359 520 542 366 228 609
373 891 644 559 544 217 22 23 471 325
585 996 763 627 133 940 968 256 723 482
410 998 838 404 611 857 776 844 512 835
217 527 471 356 644 201 23 620 11 388
122 175 606 494 167 263 722 257 51 849
210 297 680 973 459 605 671 691 460 376
624 831 791 246 221 290 289 156 15 415
193 444 962 811 153 50 933 912 262 669
569 424 630 429 503 5 82 37 847 543
969 783 220 855 414 682 651 803 500 42
845 181 507 110 693 403 305 120 586 320
759 423 697 448 537 632 294 187 589 56
350 567 482 240 292 942 445 451 548 940
665 875 879 252 964 433 141 667 768 12
661 470 648 338 158 528 956 20 801 298
500 539 99 803 244 848 855 440 783 42
528 470 20 812 956 336 398 106 801 661
629 417 878 850 639 710 862 762 130 457
441 808 899 608 302 994 664 104 512 17
686 171 267 913 190 861 554 757 971 310
116 730 767 997 614 151 281 236 607 109
279 676 458 156 805 243 952 221 67 271
597 46 922 858 293 908 714 45 473 689
681 357 318 915 145 453 235 254 396 75
991 565 927 524 288 422 21 869 989 995
250 748 223 188 51 196 860 167 268 602
96 510 438 715 358 948 286 208 110 440
656 249 987 374 766 704 382 992 981 925
334 482 567 942 445 240 501 940 451 292
440 663 244 841 600 277 358 438 305 848
603 602 694 196 779 257 51 748 584 263
775 464 291 705 283 920 516 924 810 65
15 316 365 454 791 887 415 598 289 311
521 134 930 200 573 361 806 949 310 466
201 620 471 325 11 890 23 527 217 388
345 915 681 453 318 254 75 145 952 235
110 438 845 348 510 96 663 332 305 841
432 609 613 785 54 830 13 174 264 321
518 979 834 577 885 747 799 601 242 143
461 930 276 521 793 355 375 178 134 856
616 934 798 87 93 840 513 867 492 154
71 824 166 180 508 247 541 479 657 658
389 764 731 194 716 480 431 713 301 269
893 316 311 354 598 255 147 887 454 15
520 604 209 228 385 542 533 176 718 68
113 902 535 525 903 483 299 951 168 227
377 789 892 98 628 859 884 253 647 634
540 119 911 107 401 266 191 735 393 30
849 720 97 722 52 494 815 687 29 646
505 295 623 203 450 513 168 821 425 93
771 707 717 463 61 761 259 136 985 455
544 322 563 891 644 559 150 217 22 896
704 249 349 992 656 925 987 229 766 128
178 856 793 828 143 276 242 577 461 727
870 192 910 605 973 778 865 64 210 459
892 368 859 789 634 98 628 306 253 884
387 118 654 649 29 52 580 1 781 720
28 412 313 677 863 303 695 784 275 147
983 34 820 219 797 701 386 258 456 868
561 469 938 683 9 85 751 740 106 690
766 981 987 656 746 349 215 249 18 374
773 3 587 786 931 312 693 724 320 782
233 619 185 532 679 149 618 890 675 388
176 228 625 542 520 366 718 604 209 0
701 456 820 994 302 380 899 983 34 797
378 118 649 654 317 29 52 720 370 580
736 179 11 471 23 872 201 729 644 197
364 731 764 716 713 194 480 427 431 269
172 31 278 495 822 595 447 547 825 33
678 876 768 985 964 61 259 409 879 707
888 842 643 881 709 550 726 309 719 957
191 615 127 401 672 266 78 735 369 14
883 674 183 92 833 668 916 929 967 218
765 545 152 984 408 943 41 225 582 950
235 953 145 516 65 920 705 318 2 775
260 224 104 941 664 442 406 218 53 608
812 18 106 528 20 215 751 338 746 9
702 216 232 109 997 607 584 116 151 730
411 673 38 62 741 825 591 162 10 157
191 266 735 393 314 615 369 127 708 540
558 770 197 25 581 179 760 729 559 851
77 507 782 120 320 181 312 586 802 49
857 998 324 564 642 410 515 472 6 835
108 536 894 959 22 155 581 430 477 596
664 251 104 224 608 397 437 17 260 808
287 91 895 434 958 19 161 947 726 612
152 41 765 950 214 395 304 213 132 545
12 141 638 665 964 879 610 768 909 335
324 838 998 611 844 776 512 404 489 484
400 38 825 673 62 741 591 162 278 10
379 677 147 28 313 784 272 863 303 275
164 935 898 666 496 100 40 794 976 937
651 969 855 783 901 220 331 803 936 682
289 454 246 15 791 887 354 624 290 316
529 26 646 815 97 826 63 59 769 722
710 629 339 639 850 130 862 878 762 258
128 963 229 589 925 632 992 448 537 704
543 882 538 711 39 82 977 877 562 95
117 758 237 124 873 864 105 139 241 923
818 796 144 452 268 94 703 188 937 44
524 995 837 498 991 853 777 698 79 346
333 448 537 759 697 632 589 294 963 187
429 330 5 569 37 630 847 503 47 82
227 450 35 168 295 299 505 76 371 623
954 101 593 170 114 7 517 486 465 125
790 713 716 696 731 186 389 160 364 574
980 774 929 70 659 833 261 668 753 92
5 424 37 330 847 569 47 630 284 503
894 792 959 596 536 405 800 108 727 155
480 83 269 0 832 205 574 625 764 146
613 359 609 13 785 321 830 54 264 174
576 252 665 141 879 813 638 335 12 610
91 207 635 407 874 202 966 612 287 947
914 84 546 442 274 941 626 32 218 53
756 742 909 142 638 169 12 141 610 409
238 762 17 862 251 850 406 664 104 629
358 510 348 96 110 948 715 351 845 440
919 904 599 256 618 968 675 723 133 527
244 351 663 848 99 539 829 337 438 841
340 899 808 302 994 608 456 512 664 17
941 84 260 626 435 397 218 53 914 224
111 660 817 57 795 195 867 492 154 534
329 811 193 153 933 962 262 50 131 912
451 482 942 350 631 334 501 970 226 567
462 476 296 965 752 95 977 975 163 538
33 822 60 278 658 172 541 390 180 31
537 632 423 333 589 759 963 697 418 128
25 872 197 978 179 578 729 886 558 854
295 168 505 425 299 623 371 227 35 821
445 631 970 482 350 942 334 501 567 226
268 144 188 421 250 818 347 796 223 748
915 254 75 357 952 345 279 681 343 676
887 415 598 354 289 316 15 311 365 791
136 690 761 463 740 771 372 717 85 707
386 994 701 302 820 899 441 380 983 34
526 878 725 621 339 804 639 629 417 850
805 343 676 279 156 67 243 221 952 465
210 460 680 327 973 192 671 376 865 297
459 210 865 590 192 989 680 173 327 557
276 361 930 793 375 521 178 856 727 355
446 965 476 95 296 977 752 538 882 711
136 717 771 455 372 761 259 707 690 985
924 353 708 775 314 705 283 291 810 920
486 67 805 7 458 170 343 156 279 831
745 806 280 949 310 703 573 200 94 44
869 816 698 21 282 24 498 64 422 524
917 530 43 485 160 519 186 788 696 932
381 683 561 85 938 740 9 690 751 455
338 336 528 661 20 956 812 648 801 398
217 325 23 644 201 388 11 356 527 736
531 642 868 564 857 515 404 797 998 835
908 689 918 46 275 344 922 597 863 293
123 594 8 514 549 827 907 502 126 895
754 706 234 115 628 211 884 88 98 509
296 446 462 752 965 975 95 163 977 988
944 108 155 522 148 581 405 959 760 747
645 617 588 622 570 140 749 149 553 961
871 247 657 508 926 166 71 2 824 363
269 431 832 574 83 205 174 0 146 389
695 28 499 308 863 313 807 275 379 303
350 942 334 501 445 940 567 226 451 240
525 951 723 902 256 968 367 599 133 113
489 265 611 641 986 844 838 53 626 776
519 917 468 788 530 932 204 43 36 160
465 7 67 170 805 954 458 343 831 156
906 319 897 307 928 213 583 214 48 304
137 839 990 772 59 769 63 923 182 826
484 611 641 844 265 838 776 53 986 410
728 556 670 241 781 105 873 1 237 117
89 572 877 744 711 16 90 523 72 882
534 867 795 840 817 154 87 660 700 934
222 852 173 590 557 989 288 865 21 927
722 122 849 97 720 815 326 370 175 52
31 595 390 547 172 86 278 822 825 866
40 898 164 794 413 937 27 935 44 666
317 836 121 649 946 514 957 684 549 118
995 698 853 422 79 524 816 991 467 533
807 308 481 699 177 695 809 303 28 313
337 803 539 855 783 99 244 682 220 969
226 942 568 482 940 749 445 350 451 763
139 8 123 237 758 105 474 117 420 873
630 82 543 569 419 330 882 538 39 424
74 129 81 688 551 610 823 813 955 12
295 371 623 450 168 821 425 203 299 513
300 55 787 80 135 655 548 230 292 636
181 403 693 332 320 782 77 120 312 845
71 247 657 166 479 363 824 871 926 180
88 971 738 884 757 253 628 861 190 754
438 348 948 96 358 315 829 640 715 848
73 692 112 652 936 732 653 901 974 277
776 844 838 611 410 324 489 484 774 998
93 203 798 371 616 505 623 821 295 362
549 907 594 827 497 121 474 126 317 836
564 6 835 239 642 972 857 669 404 472
920 953 65 705 775 291 2 396 283 353
114 125 236 593 281 614 101 767 426 116
360 577 979 799 885 242 143 747 800 856
485 788 917 932 204 468 36 530 810 43
366 209 228 542 604 385 176 533 718 625
355 930 134 361 200 461 573 806 310 276
760 148 477 581 944 108 886 402 558 155
662 16 72 90 189 212 744 633 572 78
991 422 995 498 346 853 837 698 777 869
483 902 951 367 113 723 256 535 968 599
725 457 621 804 878 165 339 700 629 154
325 217 620 356 471 904 890 644 201 618
20 338 812 106 470 398 956 18 801 751
416 26 646 826 815 769 63 839 59 182
468 43 917 160 485 186 696 519 790 788
472 868 642 797 564 857 404 983 515 998
679 619 149 384 570 233 961 588 749 622
79 604 853 366 498 995 843 68 698 520
492 795 867 840 817 87 154 660 934 700
113 903 367 299 902 168 450 425 525 227
894 405 22 430 108 959 581 559 155 596
448 632 423 589 333 759 963 697 418 128
39 882 977 419 711 562 95 543 877 159
99 337 244 848 500 440 829 803 351 855
119 369 911 107 30 401 900 266 191 735
180 658 824 363 60 166 71 33 247 508
228 209 520 385 366 176 604 625 718 321
419 82 882 503 538 711 39 877 977 630
373 563 896 322 150 211 891 559 22 644
984 395 943 225 582 765 685 734 152 684
274 914 32 435 4 650 84 273 939 442
86 595 495 31 866 390 159 172 562 278
655 292 240 80 567 55 334 506 350 300
514 907 827 594 126 121 957 474 19 895
957 643 888 121 392 684 842 836 685 126
74 955 58 504 823 271 81 688 129 243
206 819 566 960 809 103 976 177 784 100
854 231 578 961 978 622 886 588 449 570
310 267 806 686 341 466 355 913 521 745
298 285 579 158 982 648 780 661 157 921
241 490 105 873 728 237 117 670 139 420
173 865 590 852 222 192 989 460 21 493
402 197 25 760 886 978 449 179 770 854
22 891 322 581 851 402 770 644 373 536
245 939 575 273 650 993 4 32 138 274
381 938 469 9 751 683 85 106 812 20
159 39 538 866 882 419 977 543 95 711
544 896 211 373 150 115 322 234 536 22
515 642 6 835 857 472 404 239 998 972
346 927 288 991 989 21 524 869 590 422
206 103 784 552 272 177 303 809 677 960
334 240 350 292 482 548 655 445 942 451
749 226 501 588 942 149 570 622 478 617
330 630 503 424 82 429 5 543 37 419
149 617 588 622 478 679 961 749 645 553
199 733 737 724 889 931 653 587 652 773
744 491 90 16 89 72 523 877 662 212
949 200 703 280 134 27 745 44 466 94
174 269 832 480 54 205 431 785 83 146
245 993 560 138 939 131 273 183 262 650
433 813 252 141 665 688 610 638 129 12
143 242 518 856 799 828 727 360 178 800
231 978 553 854 449 961 886 25 197 872
982 285 780 555 921 607 157 151 298 109
1 781 654 670 728 29 490 378 52 387
22 155 402 559 477 405 944 770 108 536
734 943 984 685 225 946 684 545 836 121
928 307 48 319 184 487 102 906 897 202
779 232 694 702 603 399 352 216 602 109
323 627 996 133 763 968 256 723 940 599
120 841 600 320 77 403 277 802 305 507
931 773 724 383 312 737 3 199 782 786
622 478 749 617 570 645 149 568 140 553
632 963 448 537 418 128 423 229 333 759
173 989 557 852 288 21 222 460 865 493
741 162 62 10 673 157 400 921 780 982
802 286 77 208 715 841 586 96 49 403
101 114 517 426 125 236 954 281 614 170
827 474 907 549 126 514 123 895 19 8
547 495 86 31 390 172 866 278 159 822
959 800 885 747 430 108 799 727 894 405
344 858 922 293 46 714 45 908 821 473
887 311 255 454 365 316 893 272 354 147
256 439 723 968 904 919 951 133 618 627
841 277 586 305 663 120 112 351 320 845
834 140 979 645 478 360 588 622 148 522
352 196 603 257 748 51 694 223 263 347
352 694 602 779 196 584 257 51 748 232
366 533 520 228 385 209 79 718 542 68
973 870 376 910 327 297 712 210 192 778
167 263 175 257 326 51 122 748 196 494
151 780 109 921 997 730 216 982 157 579
808 664 104 340 224 406 441 397 251 17
785 359 54 432 174 613 830 264 574 832
129 12 141 638 576 504 813 409 433 665
489 844 838 484 776 410 641 265 512 324
947 874 726 966 635 91 202 434 881 270
432 13 359 321 609 785 830 209 520 54
236 767 281 125 116 342 517 730 997 114
127 393 672 191 78 401 14 189 633 266
362 798 934 93 513 87 203 840 867 492
570 478 588 622 149 645 961 749 553 140
919 675 904 890 439 620 527 185 599 356
532 384 679 233 149 185 570 961 231 588
890 356 201 675 527 325 471 618 185 11
804 725 526 165 457 700 154 878 867 840
588 478 617 570 553 645 149 961 749 231
821 505 295 168 371 450 45 299 203 714
328 791 831 246 289 15 290 221 415 354
176 0 385 718 83 228 68 431 366 542
53 641 442 941 265 986 84 484 967 218
133 585 968 323 723 256 996 599 951 439
98 884 789 253 88 754 647 368 509 475
339 850 417 862 710 639 878 762 130 238
503 569 82 330 543 424 419 429 882 39
970 451 445 905 828 360 518 577 143 350
589 537 448 963 423 418 333 759 128 697
14 212 72 189 662 78 523 90 672 16
306 859 892 377 368 789 98 880 628 76
202 966 874 207 434 612 270 102 91 750
230 743 135 699 787 300 807 506 499 55
739 721 860 223 347 748 196 250 602 188
141 909 12 252 433 665 409 879 756 610
710 417 130 339 629 258 878 850 862 219
315 948 829 510 848 438 348 99 244 358
53 489 484 265 626 611 986 844 776 838
472 564 531 515 857 404 868 998 835 6
888 550 392 881 709 842 957 726 126 895
217 891 471 322 23 325 388 559 373 11
478 140 588 622 617 601 570 749 553 834
26 815 416 97 529 722 849 494 370 122
253 56 884 98 187 628 88 789 294 509
661 158 336 298 470 555 338 285 528 801
118 317 497 387 378 121 514 836 957 549
273 4 32 939 274 560 546 245 575 914
414 901 936 969 855 783 803 220 331 682
653 692 732 889 974 936 511 814 733 901
889 652 732 692 974 733 814 511 737 936
29 52 580 1 378 720 781 387 670 849
548 80 292 55 240 506 567 300 334 787
987 349 766 249 382 374 981 704 992 746
926 479 871 508 247 2 71 166 65 363
541 60 180 33 824 447 363 166 71 822
774 428 17 980 417 710 512 850 862 776
817 443 795 111 867 492 154 534 700 57
648 336 158 470 298 338 528 555 956 801
523 189 72 212 16 633 90 78 14 744
351 841 600 440 277 586 305 244 110 358
104 406 224 251 608 397 17 808 260 437
335 252 879 141 433 964 12 638 875 576
935 100 413 976 164 898 819 496 552 960
195 875 57 335 665 879 964 252 111 768
833 218 92 929 980 674 70 428 394 265
239 912 6 50 835 972 962 515 753 564
728 781 490 1 580 556 241 654 378 105
777 680 837 210 327 459 422 297 460 816
127 78 615 189 14 633 393 662 212 191
62 400 741 411 591 38 162 825 10 157
394 92 883 833 668 929 183 70 218 967
890 618 919 620 904 185 439 356 527 325
343 243 458 279 156 805 271 952 221 67
379 412 784 313 272 303 863 28 147 103
391 985 876 61 259 768 707 717 964 372
532 149 570 619 961 588 622 617 749 384
671 210 327 459 297 777 460 973 837 691
318 345 357 145 235 915 396 453 953 254
220 42 783 855 208 969 331 414 286 803
85 469 381 740 561 690 938 455 761 136
685 836 225 734 957 121 946 582 550 943
225 684 582 734 943 836 984 946 957 550
341 267 171 554 913 310 190 861 806 757
309 842 370 392 97 815 550 643 849 957
81 813 823 504 576 129 74 610 433 551
918 473 275 908 863 46 28 695 379 481
761 740 455 136 771 463 85 372 683 717
264 297 830 327 973 605 680 210 712 910
652 732 936 653 974 511 901 889 73 651
786 181 507 312 332 320 403 782 120 3
779 603 352 584 602 232 196 702 257 399
28 481 313 863 379 303 275 177 308 412
186 790 160 427 43 713 716 530 731 574
759 333 294 423 187 56 448 537 647 632
498 816 467 24 995 853 422 869 282 524
807 743 499 636 230 308 481 135 695 177
154 165 867 795 840 804 817 87 492 660
820 386 456 994 380 983 302 34 797 899
399 232 216 584 109 997 779 607 116 694
949 94 280 44 573 745 27 937 796 466
374 992 249 925 349 229 656 128 987 418
920 291 775 65 516 283 353 953 2 810
475 234 115 754 211 896 563 628 150 884
372 61 259 717 771 985 463 761 678 136
314 924 464 735 266 353 401 775 705 283
719 881 726 888 392 945 643 947 755 550
417 130 639 629 339 850 258 862 878 219
877 882 419 977 538 89 95 543 39 491
910 198 778 870 146 64 605 376 973 205
716 427 731 790 389 696 364 574 186 269
293 858 45 922 597 821 344 623 46 203
96 208 286 348 42 592 438 510 358 682
713 731 427 389 790 364 696 764 574 480
259 463 372 707 985 771 136 61 761 455
68 176 625 843 385 0 604 366 228 83
945 709 726 881 755 888 947 392 643 612
52 849 722 370 29 97 494 122 654 815
739 860 637 223 347 748 196 250 602 188
494 849 97 720 370 122 815 52 646 326
951 256 968 133 599 483 627 439 525 585
737 931 199 587 571 773 733 383 312 889
526 621 804 457 165 700 878 154 339 867
881 947 709 888 719 392 612 945 643 287
800 242 799 856 596 793 430 143 885 577
670 490 781 556 1 241 580 105 873 378
851 770 179 872 736 197 25 402 449 388
151 342 997 116 607 109 921 767 780 216
389 716 364 713 764 427 480 790 269 194
974 652 692 653 814 936 889 511 901 49
571 889 737 653 199 724 652 931 974 732
582 946 943 684 685 836 225 984 121 957
266 314 401 708 191 924 393 369 464 540
388 11 179 872 729 23 851 201 197 471
724 199 571 931 733 889 587 653 773 814
971 757 509 861 88 190 884 253 913 171
721 637 860 223 347 748 196 250 602 188
690 85 455 761 683 136 771 463 469 372
62 591 673 162 10 400 157 411 38 921
142 436 169 756 900 909 30 638 107 12
636 699 230 807 135 499 787 300 481 308
90 572 16 72 523 491 212 662 89 633
466 280 949 703 573 44 94 806 200 27
215 981 18 382 398 766 812 106 751 528
885 596 148 959 108 800 799 477 405 522
347 196 51 223 250 167 860 602 257 188
568 588 226 478 622 570 149 617 645 501
846 270 182 966 63 635 59 874 612 947
9 106 938 812 20 398 528 561 18 956
296 975 476 163 446 988 462 66 965 301
261 972 70 835 929 980 912 239 428 669
475 706 628 884 234 88 98 115 509 789
945 719 709 726 947 881 248 132 69 214
909 436 638 742 141 12 610 409 142 129
861 738 971 509 190 913 88 171 341 884
420 237 117 124 864 139 873 105 923 502
333 697 423 294 448 537 187 632 56 589
522 886 558 402 25 477 581 854 148 197
771 690 136 455 463 372 740 717 707 259
238 862 850 437 17 629 339 417 710 878
996 940 323 585 942 482 501 350 627 226
364 194 389 731 301 431 480 83 716 66
152 395 408 41 545 950 984 214 304 132
382 987 656 981 349 746 249 215 374 704
116 614 342 281 236 730 997 125 151 517
964 876 879 391 335 665 409 252 141 678
839 826 488 63 59 137 182 990 529 846
729 851 402 25 179 197 872 581 559 558
372 761 463 136 707 717 690 455 259 61
137 923 990 488 864 59 124 63 839 758
587 383 931 3 312 724 786 782 320 693
659 428 980 776 929 512 70 844 261 833
353 705 920 291 516 283 65 953 464 810
844 512 838 611 489 410 324 484 641 428
837 671 422 680 995 524 853 498 698 991
910 64 870 712 376 282 198 24 605 192
694 584 603 232 352 702 602 399 196 257
607 982 921 151 579 109 157 730 997 216
670 1 728 580 490 556 654 378 241 29
403 312 320 77 507 49 120 693 181 786
855 220 969 331 414 682 803 651 42 500
566 103 272 677 303 313 177 379 412 206
54 609 174 359 432 574 830 832 205 613
693 3 312 383 507 181 773 782 320 403
300 135 506 230 55 636 80 743 655 548
519 932 204 485 36 917 810 468 283 530
98 368 628 884 377 253 647 892 88 754
427 696 186 713 716 160 731 43 389 574
624 15 328 289 415 354 246 831 290 454
430 894 727 536 959 596 800 405 108 793
276 856 375 727 461 242 143 178 800 799
40 937 27 496 44 898 164 703 94 280
867 817 492 154 840 660 534 700 87 443
94 818 421 703 44 937 280 27 949 745
868 983 531 34 380 472 219 820 642 701
616 93 513 362 203 934 87 371 840 505
242 800 727 885 577 596 143 856 518 747
799 727 596 885 242 959 430 747 856 577
956 284 47 20 338 528 470 847 106 812
592 77 403 49 586 286 841 120 507 814
500 855 337 783 414 969 651 220 539 682
165 621 725 700 526 154 867 457 840 795
67 458 343 465 156 279 676 486 221 952
310 466 554 745 949 267 200 573 280 355
499 699 308 743 481 695 636 177 809 303
340 608 441 899 664 104 224 406 302 17
960 177 103 206 566 308 303 552 784 819
36 283 204 291 932 705 353 775 920 65
153 444 933 329 262 193 131 962 138 50
398 106 20 528 18 338 751 956 470 215
576 688 433 81 129 610 252 504 141 12
49 974 732 77 802 782 653 652 403 889
646 97 26 722 849 494 370 416 122 720
467 282 698 24 869 64 498 21 843 422
795 660 867 492 154 443 534 840 700 111
421 796 94 144 452 703 44 937 280 794
552 976 206 100 960 566 809 103 666 177
701 386 456 380 983 994 797 34 219 302
623 45 714 505 858 295 371 293 203 168
447 278 172 33 390 60 31 658 825 495
81 688 74 551 504 955 813 129 58 576
166 180 363 71 247 541 508 479 658 657
38 411 400 673 278 172 822 390 31 62
769 839 529 488 63 182 59 416 846 137
126 907 594 895 19 549 514 287 958 474
178 905 143 856 375 577 242 970 793 518
848 315 99 244 640 948 510 539 440 438
264 691 609 359 785 297 432 54 198 146
290 328 221 246 624 156 289 791 805 458
205 269 480 146 574 431 174 83 198 54
668 92 929 980 70 218 674 428 261 394
601 979 140 360 645 518 148 747 478 522
972 515 6 239 753 564 669 912 261 642
121 684 497 957 946 685 734 317 550 582
777 422 671 995 524 853 498 79 991 680
410 611 844 776 324 489 484 512 998 265
769 488 826 137 59 63 990 772 182 846
87 867 492 154 795 934 534 700 817 362
586 600 663 277 120 305 351 802 845 112
309 392 687 643 888 550 881 726 957 709
68 24 718 282 64 816 533 698 778 79
776 611 838 489 512 484 410 641 324 265
332 110 181 358 305 507 586 841 403 120
750 182 270 63 59 966 990 839 769 488
37 47 5 284 429 801 424 956 330 20
99 829 244 539 315 440 337 351 510 948
722 97 720 370 494 52 815 122 29 646
862 629 762 339 417 238 710 17 878 639
729 770 179 891 559 736 872 402 388 197
222 173 493 557 590 989 865 460 288 21
79 995 498 422 533 698 524 837 777 991
886 553 978 578 231 449 558 25 961 197
783 969 803 414 220 500 651 331 682 901
143 242 577 375 727 178 793 828 799 800
404 998 564 642 515 472 324 6 531 835
597 293 45 714 922 344 821 46 623 908
892 634 377 306 368 789 98 628 884 253
223 721 748 347 739 196 250 637 602 188
757 913 738 971 190 171 509 341 686 88
850 762 238 629 17 339 437 417 710 878
275 28 313 379 695 677 918 412 303 481
923 124 758 772 420 990 117 237 137 139
192 557 173 460 376 590 459 852 989 21
159 562 86 39 547 538 595 882 419 977
795 154 492 840 817 700 534 87 660 934
531 797 472 642 983 34 564 380 857 219
467 21 816 698 989 288 282 991 590 524
376 910 778 605 712 973 64 192 327 282
479 926 657 2 247 508 65 166 71 920
449 179 197 729 25 736 388 770 851 978
117 241 105 237 420 556 758 139 124 490
635 612 202 966 207 947 434 91 270 102
667 335 195 665 879 964 252 433 768 57
768 391 964 678 879 409 335 985 665 875
711 89 882 491 419 977 538 95 543 39
339 457 629 639 417 850 710 526 862 762
252 665 964 141 335 433 768 638 875 409
76 35 227 425 450 299 903 168 306 295
726 888 709 392 643 719 947 842 945 550
538 419 977 711 39 543 877 95 562 89
394 183 674 92 916 967 833 262 668 993
628 88 253 98 647 509 789 754 971 738
747 596 799 800 959 242 518 727 148 108
854 978 760 25 558 553 578 449 197 402
454 598 311 316 415 354 365 15 255 893
643 881 392 709 726 550 842 719 895 947
653 733 652 732 737 692 974 571 814 724
620 675 356 618 527 185 919 201 325 904
559 644 322 851 22 179 23 217 373 729
377 859 368 634 789 306 98 628 884 253
365 311 147 255 316 272 598 412 677 354
536 430 405 959 108 792 596 22 155 581
19 126 287 827 958 907 407 594 888 643
563 211 544 115 234 150 373 706 322 792
906 213 487 214 319 950 304 307 41 132
496 164 413 40 935 794 666 937 100 27
302 441 994 340 808 456 386 608 701 512
169 30 142 107 742 911 436 119 540 756
651 936 414 692 969 855 783 732 220 803
525 367 113 483 535 951 903 723 256 299
535 299 113 168 367 450 425 295 227 35
439 919 618 527 599 675 890 256 620 325
828 970 143 178 631 856 577 375 242 518
897 487 319 213 307 214 928 304 950 583
126 827 549 594 895 19 514 957 550 121
473 46 344 689 922 597 918 293 858 275
756 638 141 436 12 409 610 252 433 576
712 870 778 376 605 64 198 973 282 146
107 119 540 30 369 900 169 142 742 401
669 50 239 962 6 972 835 753 193 515
861 341 171 757 686 190 267 738 971 554
435 546 274 84 32 442 4 626 941 650
453 357 254 75 345 952 681 318 279 343
967 986 265 394 674 626 883 484 92 53
468 485 530 519 43 788 160 932 186 204
275 689 863 473 28 379 695 313 908 412
618 439 904 675 599 890 256 527 620 968
291 705 65 516 775 283 2 953 353 810
780 151 607 157 982 730 10 109 579 997
293 597 46 344 858 714 908 45 473 821
864 772 124 990 137 758 420 59 488 117
708 464 314 353 735 775 266 705 283 291
992 229 128 704 374 418 249 963 349 589
2 871 657 479 65 508 247 516 920 71
288 565 346 989 991 21 590 524 869 422
583 307 319 48 487 184 906 897 102 213
70 833 980 92 261 668 428 674 753 218
521 361 355 461 276 134 200 375 793 310
587 724 773 737 312 383 199 782 320 3
204 788 36 810 519 283 485 291 917 353
153 262 811 131 444 138 329 993 193 183
362 87 840 616 798 867 492 154 534 795
666 413 164 100 898 976 496 40 819 794
901 692 651 732 652 511 414 974 653 73
27 44 794 40 703 280 94 949 496 573
561 9 381 751 469 106 683 812 20 398
560 273 650 245 4 575 32 274 993 546
763 942 996 482 501 350 226 323 334 568
442 260 397 84 626 53 218 224 435 641
501 482 226 350 940 445 334 568 451 763
984 582 734 225 545 685 684 946 395 836
155 477 108 581 522 405 148 959 22 760
719 755 709 726 881 947 888 612 69 248
734 836 582 684 497 685 121 943 957 514
612 726 881 874 709 719 407 945 91 888
510 640 315 348 438 829 96 848 358 715
573 703 280 44 745 27 200 94 466 937
214 41 213 408 304 152 897 132 765 906
723 483 256 968 525 599 133 902 627 439
75 279 254 343 676 458 243 453 805 271
396 516 235 65 920 705 2 775 145 291
170 426 7 486 101 465 593 67 114 805
58 551 271 74 243 823 504 81 676 688
801 20 528 338 284 106 812 470 47 751
121 550 836 684 643 685 497 907 549 888
19 161 895 287 69 126 407 827 907 248
108 596 405 894 430 747 536 800 477 885
809 177 552 206 103 819 566 308 303 784
231 553 578 570 622 149 617 854 679 588
193 50 329 912 444 669 811 239 153 753
418 589 128 632 229 448 537 925 423 992
768 879 665 876 335 252 141 409 875 638
462 95 446 977 476 538 882 711 296 39
635 270 874 750 202 207 612 434 846 91
916 986 265 626 484 53 674 641 92 394
133 256 723 627 599 951 439 585 483 919
414 783 331 855 220 651 803 682 901 500
631 905 451 828 445 577 143 518 360 856
738 509 757 88 861 190 884 171 253 913
835 753 261 6 239 515 912 669 70 564
605 327 297 210 870 376 910 459 680 691
732 814 49 652 653 692 889 936 511 77
163 752 988 296 66 476 446 301 462 194
100 819 666 552 935 960 206 413 809 566
95 882 538 711 965 39 419 877 462 562
854 578 449 886 25 197 553 558 231 872
834 360 601 518 747 885 140 148 577 799
428 929 70 833 261 668 92 774 753 218
382 746 766 215 987 18 656 349 398 812
579 780 285 921 607 157 151 109 555 10
380 797 34 219 820 868 701 386 531 258
943 545 582 225 395 685 734 684 946 765
259 678 61 717 707 391 372 876 463 771
265 967 916 484 641 626 53 489 611 92
656 766 382 349 249 981 374 704 746 215
163 66 975 301 752 194 296 476 764 446
288 590 21 927 173 557 869 460 852 565
59 137 772 488 63 923 864 839 182 124
524 346 422 995 565 927 498 288 869 21
925 704 229 374 128 249 418 349 963 656
138 575 131 245 262 560 933 183 153 939
302 456 899 386 441 701 820 340 808 983
853 422 498 524 79 698 837 991 777 533
763 323 585 940 627 133 482 942 501 350
109 730 116 216 151 607 342 767 399 780
404 324 857 410 838 564 642 515 835 472
