891 536 780 1420 1304 930 1313 19 291 373
19 623 291 1465 1004 1535 907 536 575 1420
1231 1239 318 421 1485 923 1259 525 1293 87
133 111 1452 1565 803 1402 171 980 173 1213
1395 71 1522 578 60 1531 563 412 319 338
234 1397 876 341 776 865 251 48 660 1410
1257 1198 166 1042 617 812 1245 1248 489 103
680 1543 1224 414 955 483 553 762 1371 1061
195 1122 862 566 1201 1383 381 819 1246 1452
1439 660 859 971 665 1234 1152 1556 218 267
65 1473 647 775 1300 1603 972 589 1382 519
29 929 130 1084 1625 935 1538 729 457 990
800 224 1600 314 1140 1626 811 682 705 583
909 1138 1218 413 382 837 563 1322 675 1404
1359 1275 1185 1132 868 21 39 1456 470 983
924 1567 1575 808 132 620 1144 556 90 574
927 1079 408 718 1141 1386 1412 1621 1065 416
188 774 1460 1238 961 1392 604 1226 1490 356
1625 1009 1345 1222 935 729 29 148 748 1065
1 291 1535 536 623 1282 1420 0 575 1313
505 1587 331 986 1464 1455 1413 1217 432 1271
868 1132 14 1474 746 319 412 1147 470 1275
468 1015 307 772 398 624 827 1408 150 431
550 1573 386 87 235 555 795 240 946 556
206 377 1063 1330 345 1235 253 1506 1454 700
1125 1317 963 593 522 900 254 1018 1365 1146
94 104 1035 1368 284 260 516 397 741 1470
1399 325 834 109 1394 268 810 474 804 1301
583 1229 1600 800 811 705 722 12 314 80
11 1625 729 130 1538 929 935 1084 18 457
1551 177 779 1264 906 343 672 368 1335 455
1404 600 1378 145 413 1027 71 578 401 622
603 1320 834 1394 804 667 439 702 27 268
584 1622 915 650 962 1210 192 1278 1417 1228
462 1576 1184 1437 220 1372 225 1093 554 1105
1624 832 405 1409 725 1380 932 1572 689 490
1425 666 113 299 726 1373 673 163 43 1165
143 1595 1040 1481 1160 242 568 387 1178 1448
1324 1369 93 102 147 1112 1497 920 1262 1396
1185 1132 1265 755 1147 1156 14 1359 105 1347
1480 1499 1092 465 652 1336 649 734 388 1046
359 127 602 1202 1360 1209 481 787 1592 1120
1516 1250 1197 950 293 1175 614 671 1433 1318
1445 113 262 905 726 183 530 1165 887 666
1590 326 1327 1352 1429 1073 323 1542 1072 869
1431 1518 1472 1023 301 1591 814 277 678 1071
1276 901 479 458 114 1032 1618 473 1088 1461
1555 790 1414 1259 363 1239 421 289 203 374
776 876 1397 1486 1296 127 787 481 5 234
1020 120 701 1089 1205 81 964 257 165 890
813 370 1212 1274 1150 1113 872 1069 683 637
464 524 139 1075 1503 1131 730 1022 562 934
1558 466 1487 292 1166 1163 751 904 1552 557
1349 1453 1222 586 148 263 1617 302 1009 1145
659 315 1620 604 1131 1226 456 995 1460 1507
1478 1237 839 103 1580 879 754 1126 78 489
1389 131 1227 870 86 803 951 571 1290 768
1342 1243 922 1249 914 297 434 105 1314 793
1054 920 1418 403 1047 1045 1324 1319 1362 785
1214 1120 1443 677 365 369 1202 1096 1448 1592
1395 1522 4 643 348 319 412 634 1531 563
1052 283 906 1608 98 981 871 1151 1551 796
1311 1166 1471 796 1487 283 871 751 1608 1604
1346 256 694 955 1462 545 378 411 1224 1500
451 1211 1169 711 542 619 1582 244 838 459
10 1603 1382 1477 1300 775 1344 1473 647 424
758 1482 304 893 239 612 74 535 1042 1245
1079 82 167 1386 1412 1241 908 860 1135 823
1221 1078 1170 1033 1305 478 1258 1194 179 1236
171 402 870 1534 1136 467 86 727 111 1506
126 688 1470 969 422 848 506 991 531 801
4 578 413 563 145 1395 31 1531 319 412
1343 612 691 228 1117 758 1177 1458 390 423
574 1612 808 1244 1338 1575 573 372 15 795
155 535 1039 758 239 66 1315 1442 1482 691
1347 389 1265 967 755 1249 744 1342 1090 1569
212 1275 1456 470 340 508 459 868 1100 983
455 767 1581 523 1109 343 1181 1536 841 672
953 1478 1126 303 809 103 159 636 55 572
1552 1489 372 292 1293 843 393 1558 904 561
1550 722 811 1077 1303 592 1229 1463 583 705
1493 120 154 165 875 49 1205 964 581 853
1241 67 842 823 860 1135 1419 549 167 191
503 1486 787 1441 533 1209 1435 1596 1296 127
254 1294 940 1340 648 501 454 963 342 781
1604 799 751 1388 541 557 1311 308 466 1487
1534 870 1227 56 353 628 69 1290 803 1389
550 318 23 235 386 1231 525 427 795 1573
243 935 1034 929 748 191 274 200 261 1135
894 1062 1233 1618 560 786 901 824 821 486
937 642 1567 132 619 1169 1144 15 924 551
1103 1450 282 1252 654 1364 769 1162 1512 678
1504 681 590 877 1173 1440 896 1074 1381 723
1112 1417 38 650 440 1324 102 1622 1369 1054
741 26 397 284 1035 516 1368 260 104 202
549 794 261 1176 1520 332 1419 743 1108 842
1366 410 857 391 335 713 1384 497 1444 1247
366 460 1610 847 211 1235 369 1448 1063 387
1335 1052 374 61 1551 684 750 906 1151 981
1320 507 944 1192 733 439 449 702 1115 1459
486 830 327 1038 591 1149 715 114 1062 1087
686 1060 844 752 428 194 1563 1105 651 942
1086 1396 1369 915 38 650 93 192 1262 1099
1126 489 839 55 617 1478 78 1257 1248 1350
26 1035 1368 801 126 984 1470 94 1215 516
1243 1367 755 514 1185 1249 1359 914 235 39
1544 296 829 351 178 182 835 477 1326 174
504 957 1314 297 1309 529 653 747 836 913
1411 940 781 342 528 974 1225 355 84 648
474 325 27 810 1399 1053 1394 917 834 268
625 376 1148 628 1194 533 1179 1435 1305 1155
1565 727 171 3 1213 1452 803 402 1454 133
553 1475 1203 1302 457 753 367 661 714 1538
262 36 43 666 1165 1425 726 905 1445 299
901 1276 1149 1233 46 1461 486 1618 830 100
162 1482 782 239 1416 1042 166 943 304 66
1476 931 1188 232 822 450 1260 1133 933 320
831 1532 1615 509 756 378 1064 694 411 567
1544 1082 178 1326 388 734 1277 1058 153 121
530 1384 335 1445 547 726 391 887 43 96
81 964 49 875 1089 1529 1164 1493 1020 1205
1336 1057 1058 734 735 1326 1480 465 118 388
181 1164 656 1557 1519 1281 1529 333 350 964
521 754 1623 1085 1350 839 658 1237 1564 692
1514 317 615 977 160 1455 668 140 970 1217
322 1492 1223 816 1200 445 598 1428 1568 559
1470 70 801 1035 104 506 422 969 260 26
787 41 1209 359 481 48 1360 1486 1202 503
448 1049 485 1351 1066 1553 626 1285 520 1273
482 1530 1295 473 1240 551 1297 238 945 1461
457 1084 11 29 1538 367 729 1302 753 929
1402 803 571 56 951 1389 870 1098 173 1191
620 1333 90 15 1169 1567 556 1575 619 937
980 1452 3 173 1402 676 1565 1383 862 111
858 1466 471 928 608 737 1307 141 1316 1509
1002 1267 1513 849 394 419 531 180 565 1562
1059 697 607 469 1467 1609 361 719 1619 216
1108 200 743 879 1034 1171 159 794 1580 499
1363 975 978 1422 664 759 142 278 1599 887
712 730 1075 562 51 1571 463 464 1269 1308
1050 1036 977 217 1167 615 1376 124 1217 221
952 559 471 1000 928 1492 1091 134 737 765
1363 685 352 278 982 1599 138 498 975 213
1595 37 242 387 605 568 1160 1448 847 1040
717 1410 359 170 481 548 537 276 334 1511
1378 578 1498 622 31 71 600 1531 633 1007
1212 921 539 1113 1199 769 716 872 328 1056
1497 512 1540 1324 1369 1262 38 920 587 415
586 1065 1222 1141 53 1621 1345 18 1009 1412
1517 247 1523 1228 1210 225 1375 584 347 219
624 1015 294 1579 491 354 1048 22 379 1037
1578 1406 1301 1025 582 1589 641 1116 268 1399
226 601 216 1510 607 1208 771 1614 469 696
1082 1016 1566 1277 657 447 178 1046 357 118
1493 853 1400 745 81 581 875 487 165 120
74 1315 1039 215 360 1017 239 535 484 1416
1187 1606 904 591 821 327 843 1552 1087 1038
938 1043 1469 354 330 863 1545 1579 874 294
890 408 257 718 1020 287 1423 1089 1386 1548
879 1171 303 1478 137 78 1353 1580 1108 55
1514 615 273 651 124 1271 668 752 1217 1563
1491 861 1183 323 1280 979 968 1327 420 1072
115 1416 943 782 241 902 239 1482 484 518
1373 1425 1299 1270 655 1525 36 1332 461 299
939 664 1083 1110 919 947 278 198 978 1029
1205 1561 1493 1268 81 581 154 701 1230 120
1042 6 617 1248 782 115 425 1198 1257 1482
1412 1135 67 748 1079 1065 1345 1241 191 82
863 1401 270 433 938 1501 1272 1102 444 874
1467 1003 1619 802 1059 492 380 1292 1609 444
334 1421 1393 548 144 1028 717 276 595 736
402 727 69 111 870 1506 803 3 467 1565
1242 941 1021 605 199 1121 1331 847 242 185
1098 980 1402 133 704 1287 571 3 131 1044
829 201 428 686 351 182 998 106 844 1219
635 903 1058 835 770 1057 265 538 1326 1123
820 1382 424 849 1603 394 404 991 1524 1391
368 779 343 1181 30 480 1264 229 455 1581
1277 1082 1544 118 182 106 153 1326 829 1566
1170 773 1033 184 1216 690 861 68 968 306
826 1513 419 249 954 527 135 1267 936 1002
122 350 1519 1529 1164 823 964 860 1281 656
1277 1219 829 178 686 106 174 942 844 1566
905 1611 1422 759 540 43 887 262 1165 643
1216 1170 544 179 231 912 1305 773 1033 861
941 568 242 1121 1001 699 1527 605 172 199
992 491 1142 1588 379 1526 1037 1614 624 1094
1436 461 1556 1270 1332 665 1253 493 1130 1373
17 774 1392 1423 1460 287 1238 344 604 1323
1424 1071 1321 880 1030 763 1472 1355 577 277
919 576 207 852 947 1488 797 446 1295 1110
261 1135 1419 1034 748 88 1241 743 167 549
1594 1086 915 1341 1099 584 33 102 1013 275
1325 1107 575 213 392 761 982 1559 429 546
1413 1563 432 1283 844 986 305 101 752 1587
8 381 723 1122 1246 1383 756 862 1074 1532
441 1463 783 1446 1140 280 592 219 1303 1012
632 708 732 1499 465 307 494 398 735 1408
244 1110 1083 340 508 1582 1211 1029 164 711
1121 845 172 788 941 1331 742 1021 1533 185
137 243 1034 743 499 1010 1108 88 274 1171
351 174 645 1377 998 829 428 106 477 716
284 1569 1153 260 389 744 741 1090 94 1186
427 1259 318 790 793 1239 914 1367 87 47
407 275 1539 1093 1162 638 1157 1437 1375 1594
706 324 866 517 692 1080 1546 1602 248 728
24 377 253 1506 1063 467 1306 1454 402 1159
446 576 1240 190 1295 947 395 945 919 1530
1191 588 1098 569 739 704 571 430 337 1570
1428 1601 322 1091 703 245 997 598 928 358
1076 265 1011 1207 630 362 1081 903 679 1256
1159 369 856 850 460 97 738 366 1592 453
459 76 340 1456 1582 580 1100 1275 470 508
685 982 547 193 1599 1325 761 142 1559 335
1398 892 828 546 252 458 1088 429 1004 255
501 360 1315 484 155 648 1340 1018 1017 1416
469 1510 152 607 1292 309 236 601 1614 226
1036 1167 400 140 1376 357 657 1050 977 1566
1234 971 859 1390 9 267 673 1444 1152 299
1446 1523 247 196 347 949 1012 783 441 592
554 1060 34 1576 222 1105 1437 462 1364 428
1337 1036 1455 1217 977 400 1376 140 970 986
554 285 998 428 220 1060 1450 1364 1377 833
1598 884 1427 1385 1508 965 227 815 956 371
1626 12 1140 1157 800 682 1463 1539 314 811
1517 1576 1372 1055 740 34 1210 462 149 1105
771 687 152 607 1208 719 601 216 1476 1407
1508 996 321 965 1146 223 825 884 522 1385
1458 1343 1357 1339 72 1117 641 1177 1449 976
368 1479 480 791 702 1115 1181 177 779 993
1568 1200 869 349 1206 994 640 1223 1352 1590
353 544 1305 625 184 1170 628 1227 1194 1216
1260 320 116 510 1133 1370 1188 931 629 822
1607 630 1355 266 880 310 683 1256 1076 1207
5 876 660 776 1415 1397 889 865 48 341
386 1367 427 514 87 23 946 550 105 914
1515 309 1510 1097 1614 601 216 1142 1094 433
1574 855 1127 960 807 1006 1024 585 639 373
1088 1597 1530 473 945 479 129 395 1240 488
1416 1482 115 1315 74 66 155 162 484 758
258 1573 1333 555 620 556 580 23 1100 838
902 1225 1220 943 162 528 1416 484 342 1434
568 143 941 185 605 37 1527 387 1595 1121
88 274 200 1034 1010 929 743 499 191 261
198 1211 711 1110 1582 852 64 919 340 542
380 1609 1601 703 997 697 1619 209 1059 1316
763 415 599 814 1071 987 512 1472 1540 189
1012 219 1523 149 1228 1446 1375 441 280 196
1564 959 324 517 1426 279 1026 205 1623 521
527 1203 898 180 954 714 753 826 1513 1008
1524 565 1064 1387 567 1061 1371 1562 394 404
1577 846 865 695 341 5 760 371 815 1430
1398 907 1554 1032 214 458 805 546 1004 1618
206 1306 1159 467 1063 579 850 1506 24 377
454 963 84 1294 593 1340 1146 25 956 1125
1559 1196 488 892 352 828 429 982 1325 1597
411 63 694 1462 819 1346 1122 381 1532 817
1423 344 701 1020 158 287 188 49 1205 890
580 240 1100 555 1333 838 1573 983 620 946
577 1274 637 370 277 1424 310 880 1113 266
1035 284 1470 422 202 1153 26 94 126 741
191 743 1419 1034 95 794 549 1135 88 1108
905 113 43 1165 348 183 1611 675 666 36
1453 1379 53 1008 302 1009 1349 1222 873 662
1507 1447 1124 1101 516 1158 1368 456 984 315
903 210 1081 1011 635 1076 538 175 679 362
310 637 683 813 233 1274 577 880 1150 259
1234 1152 1427 971 1182 1439 1385 371 9 218
834 582 1399 804 27 1301 1406 151 709 1394
1361 500 1528 1204 1104 397 693 749 1022 1447
1102 1501 443 663 168 1401 863 1172 874 409
848 1477 688 1344 991 452 437 820 70 422
1531 312 338 1186 1498 578 633 1090 1522 1156
1563 1271 331 160 752 1464 1413 1514 651 668
1068 243 1010 564 929 990 88 200 1502 499
204 1594 407 638 1341 1013 1162 1375 192 1093
595 717 334 1511 1434 355 1220 144 170 537
1518 1472 1424 259 328 45 1071 370 301 577
939 142 498 664 352 1363 164 138 947 1083
333 959 1266 324 248 1281 866 1291 552 1143
1375 407 196 441 1140 1157 1012 247 1539 682
1180 300 1457 597 882 418 1509 435 1189 802
1252 654 91 678 1512 611 1103 301 789 769
1608 871 61 796 62 906 1052 981 1166 672
202 741 94 260 26 1035 744 1569 397 1153
998 1450 222 833 554 1103 1377 1364 921 91
649 1405 1134 708 764 979 1499 732 420 1605
1423 316 1323 188 718 257 158 1392 1374 895
766 1006 960 613 958 1312 373 825 1051 1304
594 1555 1151 421 981 47 1239 1052 1414 374
1584 806 385 596 988 1334 1041 1284 1420 610
19 1420 1 1041 1465 623 536 1584 0 669
1558 1489 79 52 561 1163 1552 923 1293 904
1197 1479 791 42 950 1070 1175 1516 229 779
1048 616 150 354 624 1015 491 1579 1043 1545
1286 1050 1251 615 1167 1174 651 1014 160 140
835 106 1544 477 1326 351 770 1058 175 829
1309 1314 107 922 1342 957 434 57 504 747
841 1109 1255 1505 515 1329 767 1053 523 77
1390 1373 1332 36 673 666 859 1425 1270 1444
281 1457 435 1307 1509 382 597 858 882 1180
678 1518 1199 1431 328 654 45 611 769 277
1453 1349 888 1583 263 543 662 53 1379 1617
953 636 78 159 1353 1171 1478 426 809 879
1245 66 502 1482 1042 893 1198 631 758 115
986 1376 1283 1217 194 942 1563 432 844 752
690 1033 1206 1568 1223 816 478 926 773 179
398 1408 22 468 732 1015 197 772 494 1403
757 1604 1388 1311 1537 1471 618 85 1284 751
236 1515 1094 1272 433 216 1292 1510 1614 1142
266 880 637 577 233 1355 259 1274 813 683
1502 1168 910 990 1001 966 1068 1527 699 564
272 1186 633 437 1498 1153 1531 452 338 422
661 742 845 483 545 1533 1119 680 1475 955
705 1600 1279 1496 12 583 1140 682 800 811
1507 456 54 995 1124 659 1131 1101 1620 264
1374 1323 416 287 718 927 895 1328 1621 1145
970 1139 124 668 1514 1455 570 1337 977 674
87 203 2 1231 427 1239 1259 421 235 550
1474 412 643 1395 60 4 563 540 21 746
1133 232 510 1370 931 1260 116 629 1560 1188
522 227 825 996 1146 1508 1024 593 1317 766
125 209 1492 1428 1091 598 1200 1601 1223 928
1327 1183 161 1129 979 326 44 1491 1072 1352
205 248 517 866 279 1564 959 1266 692 706
27 109 1394 474 917 993 834 1399 603 1581
44 1542 1429 883 1129 1327 323 1590 985 1352
100 1087 1038 591 1606 156 486 830 1338 821
1518 1199 1113 301 277 370 146 45 1431 259
1106 1454 700 1213 377 1330 1201 566 817 727
1043 1469 899 1319 587 157 1545 874 1497 1128
1413 1464 20 273 1563 1271 1587 986 505 194
1580 794 658 1237 1108 1176 95 754 879 743
1281 279 1266 1291 959 656 122 552 1519 1154
170 595 276 1421 518 717 1393 144 943 1220
119 547 1384 761 1366 96 497 530 1445 213
1056 539 538 770 477 645 679 872 716 903
989 569 1432 739 1014 1310 1547 1174 436 588
272 1156 1531 412 634 1522 1147 1090 578 1186
1287 1193 526 676 1095 1362 980 1044 1246 1047
508 1582 212 459 76 470 198 644 1029 244
1410 1397 695 5 537 251 481 876 1430 48
1225 648 940 108 902 528 241 84 484 1411
1181 455 177 77 1581 672 30 368 779 1536
701 257 356 1423 774 1205 1020 188 1561 1230
1235 1021 442 1330 1331 1242 1063 1610 24 172
558 1288 401 418 597 1195 519 1451 1027 399
949 1523 878 1517 1372 219 1496 149 280 247
643 1395 905 675 1611 60 262 563 4 319
869 1541 918 640 230 1073 1200 1590 384 851
1529 181 860 1548 1519 823 908 1164 122 964
201 106 645 829 174 477 296 1377 835 1544
142 498 1196 982 278 255 1559 685 1363 939
231 628 1227 544 86 625 1534 1290 1305 184
1579 938 157 294 150 1043 1272 491 1094 616
974 1511 1411 1430 1434 537 276 528 695 717
1230 344 1561 774 1205 1238 1490 701 17 188
1566 942 400 1376 217 657 1219 1277 305 153
724 997 1428 1601 598 640 209 1541 361 1261
41 481 602 127 144 1410 548 1202 1397 48
1018 215 1017 501 1340 155 1365 1315 1125 963
697 719 1261 997 136 1407 724 1609 607 358
1011 1069 679 1207 1150 210 683 630 813 1056
1414 747 790 47 1005 1555 793 529 374 684
815 760 956 884 781 1294 846 1598 454 974
1448 1214 1443 1160 1595 59 426 366 387 1096
97 1448 387 1214 847 1610 369 365 1595 460
1302 457 1084 130 910 1119 966 1475 112 11
177 229 779 1479 480 1181 343 30 791 1264
211 856 1214 59 1592 366 1120 97 460 1159
1274 1113 259 50 328 813 637 1212 277 577
1152 1577 1439 1598 1427 815 865 846 267 251
843 573 79 1612 1552 393 1244 1293 73 1489
960 891 1304 613 930 585 288 1006 0 237
684 1151 1414 98 1052 1555 1005 363 750 289
1483 1622 1417 962 440 1310 1044 739 650 704
1148 1435 1155 110 1067 533 628 1136 625 579
1506 1454 206 24 329 727 1330 402 467 253
694 509 1224 1371 117 63 955 411 414 1064
431 1588 624 854 1037 186 827 1254 992 1526
245 1619 1609 802 1059 882 703 1316 169 1601
1122 1532 411 195 756 8 819 256 723 694
1307 909 1218 608 435 13 300 1322 858 1509
1586 1549 493 1436 1258 698 1130 889 1415 1236
1560 1073 918 985 1429 851 1370 1541 511 1590
780 1584 290 596 1263 784 1420 930 1041 0
235 946 23 555 514 87 550 1573 1367 427
1595 1448 143 847 366 605 37 365 1610 97
734 1480 1092 118 1046 1082 1016 40 1336 153
1347 75 744 1569 967 202 1090 1265 284 1156
1190 1117 1546 612 893 1358 1602 1137 72 1449
1444 1384 857 96 726 673 119 1182 666 335
881 761 497 575 1282 193 1535 1366 335 1107
1244 1485 1293 525 372 1612 1231 79 1489 923
1524 565 849 1002 176 135 404 250 820 424
945 488 1597 446 1196 1240 207 1530 238 498
644 746 978 1029 759 540 470 1474 868 508
741 94 693 1361 516 269 1447 284 26 1368
494 307 827 772 22 1015 468 1254 624 197
1288 1019 1356 999 1451 409 558 496 721 346
1376 357 217 1036 221 1217 305 942 1566 140
1027 1195 600 597 346 1457 1404 418 519 558
171 1506 69 467 727 1136 111 1454 377 1306
1045 58 1418 920 1128 710 899 785 1319 911
1387 1524 424 1391 534 1613 394 176 250 567
1572 832 35 1127 1409 1574 495 1624 639 1495
445 478 1236 816 438 1549 1130 1078 559 1223
204 1375 275 280 1539 1013 1093 1157 1594 638
1386 718 158 16 890 908 1079 927 1548 1141
443 916 1019 1356 1172 721 399 1161 1102 270
1247 857 96 713 621 1366 1051 958 391 1182
1532 694 256 381 1122 117 63 756 819 378
1147 319 338 1522 634 4 1132 60 1156 1531
71 1404 563 13 31 909 1138 4 578 145
1371 1061 7 1224 1543 762 1562 378 1064 509
1540 246 512 599 987 763 587 147 814 1497
1145 1621 1374 927 316 1328 586 1617 1141 718
1440 911 1348 785 1504 1045 681 877 818 1381
597 1451 346 1288 281 1180 1189 1457 401 496
969 1267 826 180 506 135 531 1513 707 936
1491 792 1134 979 768 1605 1280 286 161 912
1239 289 594 2 1555 1259 923 47 318 1151
437 1470 848 260 1153 1035 70 126 688 312
1177 1442 691 1380 1343 725 973 1585 535 1039
1391 1603 404 176 775 1382 1524 534 394 1387
572 1248 1421 782 518 1028 166 809 334 943
636 1443 1160 1353 1096 365 1481 303 953 677
1367 203 235 914 318 793 87 386 1243 1259
686 174 222 101 1060 998 844 201 829 220
546 1325 892 1559 255 1107 982 828 193 214
764 1605 1570 951 1191 1134 588 571 768 885
379 1188 1588 933 1260 772 624 1254 827 854
1413 1283 986 1587 194 305 844 1563 20 331
1292 444 1272 309 168 1401 469 1094 1003 236
967 1309 1342 297 744 693 1204 75 1249 57
1457 300 909 382 1027 1307 1404 597 281 1509
447 1432 885 569 1016 588 1046 337 1174 657
422 848 312 633 452 1153 1470 271 1186 260
1130 1253 1000 406 559 445 1549 1236 1436 765
733 667 1320 487 99 32 1400 804 507 709
1417 1112 1193 1044 375 93 1483 1362 1622 1054
196 1446 1012 783 280 247 1375 219 1228 1463
1330 1468 1331 700 345 1021 778 788 1106 24
409 270 916 1102 1172 663 1356 1501 1019 1161
433 1401 1292 1003 1118 168 169 1272 492 1467
406 816 559 1492 125 438 478 1223 1236 1000
207 947 395 498 1196 1240 190 939 919 945
1016 436 657 1174 1432 153 1046 1566 1167 1014
626 1553 128 1154 1351 1049 1285 1291 1273 485
1459 1269 507 463 1192 1354 99 670 562 1268
933 1188 1208 116 1476 1588 771 696 431 687
838 64 1169 459 1211 1582 580 711 619 1333
1344 633 1521 848 437 271 1477 622 312 1300
1592 856 1596 1360 738 503 1209 1202 850 211
1146 1294 593 956 254 963 84 1508 884 364
77 343 672 1536 523 1581 1181 1109 177 1537
1131 315 1503 1507 1101 54 1620 264 1124 995
130 1538 367 1302 753 112 1084 29 1475 11
46 1088 1032 479 252 214 828 901 1398 238
212 1582 451 340 838 1211 580 76 64 244
97 1063 1159 211 1235 1610 366 369 253 850
1270 765 187 1253 1299 1436 1332 163 1373 1000
1184 1372 34 878 1279 1576 225 1093 682 1517
1269 1459 670 712 449 562 1308 139 1490 1571
1075 51 1175 934 1022 524 139 562 1433 1503
1336 1499 40 632 197 1480 735 708 121 734
52 557 1558 1487 751 1187 904 799 85 292
1136 1306 402 1506 253 69 206 1067 171 377
22 1403 629 1408 772 307 398 1260 1542 1015
216 1292 1467 607 136 1059 433 152 169 309
644 868 508 76 1275 340 746 1029 396 212
737 952 141 134 928 608 1525 1000 1299 765
689 1589 777 1025 897 932 1624 1616 1593 1301
482 479 238 1530 129 1461 1276 1088 945 46
109 325 767 917 841 1053 1581 27 810 993
886 798 674 1139 505 570 1464 668 1271 317
1258 698 1221 925 1179 1194 1078 1441 68 1305
770 645 835 336 296 351 538 106 201 539
406 1236 816 1078 306 68 445 1033 1549 1223
473 46 238 1276 1088 458 1461 482 1530 901
229 1181 368 993 917 177 1581 702 1479 343
359 1397 1410 127 144 876 48 41 341 537
473 129 1461 715 1297 1530 479 1149 1276 238
680 955 313 545 661 7 1224 1346 63 1475
1315 902 1416 215 648 501 241 162 239 342
1049 128 1066 520 709 1351 976 448 487 745
100 591 1062 1233 830 1149 327 114 821 89
745 1400 1066 667 733 439 154 853 709 485
1597 1196 395 255 828 1088 945 892 238 446
103 1257 839 1350 1126 617 6 812 55 1248
973 1495 1380 832 1572 1442 1365 35 900 405
1579 186 1094 150 1048 624 294 1142 992 379
1189 1003 496 1118 169 802 1180 1451 444 1172
1586 665 1415 383 1436 889 660 187 1556 9
398 772 632 827 1254 513 1123 307 197 735
1111 1127 1616 1409 855 1298 405 731 897 585
1189 1451 1172 1356 492 1118 399 1102 418 1180
761 1366 392 335 713 881 96 410 193 547
939 278 352 1196 446 947 142 395 488 255
1178 1010 200 1171 1040 137 1481 243 1353 564
1528 1204 269 749 653 1104 1022 1361 957 1433
215 1340 648 360 84 1018 484 1315 254 963
631 1137 1245 893 304 720 1198 1190 728 66
83 1596 1209 787 1435 1360 453 1155 533 1486
107 836 957 653 913 529 1318 614 1314 297
798 20 1464 674 570 331 1455 1587 1271 475
707 969 801 419 1215 826 126 70 662 936
449 99 1268 1459 581 733 1400 670 439 1192
644 340 470 1029 198 76 212 396 1083 1582
378 117 1064 1371 831 567 694 1532 1224 1615
320 629 232 1260 1370 772 1133 985 468 1403
1560 1261 851 822 1133 1407 931 384 1370 724
1540 147 415 1262 599 1114 1497 1369 246 587
1031 1254 1123 1081 635 494 854 1256 772 827
946 1359 235 386 105 1367 983 1185 555 427
1255 1593 1053 867 841 298 532 777 897 1329
1368 1447 264 1158 1361 397 94 26 1101 984
692 1564 1623 324 205 248 521 1085 1494 706
943 334 595 425 1421 782 1220 276 241 162
558 1195 647 1007 972 346 1300 401 1288 600
1049 485 1406 976 709 582 641 128 1285 151
123 1623 658 1564 754 1426 517 1085 1237 1176
321 1317 25 593 825 1146 1024 227 807 900
1537 1536 1109 455 77 1505 757 672 1471 796
1104 1503 1022 51 464 1528 1101 1131 1361 456
1231 1485 393 795 550 1244 87 1293 574 923
1095 339 877 1047 1362 590 1246 676 1193 1504
249 898 1008 936 826 180 1379 873 753 1203
1434 1225 1411 1220 108 355 342 241 276 595
1005 913 747 504 1314 107 684 363 1318 836
119 547 1445 887 1599 43 335 1384 975 726
1267 991 849 820 969 688 135 419 70 176
731 1329 1255 596 867 784 515 988 1111 1593
1435 1441 1179 83 110 376 1194 925 503 1486
1613 1391 948 1232 404 1387 896 775 424 567
1039 74 758 1442 691 155 423 66 973 72
0 19 1313 1304 1282 1535 891 291 1420 780
1410 1511 1430 695 341 717 355 144 1397 276
770 903 336 679 1056 1011 477 265 175 539
336 1056 146 872 716 1212 645 921 538 679
1611 759 1474 746 643 183 396 319 675 1422
610 840 1388 1284 799 85 806 864 1604 786
711 619 64 797 852 1169 642 1211 244 451
606 1349 1484 1617 1583 302 995 1124 1453 53
231 184 353 912 1290 1216 1227 1170 1280 1305
1533 1346 483 313 955 845 1500 63 788 1462
429 892 1398 214 1107 1004 1325 252 828 1559
530 119 335 213 1599 887 1445 761 685 1384
736 1393 170 602 144 359 1289 677 1421 1028
95 1419 1520 842 1241 261 1176 191 82 1135
87 23 795 1573 525 386 1231 556 235 318
1144 937 1297 1295 1488 129 1567 642 924 90
1281 1519 959 1026 842 823 1520 333 279 181
112 1475 680 1203 1543 714 7 1302 661 483
1364 222 220 1437 285 1450 34 1162 998 1184
946 258 386 240 983 1100 23 1573 580 514
1573 620 1575 795 240 574 15 1333 550 23
799 824 466 1187 85 821 751 904 894 1558
519 346 1288 972 1195 999 647 399 401 418
1000 1492 141 445 438 952 125 1091 406 1253
1554 1618 89 786 1032 805 864 894 1233 901
1489 923 1163 292 594 1293 1485 79 421 289
1269 1075 934 1354 139 463 464 712 1070 449
675 1395 71 413 4 643 1138 319 348 13
1527 1068 1010 1502 274 568 1040 1001 990 499
1002 1562 250 394 1524 1061 135 1387 1513 762
1201 1122 819 8 1106 817 862 1213 329 195
1064 831 1613 1387 250 509 1232 117 1524 534
242 1527 185 564 1001 1040 37 143 941 1502
337 588 208 1432 436 739 885 989 1191 1014
970 1139 886 1455 1337 505 317 798 475 674
131 1191 951 1098 1402 430 208 1389 56 173
809 1248 425 1028 1126 1421 1289 953 78 1393
1612 372 843 1338 1087 73 1606 1244 1552 393
1244 73 1575 795 1612 556 808 15 525 393
1107 1535 623 193 392 1282 1004 19 1 1325
190 1488 207 1295 1240 797 919 446 852 551
637 310 259 880 1424 1274 266 277 189 370
1531 145 71 1498 4 272 1522 338 31 1378
1067 738 1306 850 1155 253 1596 1136 1159 376
1100 258 838 1333 240 212 459 1456 451 555
1493 1400 1268 507 733 165 154 81 1561 487
268 1406 804 709 520 151 834 1301 667 1399
28 705 1600 1229 811 1550 800 314 80 1496
33 1210 1228 1013 1594 192 149 915 1375 962
855 1263 930 373 1298 960 237 891 495 1127
148 1621 53 1141 1222 1145 1617 1349 416 1065
1540 1319 1497 330 1545 1043 899 415 987 147
569 208 885 1191 1570 436 430 337 739 764
818 1473 972 1438 948 1381 999 647 1348 10
723 1095 92 1246 1074 526 877 1173 1504 195
821 486 156 327 1062 100 1187 1606 830 1038
1303 1077 783 1463 80 196 1446 1550 219 811
454 1146 25 963 254 522 956 1294 1125 321
289 421 981 923 1163 561 1151 871 1555 1052
276 334 1220 1434 518 943 717 170 1421 241
988 784 290 532 385 1329 731 1284 618 806
1457 418 401 1027 346 281 300 435 1288 1180
1428 640 1200 322 358 125 1223 209 1541 1568
814 246 512 415 1114 1023 1262 1540 1071 763
31 1378 401 1195 1027 1404 1007 145 622 346
1614 1097 1510 152 696 1208 236 216 992 226
1202 41 359 1120 736 548 677 1360 1592 127
32 702 1394 1320 993 944 834 325 27 804
659 1460 1392 54 1226 895 1323 17 188 1620
1242 847 172 941 242 143 387 1610 1021 1595
995 1617 543 1328 1349 1145 1583 1484 659 1124
136 469 216 226 719 152 687 697 1059 361
1322 382 1218 737 1307 134 858 471 1525 909
1526 854 1607 1321 1256 1355 1031 1037 1030 379
864 806 840 1334 541 1284 786 669 290 1041
678 789 1591 1512 1431 282 646 1252 301 654
72 893 390 758 66 1117 691 1343 1190 304
1304 288 1312 1313 373 960 891 958 1006 766
653 749 1433 836 1250 1516 42 504 1318 957
1050 160 124 295 1514 140 651 1217 1167 977
1048 1545 294 987 1043 491 1037 1030 354 624
1248 103 6 166 489 1126 1257 1042 572 1198
1329 988 757 1284 1505 308 1388 1255 596 298
1169 642 542 90 64 797 711 937 852 132
556 1333 132 240 1575 1573 15 258 90 1567
1247 1385 857 965 1182 410 1051 1427 223 96
1378 1007 1521 145 1498 633 1300 452 600 31
1 1004 1535 575 19 1107 291 1465 907 1282
1015 379 150 827 1037 1048 491 22 294 431
1305 110 1194 231 628 353 1148 376 1179 1221
448 1285 1154 1449 1358 1143 128 1553 1049 1080
1038 808 830 715 1297 1338 924 1144 1087 100
1534 1148 353 625 86 110 231 376 1136 870
1403 468 985 1370 510 1260 1542 772 232 1408
1207 1076 233 1607 210 683 1256 362 266 1355
502 1137 720 728 1245 1198 1602 812 1494 304
197 735 494 465 1123 1336 398 708 1499 307
1498 452 312 437 622 1521 272 145 1531 848
1147 1156 338 1522 412 1347 1265 60 1531 272
175 1123 903 1081 265 513 1057 1058 735 770
1096 953 303 426 1289 1443 809 78 1353 677
577 1274 310 266 259 813 880 370 683 1424
1341 1162 275 1252 1512 204 1594 1437 789 1099
807 1572 900 1574 1495 1317 1127 405 237 832
1541 598 1200 349 358 1428 230 918 724 851
1578 976 1357 1406 1339 520 151 1116 228 1458
619 797 90 937 1488 542 551 852 1169 1567
348 1611 1395 319 60 540 675 563 1474 905
1029 470 396 508 746 868 978 340 1083 76
1377 477 716 351 201 336 539 998 770 833
1591 1114 1396 1023 789 1099 1262 611 1086 1431
972 519 10 1473 1300 558 589 1007 65 1195
501 342 84 484 215 940 1340 902 1225 360
286 764 1499 708 1570 652 1134 40 1405 430
1417 1622 915 33 93 102 962 375 1086 38
752 1251 160 295 1105 615 1563 273 101 1060
1570 885 1092 40 649 764 1046 1499 1480 430
614 957 749 504 836 500 107 1433 1204 1250
678 282 769 1199 301 91 1103 611 1431 1252
837 1525 1322 1425 163 1165 1299 737 1138 1218
1557 122 1273 1164 1291 1553 333 875 181 1281
1566 447 153 1167 357 217 1016 1174 942 1277
754 521 332 1426 1237 1176 123 1580 1564 794
604 54 995 895 315 1328 606 1460 1392 1323
234 9 865 1439 1415 665 493 5 371 1577
1119 313 1475 742 1302 483 680 553 845 112
707 1379 936 1215 888 302 263 826 506 1008
1501 710 874 443 1128 270 916 1161 863 409
1083 164 278 978 939 138 1029 1110 1363 142
493 1556 187 9 1415 660 1436 859 1332 1586
726 36 673 113 299 43 1445 1390 262 1384
804 709 439 487 32 1066 582 1320 733 834
1514 1271 674 317 1139 124 1464 160 1455 273
805 1465 1334 1041 864 907 291 1554 610 1584
1459 1230 1490 463 1268 1308 1561 449 712 356
750 1318 1335 950 1250 1264 42 836 1551 913
1536 455 1608 906 343 30 796 523 77 283
1390 1444 666 299 726 391 36 218 1384 1234
668 475 1464 1271 798 505 1139 886 570 1514
563 1138 1611 1165 348 643 905 1395 540 262
980 1383 1287 1246 339 1095 133 1452 862 526
736 1443 1096 59 1120 602 1289 548 636 1202
654 301 1431 611 282 1199 1591 1512 45 1518
1011 1056 362 1069 538 872 336 903 1150 210
483 7 553 955 1543 1224 1475 661 313 414
1440 92 896 1381 1504 1173 417 1232 1348 948
1626 1539 1184 1279 1093 1157 314 1140 224 462
813 1150 266 1207 630 362 233 1069 1274 637
1005 374 750 98 1414 913 529 1335 363 1318
982 1599 142 1363 213 975 1325 352 547 1559
101 844 428 1219 174 182 1060 829 942 1283
771 226 1407 719 1476 822 1208 607 152 116
991 70 271 848 531 969 820 1477 1470 422
472 1624 1616 1409 897 932 777 1025 35 1589
306 773 926 1033 1206 179 968 1568 1170 1072
423 72 1343 535 1177 1442 758 612 1039 74
517 1494 1623 1085 205 728 706 1564 324 123
741 744 397 1204 269 434 967 94 500 284
378 411 63 256 1532 509 117 1224 955 381
1430 341 537 251 974 846 760 355 1511 1410
1208 992 1614 601 1588 933 450 1097 1142 186
1609 136 361 1059 997 245 719 380 1601 1619
925 476 1258 1586 889 383 1296 1179 1441 1221
1001 966 1168 185 1121 742 1119 311 1527 1502
1330 1106 329 442 817 778 1468 1454 377 24
1020 344 1205 49 257 356 1423 1561 165 1089
944 603 993 1115 1320 229 480 32 1394 1192
245 209 1601 1316 1466 1091 928 380 882 1428
1044 1483 1098 173 739 1287 208 1193 980 375
1496 314 583 1550 1600 811 1279 949 80 1140
205 1602 1546 728 866 692 1080 1190 1494 324
662 506 1215 936 826 801 1379 888 419 969
732 1499 197 649 286 1405 465 632 307 883
582 667 804 520 485 1406 1066 268 487 1049
1128 663 1161 403 1045 874 899 911 916 1501
1211 542 244 852 64 619 1582 797 1169 451
1308 139 1571 730 463 562 1490 1226 961 1620
1366 410 958 1051 881 96 1247 1312 497 857
762 1543 954 1203 553 249 1562 7 112 1513
830 1461 1149 482 627 1297 1038 100 114 1276
921 1377 833 645 539 146 998 769 336 285
1511 276 144 537 334 170 1410 1430 355 595
408 927 16 316 158 287 416 1621 1386 1141
361 1407 687 607 136 226 697 1261 771 822
812 1494 631 728 1198 1350 1085 1137 1245 1257
1019 916 1161 1438 409 999 1348 911 818 399
811 1229 80 1303 1463 800 592 1550 583 28
590 1074 195 1246 756 1095 381 1173 1615 92
358 1261 851 997 1541 361 640 511 1428 1601
1585 932 35 1624 1380 1177 423 1116 832 1339
666 1384 1445 36 673 391 43 119 113 299
171 111 402 1454 1506 1213 1565 377 69 467
1602 1494 720 631 1137 706 692 1190 812 1085
1538 873 29 1625 18 1009 753 898 130 11
1571 1620 139 712 1131 1226 51 1308 961 463
1111 784 532 867 1298 897 1263 1616 596 495
708 1405 883 1408 197 307 1129 286 1499 649
439 1400 487 581 507 99 667 1320 745 154
388 1480 121 1336 118 1092 1058 1326 40 465
1123 632 1057 1336 121 465 494 197 1058 635
677 548 1393 1289 602 1096 1443 170 1120 1028
471 1525 608 1299 952 1322 134 655 765 141
1596 850 579 453 1155 856 1067 503 1592 1159
1483 337 569 208 704 1310 989 375 1044 588
1278 1547 1055 1210 225 1517 962 989 1310 1576
94 397 284 693 744 202 26 260 1361 269
845 313 661 1119 1121 699 199 966 1475 1302
261 1034 794 1108 137 200 95 243 191 332
389 967 693 741 202 434 75 284 1569 1347
853 487 1066 1400 154 1351 733 485 1493 128
1474 396 868 540 644 21 759 470 319 1029
363 1314 529 1005 793 922 790 1414 107 684
1345 935 191 88 167 1135 1625 1065 1034 18
1433 614 653 500 1528 1022 269 957 1516 1204
1335 671 684 1318 913 98 1005 1551 374 1264
1487 85 1604 1311 466 62 799 52 1166 557
651 1563 101 273 194 1251 305 1060 160 1105
1538 898 457 1203 112 873 729 249 527 130
658 1237 123 521 839 55 332 1623 1580 1426
1249 1265 39 105 75 1185 1243 1347 1342 57
1615 1532 1074 381 723 117 195 411 1173 831
308 1537 1505 618 1471 523 1388 1109 1604 1329
66 535 74 612 691 72 893 1039 1482 304
1422 540 396 183 1611 746 978 138 1474 975
846 364 974 815 781 1430 695 251 1577 355
497 392 335 213 193 547 1366 881 575 119
714 1543 954 1562 1061 414 7 1002 1513 565
246 987 1071 1030 189 415 1321 1545 814 599
649 1570 430 1134 1605 286 652 885 1499 708
461 1299 952 1253 1000 1270 163 1525 737 187
288 1051 996 958 825 1006 1312 613 960 1247
1581 77 841 474 917 1109 298 1181 455 523
1605 792 1389 951 1290 420 1134 912 430 1227
921 1103 1199 654 833 146 91 301 716 1450
538 477 336 835 903 175 296 1056 645 539
687 226 1208 1476 450 152 1407 696 822 719
494 22 398 468 1260 431 827 1254 307 629
179 690 968 926 1033 1216 861 1206 1170 306
17 188 1238 356 344 1423 1392 961 1460 1230
1391 1603 1473 948 424 10 65 534 1382 589
876 48 889 234 1296 5 1415 1397 1486 1586
1593 472 1589 897 810 689 867 1053 1025 515
1500 1468 817 1462 700 788 442 1106 819 1533
177 368 1264 30 950 1479 1551 229 343 1181
930 0 385 1420 891 1584 1263 536 1304 291
108 940 760 364 974 1411 1294 84 342 355
115 943 162 166 425 518 1248 1042 1482 6
1446 592 196 1303 1463 441 219 1077 1140 1012
1263 1298 731 596 385 532 1111 930 585 780
1045 417 1418 911 877 1504 1047 403 1440 1348
840 894 560 89 864 824 610 1618 1062 1554
1209 1486 127 83 503 48 1296 41 1360 1441
1533 1468 1331 1500 199 778 845 442 545 1346
1512 1099 611 1591 646 1341 638 1086 1252 678
1259 363 793 47 203 747 1414 1555 1239 427
1115 1070 1479 293 229 1192 1354 368 944 1197
768 420 912 1491 1290 1280 1605 1134 1389 979
790 914 922 203 747 427 363 1259 57 1314
1108 332 743 95 261 1580 1176 137 1034 1237
550 574 525 556 1573 1244 1575 23 87 393
1471 1608 1536 283 62 1537 672 1311 523 906
1488 642 852 542 619 576 190 711 937 1295
505 475 886 1464 674 570 20 1139 1271 668
557 85 824 541 751 840 466 1604 894 1388
12 1600 811 28 583 224 1229 722 314 1140
1215 126 104 506 707 888 984 1035 70 1368
1619 882 1180 169 380 492 1189 281 1003 1609
1402 131 870 3 56 111 171 571 133 69
834 582 667 268 709 32 27 1394 439 1406
669 1554 1465 907 864 560 252 1334 1041 1032
610 1284 290 1334 988 541 1584 864 1041 840
639 1024 1574 1317 237 900 1006 1572 825 522
73 1338 924 627 15 1038 1575 1612 574 1144
1028 953 572 78 1126 1289 1248 636 425 303
1399 1589 109 1301 1053 777 1593 27 474 472
722 800 1463 80 1229 583 1550 1303 1600 705
720 1257 1350 1198 1494 1085 6 489 631 1245
683 1150 1274 266 50 637 370 1069 310 1207
599 1023 1472 246 1071 45 1114 415 1591 763
364 1598 846 760 884 1577 371 956 223 251
445 1223 406 478 306 125 1568 1200 1492 1236
819 1106 778 1462 566 700 1500 1468 1122 256
1348 589 1438 1381 1440 417 948 1473 999 721
817 1122 566 1462 256 1106 778 411 381 8
849 991 176 531 1382 1477 394 688 1267 424
591 1062 1187 894 824 156 557 486 89 1233
1476 931 1407 116 511 687 1261 1133 232 771
860 1519 82 350 842 552 181 908 67 1281
894 557 799 821 786 840 1187 1062 89 85
1024 321 1006 996 766 522 288 227 807 1317
936 180 419 707 527 506 249 969 662 1379
1254 398 1037 624 494 1015 772 854 379 1048
892 1088 214 488 1597 255 429 458 546 238
174 182 106 351 201 1219 686 178 844 1277
715 100 1149 1038 627 486 1461 327 591 114
117 567 1615 509 1064 1613 1232 1173 1532 756
405 35 1572 490 1380 1495 725 1409 639 1624
921 285 1377 1103 716 998 769 1450 91 222
268 27 1394 804 32 1399 325 603 582 109
296 1326 477 770 175 1544 1058 106 903 538
1318 504 614 1250 653 913 957 671 529 749
655 1138 1322 1165 1218 13 1525 1425 675 608
451 580 1333 1169 459 258 64 1100 132 212
55 103 489 754 1237 1478 123 1126 1350 78
786 610 541 864 824 799 894 560 1334 806
298 767 1053 474 1109 515 1255 1505 77 109
1520 82 549 552 823 1241 1419 1026 95 1519
372 1552 573 1606 79 1087 1612 904 1338 156
686 1283 1219 101 194 942 305 432 182 428
742 313 199 1533 545 788 1121 661 483 1119
760 251 1577 815 695 371 364 1430 974 865
1242 1610 605 387 366 97 172 1235 143 1448
271 437 422 688 452 1344 70 1470 1477 633
820 531 135 1267 394 176 991 1002 1382 565
1159 738 579 211 856 253 453 1596 1306 460
1541 918 511 1560 384 724 1261 640 349 1073
711 797 190 919 542 244 1110 1488 642 619
745 154 1351 1557 1273 875 1066 1400 487 1493
1254 1037 1526 609 1031 379 827 1256 624 431
585 237 1127 495 1298 1574 960 1263 1111 373
1592 453 211 369 850 738 1360 1120 1596 1159
410 96 621 1182 391 1444 1247 1366 1385 713
134 1466 1307 1509 1316 608 928 300 382 882
1390 1556 9 218 1234 1332 299 665 971 267
908 823 350 1548 1519 82 67 181 1386 1529
1280 161 1216 968 1491 773 1183 179 912 184
1383 1452 8 1201 1565 566 195 133 1246 1213
168 1501 874 1469 938 157 270 663 330 899
610 1334 669 840 786 805 560 806 1554 1041
1577 251 660 1439 371 5 234 846 1152 9
205 1080 1143 324 1266 706 279 1546 1154 1358
897 1593 731 515 532 777 1111 1616 1255 1053
21 470 746 14 1275 644 1474 1132 76 396
349 1590 230 994 1073 1352 918 44 1541 1072
86 69 1534 56 803 171 131 1227 402 628
283 981 1166 62 61 1163 1052 1608 594 796
1056 1212 1069 539 679 50 146 336 1150 1113
1008 729 898 1538 1009 263 753 527 1379 29
1469 1128 1501 863 899 663 710 330 270 157
964 1557 1164 120 81 853 154 1529 656 122
1397 776 234 48 5 481 341 1410 889 1415
1047 1504 526 785 92 1418 417 590 1362 1095
1372 1496 462 1279 347 949 1517 1184 34 314
1580 159 1108 1478 55 1237 1171 137 332 78
1355 310 577 189 233 1424 1321 266 637 1607
1282 1312 392 1313 713 497 958 1535 1366 613
1316 1509 802 1180 281 380 300 1466 1619 858
1129 1408 1542 732 326 1405 1403 1429 708 307
956 223 1508 1598 815 364 1146 227 454 1427
1570 652 588 436 1046 1092 764 430 569 1016
475 570 798 1139 674 505 970 317 668 1464
530 975 1599 1422 183 1445 43 547 1363 119
1583 1215 984 302 662 801 1158 707 1484 1453
1586 1415 776 1296 698 493 234 925 383 48
1548 1089 158 408 908 1386 1020 1529 350 860
0 1304 373 930 780 536 613 1313 585 960
214 546 429 828 255 1559 1398 488 1325 1107
502 612 304 390 1137 66 1190 758 631 1245
824 1062 89 821 786 1233 591 840 560 557
1323 1328 1374 659 604 316 1392 416 1145 606
1232 681 1381 948 534 1173 1440 92 1613 1504
867 1616 777 689 1593 1111 472 731 1409 515
527 753 873 1008 249 1538 1203 729 1379 936
1319 1128 330 1469 874 587 403 920 1497 710
1317 639 1495 1125 25 1365 807 1572 490 1574
114 46 1618 1032 1233 1276 89 458 1149 479
241 484 1225 1416 162 342 648 1315 943 1220
538 265 175 770 635 1011 679 1081 336 210
1558 1552 1187 156 843 466 1606 52 79 292
262 1611 183 348 43 675 1165 643 113 540
1608 61 1551 672 30 283 98 1052 796 1536
1465 805 1004 252 1398 1554 669 1 546 623
1386 860 1548 890 350 408 67 1079 823 1089
13 382 435 1218 1404 413 1138 1027 1307 608
311 990 1084 966 367 1168 1502 1068 130 699
417 1045 785 1348 1161 1440 710 721 1418 403
1290 1280 792 544 1216 1491 768 1227 184 861
1318 529 836 1005 504 750 684 671 1250 107
1243 1367 793 427 922 57 105 203 235 1249
1086 192 650 102 33 1099 584 1396 1594 1622
409 1161 721 443 1019 663 710 1438 1356 399
1581 993 325 474 480 1181 767 1394 109 77
1541 384 1073 349 851 869 1560 1590 640 1429
190 947 1110 852 164 939 207 446 576 244
58 1324 1319 1497 1054 403 899 147 1112 587
833 769 716 146 1103 1377 1199 539 285 654
57 1314 793 914 297 747 1243 1342 1249 107
1485 561 1293 594 1489 1163 1231 421 2 292
1567 15 1144 808 1297 627 937 1575 90 551
1179 698 1441 1296 476 1486 533 1194 889 1258
968 1206 690 773 1072 994 1183 306 1568 1033
1621 16 718 1141 416 316 408 586 1145 1374
1091 1466 134 141 703 471 858 209 1316 1492
11 88 274 935 243 1084 29 1625 990 1068
891 780 1263 585 373 0 385 1304 1298 613
822 1133 116 232 1476 320 511 1370 1560 1407
1624 725 1585 1025 1116 689 472 35 1339 1409
450 1188 1588 431 379 696 1208 992 116 1260
1075 1070 1175 562 1354 464 1197 1269 293 791
748 1625 88 1345 929 18 29 11 191 1034
826 1379 662 707 527 1008 180 506 419 263
1567 90 1144 551 642 924 619 15 1488 132
157 354 1272 1579 863 168 1094 1469 1043 433
164 278 947 498 664 919 1110 446 1083 352
108 84 781 342 1294 648 1411 254 1225 501
185 1121 242 172 605 199 568 1242 143 699
357 1219 1566 1376 305 1277 844 686 1283 657
518 162 241 782 1220 595 115 902 334 425
702 1192 1115 1320 99 603 791 1354 32 229
1530 395 1240 1597 238 488 207 1088 446 129
555 386 514 983 235 23 1359 1100 1456 258
919 939 446 498 190 164 207 1110 278 576
1381 534 896 1391 775 1473 589 818 1232 681
347 1077 1550 1496 1523 878 219 705 1463 592
1264 42 671 293 779 1250 1479 1197 1335 1516
1389 571 1605 430 768 1191 131 56 764 1134
141 1000 471 765 737 559 1299 1253 134 1525
303 809 78 636 1289 1028 1096 1126 572 1478
762 714 1513 1562 249 180 1002 1543 1203 135
483 1224 63 680 545 7 1346 378 694 313
884 454 1146 364 1294 1508 815 593 254 223
653 107 504 1309 1204 297 749 836 500 614
1051 1312 713 766 288 881 1247 613 410 1313
279 248 1026 1281 552 333 324 1266 1564 1426
1006 373 288 613 237 585 855 1024 1304 891
1238 1226 1460 1571 17 1308 1490 774 1620 712
1310 1622 1278 375 33 1210 740 1417 650 584
1125 254 25 1340 593 1018 454 84 1365 501
1164 875 1529 120 1089 1557 181 49 81 350
227 1385 621 1247 996 223 1051 1508 321 1427
1168 699 910 1119 311 367 1001 1302 742 1502
434 75 744 1342 389 1249 1347 693 1265 1309
926 773 1183 1072 861 690 161 1206 994 179
419 506 1267 531 70 688 826 126 991 707
317 1139 1337 570 1455 977 124 221 668 886
1152 1234 218 9 267 1439 859 371 1427 660
647 999 589 558 519 1473 1438 10 818 1288
490 1442 1039 1380 1017 1365 1495 423 832 535
355 1430 760 1411 695 781 1511 108 846 537
1599 1363 887 1422 138 685 530 142 759 183
1357 641 1049 1285 520 1458 1406 485 1449 128
1337 1036 140 221 124 1455 1217 970 317 217
1029 138 396 1083 664 644 759 1422 164 1363
420 1491 1405 1129 1134 286 323 161 792 1280
133 676 1287 173 1452 1383 339 3 1402 704
1151 1052 871 594 289 61 283 1163 374 1555
1325 685 1559 142 213 352 429 193 255 1363
1456 946 1100 555 1275 514 1359 386 76 258
888 1583 1158 1368 1215 104 1124 1484 801 264
1429 1542 384 1370 629 1560 1403 1073 326 468
305 432 1413 1587 20 1283 1217 194 1563 331
1545 763 616 415 587 246 1030 1540 1043 1048
596 1284 618 1329 290 806 532 385 1388 1584
1014 337 1547 1310 1278 1432 739 740 1174 1286
1068 910 1502 311 1084 274 929 564 11 1527
688 531 820 271 849 1477 1382 1267 70 176
186 1588 1614 696 1142 379 491 1208 601 933
917 1394 325 480 603 702 27 1581 229 1181
1072 1352 869 1206 230 926 1590 1327 1183 968
606 315 659 1124 543 1507 54 1328 1484 1617
227 321 766 965 825 1051 1247 1508 522 288
1601 358 245 697 724 1428 361 1609 209 703
1377 285 222 833 201 428 174 716 554 645
1019 972 1438 399 558 1288 721 589 818 647
559 952 438 141 1253 765 1130 471 461 1492
1527 699 1502 185 1168 311 568 564 966 1068
135 565 1562 1513 394 954 762 849 1267 1061
169 444 492 1467 1118 1292 1619 433 1401 802
623 1398 907 1107 1 546 1465 575 252 214
684 529 913 1414 747 363 374 750 1318 1314
960 1024 288 825 237 766 807 373 613 1574
622 1378 1195 1300 1521 519 600 145 647 401
873 1379 527 898 263 936 729 662 1009 249
1222 18 263 873 1453 729 53 1625 148 1008
499 564 274 243 1040 200 1068 1178 1527 568
362 679 210 265 903 538 1207 1069 1076 1056
247 1228 441 1375 1446 1013 219 280 196 149
1594 1375 1228 275 407 1012 584 192 280 1341
989 1174 1547 1432 1286 337 1055 295 740 1278
22 624 150 398 827 307 294 1048 772 1037
153 1046 447 1082 657 436 1566 388 1092 1277
1365 360 1018 973 1039 155 1125 215 1442 490
360 1125 1340 1365 1017 963 501 215 25 254
721 409 399 999 916 1438 1356 1161 443 1288
701 49 257 1089 158 890 344 1205 120 1548
1331 1242 345 172 442 1235 199 605 1610 847
1433 1528 749 524 1175 1104 464 500 1516 614
1591 814 45 646 1114 1431 1472 599 611 1518
1006 825 807 237 1317 522 1574 321 960 288
472 1589 932 1116 1578 151 689 1301 777 1624
1520 1176 959 1426 248 552 842 1564 95 1281
401 1404 1457 597 600 435 31 1195 909 346
809 1393 1289 1421 572 170 953 425 1248 736
644 978 1083 396 508 664 470 340 198 164
1321 1526 763 189 1037 987 609 616 186 1048
1254 1256 854 513 1081 609 379 1607 827 1526
1618 901 1554 252 458 46 560 89 1233 805
690 179 306 1170 773 68 478 926 184 1206
743 88 200 261 243 191 137 748 794 935
1470 260 26 104 126 94 284 422 801 70
217 140 977 221 400 1376 1217 1337 1167 1050
1048 854 1526 827 624 379 1254 186 1030 609
627 830 327 1087 1338 100 715 1606 808 591
535 1442 74 973 155 1017 758 423 691 490
1481 37 1178 499 1010 568 564 1160 143 1353
1334 1584 669 1420 291 1465 290 864 806 805
166 6 1482 1198 304 1245 115 782 617 66
330 157 1545 587 1469 616 354 294 938 1319
1483 1193 704 1287 440 375 339 739 173 980
785 911 403 1418 417 710 58 1161 1128 1047
1092 1016 388 885 652 436 1480 153 447 1082
877 1418 1362 526 1054 785 58 1504 1045 339
616 1037 294 624 491 827 1015 150 1526 379
485 128 976 520 1285 448 626 1066 1357 641
1167 140 615 295 217 124 1376 977 1036 1217
958 1247 766 996 713 410 965 288 1312 621
61 1151 981 98 374 283 871 906 289 1555
1593 515 841 810 474 109 777 1255 298 867
58 1362 1112 1047 920 1418 1324 403 93 440
740 1547 225 1576 1105 1286 1251 1210 1014 1278
872 336 539 679 538 1069 1212 770 1011 146
1058 121 735 1123 635 1336 175 1326 632 734
1057 1326 121 175 835 734 118 1544 635 735
136 1609 1467 1619 697 169 380 469 245 607
1105 101 220 428 1251 686 752 1576 222 651
414 1562 1371 762 250 565 1064 1543 1002 7
1233 894 89 821 486 591 824 1618 114 100
1235 460 24 206 1159 345 253 1610 97 1330
567 1371 509 250 831 1061 1387 117 378 414
148 1412 1345 1141 167 1222 586 748 18 1079
745 485 487 128 1351 853 709 667 1049 1400
579 1155 1306 376 1136 1148 738 1435 467 1596
564 1502 274 990 1527 1010 311 929 243 1001
362 1150 679 872 1056 50 1011 813 683 1207
791 1354 1115 934 293 1197 1192 1479 1175 562
1472 189 1424 246 763 814 277 45 599 1030
1183 994 1352 1327 968 926 1206 323 44 1590
1590 384 918 1429 869 349 44 985 1541 1352
1173 756 1615 723 590 92 1532 1232 831 117
464 562 934 139 51 1175 1269 1354 712 1070
630 210 1256 1081 1607 1207 265 233 1031 1011
592 1550 949 80 1463 1303 219 811 705 783
1258 1236 68 1221 478 1549 476 406 698 383
1412 1386 16 67 167 408 1141 908 1065 927
1546 1358 1143 866 706 205 1154 1190 1449 626
1076 265 513 1031 1256 635 210 903 1123 1254
153 178 118 1277 388 1016 1566 1544 1046 182
664 164 1029 978 1110 198 939 508 644 138
130 11 367 910 990 929 457 29 1538 1302
1494 1350 1623 123 692 812 720 521 517 728
1396 1099 915 192 102 1341 1369 646 1594 789
1606 1338 327 1038 843 573 156 100 627 591
1597 238 828 458 479 488 214 473 945 1530
1548 890 1529 1020 49 964 120 350 158 908
1569 1186 1347 1156 389 338 1265 75 272 1153
928 209 322 1492 703 141 1466 1428 125 1601
1046 1480 388 40 652 734 885 1016 1336 465
1539 1184 1437 204 682 1162 407 34 1626 1157
1579 1272 309 491 1515 1142 938 186 354 1614
1246 526 590 339 676 723 1383 877 1287 92
636 1443 1289 677 426 736 953 1393 59 1028
1614 236 601 1510 1515 1142 309 696 992 152
173 571 1191 704 208 1402 131 980 739 1044
1086 789 1341 192 1396 646 1512 1594 915 638
580 1456 258 983 555 212 946 240 76 838
1507 1447 264 456 1503 1104 315 516 1124 1361
270 1172 1401 1118 443 168 1356 1501 496 409
91 769 1450 833 921 285 654 282 1364 1252
524 1528 1361 1022 269 1447 1503 1101 500 749
1251 1060 1576 220 1055 651 1286 101 225 752
817 329 700 566 819 778 1201 1213 1330 1454
575 193 623 546 1004 429 1325 1535 892 1559
137 1580 794 743 332 879 200 1237 159 95
298 1505 523 77 841 767 1537 757 455 1255
164 244 198 919 1083 852 939 947 664 711
495 1298 731 1616 897 867 784 1409 855 1263
93 1054 440 1324 38 1362 1417 920 58 1193
370 328 1212 1199 146 50 1274 1518 259 301
1262 646 1023 599 1396 512 1591 814 1369 147
791 1192 944 1070 1354 702 229 1479 293 934
1585 1578 1339 1025 932 641 725 151 1177 228
1458 390 1449 1358 228 72 612 1357 1285 1190
1401 444 1102 492 1003 1172 496 270 168 433
661 1302 742 1475 966 367 699 313 112 457
1202 59 1592 602 677 369 1214 1360 856 736
199 941 185 172 699 742 845 242 1001 605
8 819 381 566 195 411 256 817 1201 862
735 513 1057 635 494 632 175 1081 1058 1254
1507 1158 264 1484 1583 315 995 984 543 456
963 1018 25 1365 900 1340 1317 1017 593 360
103 78 489 809 617 1248 1478 572 839 953
1574 855 405 495 237 1572 1409 639 807 832
710 899 874 663 403 1469 1501 1319 330 1045
883 1405 979 323 326 732 1542 286 1408 1327
438 1253 1549 1436 1236 383 406 1000 187 461
456 1503 1620 730 54 315 51 1101 1507 1226
21 39 1147 14 412 1185 1156 868 1359 319
320 931 1370 232 1560 511 116 822 510 1260
1605 286 420 764 979 649 768 430 792 1405
191 1241 1419 167 748 82 261 67 88 549
467 1306 1148 1067 69 1534 402 579 376 628
631 502 1602 1190 728 893 720 390 1546 1245
13 837 675 1218 1165 563 1322 909 413 655
970 317 570 886 668 674 475 1455 1337 124
224 1463 196 1626 12 280 314 811 1157 682
1621 927 1065 148 586 16 1412 1079 416 718
1515 1614 992 186 1094 1097 491 309 236 696
1154 1080 866 1358 1266 1291 626 1546 448 1449
924 1567 1297 551 937 15 90 627 808 642
1617 416 1328 1621 1374 586 1349 606 53 895
454 1508 593 956 321 522 884 227 254 1294
634 1156 412 1132 39 338 1265 1522 319 21
376 628 1136 110 1067 1534 1155 625 1306 1435
830 114 1461 715 1276 100 486 1233 482 901
813 1069 683 362 50 1207 266 679 1274 872
1052 981 289 374 1555 594 1414 98 61 871
267 371 971 1439 1427 1598 1234 9 1577 218
1186 202 260 1569 422 312 437 284 1090 1470
1291 1143 626 448 1553 1266 1080 1358 866 1273
1067 376 1435 1596 579 738 503 1148 1306 533
634 1147 338 1347 1265 1090 39 412 1132 272
1626 1539 224 407 204 1140 280 682 1093 1375
1124 1484 984 1583 264 1368 516 1507 888 1447
850 211 460 253 1063 579 97 856 738 369
1481 1595 37 365 426 1448 1353 1040 143 1178
916 721 911 710 663 1019 1438 1348 409 1045
1437 638 1364 1252 204 1093 275 1512 1450 554
561 594 1166 292 871 923 52 981 1489 1487
964 122 875 1557 181 1529 656 350 120 1273
113 837 675 262 905 1138 1425 43 655 36
1487 62 871 1163 52 1311 751 283 466 796
1050 217 140 657 295 1174 1376 1036 615 447
311 966 699 1001 910 1502 1527 990 185 1119
619 64 451 838 90 132 542 1333 642 711
179 184 68 1033 1305 231 1216 773 544 1221
1353 159 1178 499 879 137 303 1481 200 1108
1356 1102 496 443 409 1118 270 1451 1401 399
1074 1232 1615 896 92 681 831 756 1613 723
1014 1286 1432 447 295 657 1167 989 1547 337
1197 1516 1433 934 1022 464 42 293 1075 1070
1426 1026 1520 95 332 658 794 549 1564 521
423 1585 1343 1339 691 725 1380 72 1116 228
499 1481 1353 1171 1040 1010 1160 37 200 159
925 1194 1441 476 533 1221 110 698 1296 1305
281 1189 802 882 418 492 1451 300 496 597
343 1581 177 480 368 917 77 455 229 767
1444 857 621 267 1385 1234 1427 391 410 1247
1072 1327 323 968 161 1352 861 926 994 44
462 1093 34 682 1437 1279 1539 1372 878 280
1359 39 14 105 1132 755 1265 514 1147 21
312 1090 272 1153 1569 338 1156 202 437 633
156 904 821 557 591 466 1558 824 1606 1552
933 450 116 431 1260 232 1588 1476 379 772
1451 496 1180 492 418 802 1356 281 1172 399
1602 1546 390 1137 893 706 728 1080 502 631
208 571 430 1098 588 951 1570 569 764 131
1115 944 1354 99 449 1070 1269 702 791 1320
1044 339 1287 440 1362 1483 704 526 1112 676
1305 1179 1221 625 476 110 533 925 68 1441
401 519 600 1007 346 558 1378 1027 31 597
488 255 498 352 395 446 1559 1597 828 892
1175 293 42 1516 934 1070 1433 950 1250 791
1245 6 1257 812 1042 720 631 304 166 502
328 301 769 654 1113 146 1518 678 921 1431
1568 1223 598 230 640 125 349 1206 322 816
566 1213 862 1565 8 1452 1106 329 1122 1454
1120 602 1592 1360 41 453 1209 359 127 856
714 112 249 753 553 898 954 1543 527 1475
500 1309 269 693 957 434 749 653 1528 744
165 1561 701 49 356 344 81 1493 1268 1020
926 1568 690 230 306 994 1072 1223 968 773
630 683 362 210 1076 1150 1011 233 1069 813
696 771 450 226 601 152 1614 933 992 687
787 1360 503 127 83 41 453 1596 1202 1486
740 584 1278 149 225 33 1517 962 1055 1228
1582 711 244 64 451 459 198 542 1169 852
872 146 1113 50 539 370 1056 328 1069 1199
1565 1201 1454 727 329 111 1452 1106 566 862
59 365 1448 369 366 1443 1120 97 677 387
801 888 707 662 984 506 1583 104 302 126
184 861 179 1280 773 544 912 1170 968 161
1455 1376 221 305 986 977 1036 20 1337 140
13 1322 382 1138 909 608 837 655 1307 435
182 942 844 1277 686 1283 357 829 1566 305
1434 241 595 528 943 1225 276 518 902 334
476 1194 68 1078 1305 1258 1179 698 1170 925
148 1009 53 18 586 1453 263 1065 1345 1349
1568 816 1200 125 306 445 598 1206 230 322
955 7 378 414 1371 680 483 63 694 509
241 342 528 902 1220 1434 108 648 484 1411
1571 1620 961 1460 730 54 604 1308 17 712
1290 86 353 56 1389 544 912 231 870 768
1012 1375 1013 247 584 149 1210 1594 441 280
722 28 811 583 80 800 1550 1600 705 1303
356 1490 670 1561 1238 1268 1308 1459 1205 774
1485 2 525 318 87 923 393 1293 550 1239
896 1613 1173 534 831 681 567 1615 948 1074
1062 89 114 486 901 1618 1149 894 591 560
267 218 971 859 1182 1390 9 1152 1444 1439
1610 345 1063 460 97 1242 24 1021 847 1330
1549 406 1078 478 1258 1130 438 68 445 816
1580 754 55 332 658 879 839 1478 1108 521
961 17 1490 774 1230 1460 356 1308 188 1226
421 1259 2 318 47 203 289 790 1555 1231
1530 945 207 1295 576 129 395 446 238 1597
82 1419 1135 549 842 191 67 167 261 823
847 172 605 1021 1610 345 1235 941 387 1331
914 57 105 1249 1367 922 755 1342 793 427
574 1612 393 73 525 795 372 1575 573 1485
1198 304 502 631 1042 6 720 1482 812 893
1095 1383 676 723 590 195 526 862 8 339
621 410 1051 965 857 713 958 996 1385 766
572 425 617 166 1126 809 6 782 489 1257
755 1342 57 1243 75 967 105 1265 434 914
42 1318 836 614 671 1516 950 1433 1197 653
1105 651 1286 295 1060 752 1055 101 1576 1174
1512 282 1162 638 91 1364 611 1450 789 1341
1130 438 461 765 1000 1436 187 952 1549 559
1031 854 827 513 494 1037 772 379 431 398
515 298 1329 532 841 1505 1053 867 1593 1109
1607 1031 1076 609 1081 854 630 233 1355 1254
6 489 812 1198 1350 617 103 166 720 1248
1078 476 698 1221 1549 383 1236 68 925 1586
1239 790 203 47 421 318 1555 793 363 2
232 1188 772 510 431 629 116 468 320 1370
511 1407 724 851 361 822 719 1560 358 1541
1114 1369 512 1396 147 646 599 102 38 1540
1298 784 930 585 385 780 855 731 1111 373
950 779 1551 1335 671 30 177 368 750 1479
1347 755 75 39 1156 1147 1249 1090 389 634
279 1291 333 866 1143 1154 324 959 1281 1080
531 135 419 969 849 1513 180 991 1002 820
165 1561 581 507 1459 670 1493 1230 1205 449
562 463 1354 449 1459 1192 139 1075 934 712
461 1373 1332 163 187 1299 765 1556 299 1425
668 273 1464 674 331 1514 160 505 20 1563
1094 433 938 309 1579 1292 168 354 1515 444
1557 1553 1351 656 853 1291 448 875 122 128
637 370 259 813 50 266 577 310 1113 683
76 1456 14 470 868 983 1359 212 21 1100
46 114 1461 479 901 1149 473 482 458 1233
182 178 1566 153 1082 1219 942 357 118 829
1310 740 962 1547 1210 989 1055 1622 33 1014
1496 314 878 682 462 1184 705 1140 1372 1626
1491 861 912 161 792 1216 420 1290 979 544
333 552 1519 959 279 122 181 1266 656 1026
1313 1535 881 392 536 1312 19 575 613 1304
432 844 305 194 986 1219 1413 942 1587 1376
806 988 1388 618 541 610 290 308 1329 596
1449 626 976 1049 1357 1458 448 1358 128 1117
1174 1014 295 1251 1055 1547 1105 1432 989 651
339 980 1193 676 1044 173 704 133 1095 526
346 558 399 1451 418 999 1356 597 519 1019
1096 1028 1393 736 636 809 953 677 572 548
912 1227 792 768 1389 544 353 56 1280 86
1154 1266 1553 333 1143 656 1273 448 279 626
433 469 444 1467 216 1003 309 1272 169 236
1489 1485 393 923 79 561 372 1231 525 292
454 254 84 956 940 364 781 593 1146 963
576 1240 129 1488 551 207 1530 190 945 482
1486 925 1441 889 776 48 698 787 83 1179
1144 551 715 627 482 924 129 1567 937 1461
1111 1263 784 731 495 585 855 930 1616 1127
765 1525 163 461 737 1270 952 655 1373 471
1521 1007 647 10 1344 65 622 519 452 1195
1399 151 1589 810 268 1025 1406 582 1578 27
1475 1119 367 457 112 661 553 130 966 742
592 1463 722 783 80 811 1077 196 1550 1140
891 1313 613 373 536 0 930 1312 960 288
1194 625 231 1221 1170 68 110 184 1179 353
1136 467 1067 579 253 1148 1506 402 206 1155
858 382 1509 300 608 435 134 1466 1316 909
712 1571 1490 961 670 1238 463 1226 730 139
297 434 957 1204 107 1342 1314 967 653 504
962 1278 989 375 739 1547 1622 337 1483 740
62 1471 1604 751 1487 308 796 1166 85 1537
958 881 613 1313 1282 288 713 1304 1051 766
1282 1304 536 613 1312 881 0 891 1535 19
297 107 747 922 529 504 1309 957 57 793
484 215 155 1416 239 360 74 902 501 648
1466 1509 882 703 858 380 928 134 1307 245
900 25 522 807 639 1024 1125 593 1495 825
913 836 671 1250 750 504 614 529 1335 684
899 1497 587 330 920 1540 1324 1469 1128 1043
32 603 439 944 99 702 667 733 1394 1192
1030 1526 189 609 1355 880 854 186 1607 763
1218 608 837 655 1525 737 1138 382 13 909
895 316 1392 1374 287 604 1328 659 188 416
1497 38 920 147 1112 93 1319 1054 58 1369
982 1559 429 193 213 1107 685 546 892 255
1544 1058 118 835 296 121 178 106 734 1057
1352 44 1183 323 1072 326 1590 994 161 968
895 1374 1145 606 1617 416 995 659 1323 316
618 1255 532 988 1505 596 298 757 1284 515
700 442 24 345 329 377 1468 1331 1106 1454
1021 442 1468 788 345 199 172 1330 1242 778
1556 1373 1270 299 187 859 1390 461 163 665
620 132 240 838 258 580 1169 556 1573 451
1041 669 864 610 806 1584 290 805 1465 1420
750 1551 671 98 1264 684 30 950 1318 906
121 465 734 1480 735 40 1057 632 1058 388
977 970 221 1455 570 317 1036 1217 124 1139
1087 808 1038 73 573 1606 627 1612 843 327
1585 1116 1177 228 1343 1578 641 1357 725 932
501 1018 963 254 84 360 1125 648 215 593
638 1594 1099 192 275 789 1512 1086 1162 1252
57 434 1249 967 297 1309 922 1243 75 755
72 228 1177 691 1339 423 1585 1458 612 1357
1477 452 1521 271 1300 65 848 633 1382 622
748 1065 935 18 1625 148 167 1412 1222 1009
63 1500 545 1533 1462 256 955 778 788 483
1265 389 75 1090 1156 1569 967 634 744 755
818 417 1440 1438 911 1381 721 1161 785 589
1617 1453 53 302 543 606 263 1145 586 1583
1085 812 489 1257 123 1494 839 720 1623 103
1273 1553 128 853 448 1066 745 1557 485 1049
1590 1327 1072 994 44 869 1183 326 1073 323
1178 1171 1481 426 303 1160 159 636 499 1040
1269 1192 1070 562 1115 934 449 791 1075 944
880 1607 233 609 1321 310 1256 189 1526 630
1172 409 399 496 1451 1019 443 1288 1102 1189
976 1458 228 641 1285 1449 1339 1117 1049 1578
1449 1080 1143 1546 626 1117 390 1285 1458 1154
1185 14 514 105 983 1275 39 946 1132 1456
1209 1202 1592 453 41 503 127 1596 856 1120
269 1447 1104 397 1528 516 500 1101 264 693
1054 1047 526 1193 339 1112 440 58 1418 877
142 975 138 685 1599 278 982 1422 887 664
554 1450 1162 1437 91 285 1252 1093 222 1103
1017 1125 1018 900 1495 973 360 490 963 25
96 497 713 410 335 761 881 857 392 958
427 235 914 105 1243 514 386 203 793 57
516 984 104 26 1158 264 94 1447 1583 1124
38 1262 102 1396 147 1324 1086 512 1114 93
985 1133 1560 629 320 510 232 384 1260 511
414 1064 509 1061 378 1224 250 7 567 117
462 1517 878 225 347 34 1576 1184 149 1279
1270 163 299 1332 1425 36 1390 461 1556 1299
416 316 1328 895 1323 1145 1621 1617 927 287
407 280 1013 1228 1012 247 441 275 149 1594
400 305 1217 357 217 942 1036 221 140 986
998 716 833 645 201 285 921 351 222 174
145 600 622 31 1007 1195 1498 1404 578 1521
662 263 936 1008 527 707 302 873 1453 826
490 832 423 725 1442 973 35 1177 1495 1585
1440 896 681 948 818 1348 589 417 1504 1232
1603 176 820 65 1477 424 991 775 849 1391
862 1246 676 1452 8 195 980 1095 133 723
119 391 726 1445 335 96 530 1444 673 666
621 1427 223 965 1182 267 1598 1247 857 227
908 1079 408 16 67 890 1548 860 1412 718
1613 404 567 1524 250 534 1064 1391 831 1232
308 541 1604 1284 85 618 757 799 806 751
951 768 56 1290 1227 1605 131 792 571 430
299 859 673 218 1444 1332 1234 1556 666 1373
424 775 534 404 948 1603 1387 1613 176 1473
188 604 1460 17 1323 287 895 1423 774 659
1028 170 548 1289 1421 736 334 809 572 1096
834 325 603 993 27 32 917 109 702 268
4 60 643 348 563 319 1522 675 71 412
1086 102 1369 646 1262 1099 1114 915 192 38
876 1410 481 341 5 48 234 776 537 359
252 214 1004 546 907 892 458 1107 828 1554
27 1301 810 268 109 834 1589 325 151 582
733 581 487 154 745 1493 439 853 507 1066
1118 1102 444 168 270 433 1172 1003 863 1501
131 803 173 571 3 1098 133 980 56 111
1542 468 1408 629 985 883 1429 307 22 326
31 1027 413 600 909 435 401 1378 13 1457
286 1129 732 979 708 883 649 1134 1499 197
151 582 520 641 1578 709 268 976 1301 804
1261 719 687 822 361 511 1476 771 116 226
1403 307 883 468 732 1542 22 629 197 398
1616 1624 35 689 405 495 1127 1111 897 832
537 1397 341 481 144 695 359 717 1511 5
108 355 528 974 781 1434 1225 1430 940 342
1079 167 1065 1141 67 16 1345 1386 148 748
432 194 1587 331 986 1563 20 1283 305 273
363 1555 47 374 1005 684 790 747 1151 289
493 889 1586 660 234 665 776 383 5 876
162 239 484 1315 902 115 241 1482 943 155
650 1622 93 375 440 1112 962 33 1483 915
58 785 1045 1047 403 1054 877 911 920 417
1241 549 1135 191 261 95 82 842 743 1520
291 1584 780 1041 0 385 19 536 290 1
170 1028 334 1393 425 518 572 809 548 1289
759 975 138 183 887 540 1363 978 1599 1611
287 257 188 344 774 158 1392 701 17 1323
189 1071 277 577 1472 259 880 1321 310 1518
36 163 1373 655 113 1165 299 837 726 666
1176 1564 658 521 1026 248 1520 332 1623 754
267 1598 1385 223 1152 371 1439 1182 884 1234
209 598 322 358 1601 997 640 125 1091 724
1542 985 326 44 1073 384 1590 1403 1370 629
1511 695 974 537 355 760 846 717 341 1411
45 678 301 1591 611 1023 1518 654 1472 789
337 1174 1014 436 569 447 989 1286 1547 588
1022 1516 749 614 1175 1528 1197 653 42 464
528 1220 595 276 355 1411 1225 1511 241 334
533 376 1155 83 503 1596 110 1067 1441 1148
187 1130 1253 493 383 665 461 1549 1586 1556
1162 1093 1364 34 554 1184 638 204 220 1576
721 818 999 1348 1019 589 1161 972 916 911
9 1152 371 267 660 865 971 1427 1577 1234
1381 681 417 1348 1504 818 896 92 911 785
925 533 1179 1486 1296 83 476 698 1435 787
973 1039 423 535 1380 691 490 74 1177 1017
1096 677 365 59 426 636 1214 736 1289 1160
391 673 1182 857 1390 1234 299 1384 726 859
530 43 119 726 1384 887 547 113 666 36
219 441 783 196 247 1012 592 1523 1463 280
516 1361 264 1101 1104 1368 397 1507 269 1158
365 366 387 1595 1214 1160 143 97 847 59
1358 1285 1458 1117 626 1357 1080 976 228 1143
1364 1103 91 285 554 833 1252 1162 222 769
1189 496 418 1288 399 1356 1180 346 1172 492
133 1565 862 3 1383 1201 111 980 1213 676
263 302 1349 53 1222 1009 1379 543 1617 586
377 329 1213 727 1506 402 111 1565 1106 206
1217 1337 221 20 970 570 977 317 124 505
983 1275 1100 76 212 580 555 946 14 1359
435 597 300 1027 281 401 418 1404 1307 1180
1117 1357 228 1449 1285 976 1358 1343 72 641
449 670 463 507 1268 1269 1230 1561 1490 99
604 1226 17 961 1392 188 1238 1571 54 659
482 715 1149 1276 473 114 830 479 129 1297
1500 778 256 817 1346 819 63 1533 1468 411
196 1303 592 1140 811 783 1077 80 1550 722
505 331 1271 674 20 798 668 273 475 1587
907 669 805 1 291 1041 1004 623 1554 1334
1316 858 928 134 703 1509 1091 1307 882 471
169 1059 469 1003 1619 1292 136 1609 444 216
778 442 788 1331 1500 700 1533 817 1330 1462
330 874 157 863 899 1043 1128 938 1319 1501
1035 126 422 260 70 104 848 437 26 688
796 1537 1311 62 1536 308 1604 757 523 1608
1071 45 277 814 1518 1424 1023 189 1431 246
589 10 775 647 972 948 818 65 1603 1391
746 319 540 21 643 1611 868 759 396 563
1302 112 553 661 1119 680 457 367 313 483
822 116 771 687 450 931 1407 1208 1188 226
1344 271 1382 65 991 452 820 848 688 1603
55 78 879 1126 159 103 839 1237 303 1580
229 791 293 368 779 950 1070 1115 480 177
1092 40 734 388 1336 465 1046 121 652 1499
1160 1040 1178 37 1353 1595 426 499 1171 143
115 66 239 304 1042 1416 162 1245 758 166
1044 375 704 739 440 1193 1310 1417 1622 962
1583 1158 543 1124 984 606 995 888 302 264
1231 923 1293 525 393 2 1489 561 1244 79
787 1296 83 1441 48 925 127 1209 503 533
751 1166 52 62 466 1311 1604 85 1558 1163
797 576 1295 642 190 551 852 937 207 1240
561 1293 79 292 923 1485 393 1163 372 1552
1308 1230 1238 670 961 356 1571 712 17 463
1280 161 420 979 792 861 323 912 1134 1183
125 559 322 1091 445 141 209 928 816 1000
81 154 581 165 1400 1268 1205 120 853 1561
692 1085 720 728 812 1350 1623 1602 631 706
490 900 1572 639 832 1365 973 1125 405 1317
1279 705 878 314 949 1550 347 1140 583 1600
1319 1324 147 920 587 1540 512 38 899 330
633 145 578 1531 622 272 312 1378 1521 452
708 649 465 40 197 286 1405 652 732 764
1462 778 1533 1346 788 1468 545 817 63 256
270 663 874 863 168 443 1128 1469 1102 710
1068 1527 311 1001 564 990 1168 910 274 568
1131 456 524 1101 51 1104 1507 1620 315 1447
877 92 681 1440 417 785 1047 1381 1348 590
1109 298 757 618 1329 1255 523 1537 841 308
377 402 467 206 727 1454 171 253 24 1306
315 1124 456 264 1101 995 1158 1447 1503 1131
227 884 1146 223 956 321 965 454 996 1598
1316 858 1307 882 300 1466 281 134 1180 382
236 601 1097 216 152 309 1614 1515 469 1292
355 717 537 1430 276 974 695 1410 1434 144
1252 789 611 638 282 1341 1099 678 1162 1591
1002 180 135 954 1562 1267 419 762 249 565
124 160 668 317 1271 615 273 1455 674 1217
236 1142 309 1097 1094 1614 1510 1272 992 601
42 1433 1175 1197 614 1250 749 1022 293 950
225 1372 149 347 1523 1210 878 740 462 247
328 45 277 301 1472 1431 1199 678 1113 1023
823 181 552 1281 350 122 860 842 1529 333
1026 842 549 1176 95 552 1426 1419 959 794
1300 622 452 1344 1007 633 1378 1498 1477 145
60 4 1531 412 634 338 1395 578 272 319
219 347 247 149 1517 949 1446 280 1372 1012
404 394 250 1387 565 424 567 176 1002 1613
737 655 1299 1322 163 837 471 608 1425 765
1030 609 854 1037 1321 186 379 1048 1254 1031
1001 564 1502 568 1068 185 242 311 699 1010
500 1022 269 1104 749 1361 1433 524 1204 653
350 964 1548 181 1164 1089 122 875 120 860
945 1240 129 238 473 1597 1295 482 395 479
272 578 338 1522 1498 4 312 71 412 145
411 756 117 381 1615 694 509 831 378 1074
545 788 1500 1346 845 1468 313 778 1462 199
86 628 69 870 1148 1136 353 1227 402 171
575 1282 623 19 1 536 392 1313 1107 291
672 796 523 455 1537 1608 1471 77 906 343
1471 523 757 1536 796 308 1505 1109 1311 455
753 729 457 130 29 873 898 11 1625 112
1093 1157 1626 682 204 407 1184 280 224 275
415 587 512 1497 147 1319 987 599 1545 1324
918 640 349 851 724 384 1073 869 598 358
1429 1403 326 985 883 1408 629 44 1129 468
714 762 7 414 553 680 954 1061 1203 1562
1326 178 118 106 296 835 1082 182 1058 1277
616 987 1043 587 330 294 157 1540 1048 1319
1080 1190 1602 706 1358 390 866 205 1143 1137
989 740 1014 1278 1055 1286 1310 337 1210 1174
890 1089 908 350 1529 860 1386 964 408 181
1236 1130 383 1258 1078 406 438 1436 478 1253
1077 705 80 949 811 583 1496 1463 592 1229
1335 30 1264 906 98 779 750 671 61 672
79 904 843 372 1558 292 1606 156 573 1489
448 1273 1351 1291 1154 128 656 626 1557 1143
805 560 1032 252 1618 907 669 1465 864 89
47 289 1414 1151 374 421 363 790 1259 594
1332 665 859 187 9 1270 1390 299 493 1373
656 1273 875 1164 853 122 964 1351 1553 154
52 904 292 466 1552 79 1187 1487 557 156
255 982 1325 429 892 352 193 1196 546 685
384 511 1370 985 851 1133 918 629 1073 1429
165 1205 1230 1268 356 670 344 701 1493 581
1061 1002 565 762 954 1513 250 414 135 714
194 273 752 1413 331 986 305 432 651 101
517 248 1426 521 1623 324 692 658 1026 123
111 1213 1452 3 1201 862 727 133 1454 171
357 153 657 1277 942 1082 1219 1016 182 400
937 924 15 1144 90 132 551 1575 642 1297
1223 1206 1200 230 306 816 690 125 926 994
1090 202 389 1347 1186 1153 284 744 75 1156
885 764 652 430 588 649 1605 1191 1134 286
1226 730 1308 712 961 1620 139 1490 1460 1238
405 639 832 1495 1574 1127 490 900 807 35
556 23 240 550 795 620 555 386 1575 87
237 1127 807 639 1572 855 405 1024 1006 900
15 556 574 620 73 795 808 924 1244 1573
34 225 1105 220 1055 1372 462 1060 1517 740
865 251 371 846 815 1439 1598 760 1152 695
1116 151 641 1025 1406 1339 1301 1585 1357 932
1094 354 491 150 1272 938 294 157 186 309
1237 879 1108 332 55 794 137 1478 658 159
1181 767 917 77 343 474 480 455 177 993
1211 459 340 244 451 198 212 64 711 508
888 1484 984 1158 302 543 1124 1215 606 1349
290 1041 1420 385 1334 780 291 806 669 596
1116 725 1339 1177 932 1343 423 1025 1578 1624
493 889 383 1415 698 665 1436 1258 776 1549
1413 432 20 986 331 505 194 1283 1563 1464
992 933 379 431 186 696 450 1188 854 1208
472 1301 777 1025 810 151 1399 1593 689 1578
1073 44 1352 869 1429 994 1327 326 349 918
646 611 1023 1431 789 45 678 1114 1512 1099
856 453 1202 1360 1120 369 1209 602 41 1596
777 515 1053 867 897 810 1589 1255 472 841
192 275 1341 1013 638 584 1099 407 1375 915
143 387 1160 37 1448 365 1481 366 242 1040
738 503 453 1155 1435 1209 1360 579 83 856
488 1088 238 945 395 828 1530 1196 1240 479
223 1427 815 371 884 1152 1577 1385 364 267
975 685 887 1363 547 530 213 142 138 982
583 800 314 12 705 28 811 1229 1496 1140
997 245 209 1428 703 358 1609 380 697 322
1190 706 728 1137 1546 631 1494 390 205 720
1382 775 424 65 1391 176 10 1473 404 1477
308 85 1311 751 1388 1471 757 1487 799 62
1134 768 430 951 764 420 1389 792 1570 286
1087 156 843 327 1338 904 1552 591 1038 573
233 1256 1355 609 630 1076 1031 880 1321 854
796 283 906 672 61 1536 1471 871 62 455
245 697 1059 380 1619 136 997 1601 1467 361
1235 847 97 1242 460 366 345 1063 605 387
905 540 643 183 675 348 759 1474 262 563
1244 73 573 372 393 574 1338 843 808 1552
1387 534 1232 567 831 404 896 1173 1391 1064
1097 601 992 1142 696 1515 236 1510 309 186
756 117 831 1074 1173 1532 1232 509 567 723
1409 897 689 1111 495 1624 867 472 731 777
1349 1145 606 543 1328 53 586 302 416 1453
1032 560 901 89 1233 1554 114 46 1062 786
380 169 1059 802 1609 1467 245 1003 882 697
1226 1131 730 54 1571 456 1460 315 961 139
1141 586 416 927 1145 148 16 53 718 1617
962 1417 650 375 33 1310 915 1278 93 440
1085 521 123 517 692 1564 1494 754 1350 1426
35 689 932 1409 725 1616 472 405 1025 1585
18 29 935 1345 729 11 748 929 1009 88
1157 224 682 1539 1140 12 1093 314 280 1279
