1075 458 1395 944 516 134 773 1687 1170 617
1698 243 1093 1312 1443 94 160 1490 932 1542
1190 1524 1141 1356 1489 1181 1640 987 1308 789
1010 409 222 272 41 821 724 943 581 386
495 10 622 311 731 235 803 382 1630 1042
1173 901 397 358 448 626 1420 989 46 1567
1267 962 887 1608 1531 1648 843 1535 1523 685
104 850 1693 548 13 899 1176 474 283 1027
68 1447 1595 217 192 488 1519 1012 661 697
417 489 1674 1616 124 682 984 897 403 265
368 731 98 495 4 311 803 577 1630 455
422 1077 1358 241 1082 1213 321 1444 1344 1359
1666 1695 1167 1065 282 715 536 814 1571 1095
1669 1693 913 850 1176 1027 7 1659 104 60
706 1049 866 1624 872 879 1269 573 1409 1396
1078 904 605 746 462 476 1234 753 1613 1584
173 1284 353 303 337 167 502 878 877 1166
906 784 88 1477 1349 941 636 1133 1280 1397
74 567 1290 836 1424 374 1389 436 392 1291
152 1435 1404 889 141 1416 961 708 300 1692
1512 1180 691 161 1541 110 32 1437 985 1572
48 1238 1216 362 610 76 738 1149 873 933
795 231 510 975 366 841 126 166 1218 1617
208 1034 305 677 629 1627 163 177 1254 1383
401 440 377 132 977 545 849 1649 1062 31
379 1618 1386 771 1008 700 952 703 1274 220
981 1194 1457 445 363 960 984 656 200 609
491 1219 388 1191 1283 1450 1617 1080 1226 1679
1333 326 735 1043 515 125 978 487 1068 566
1303 395 1106 628 225 1539 1288 89 762 767
752 1671 1362 373 372 1014 1419 1222 304 242
197 907 92 132 1319 440 625 273 653 207
1512 1366 691 823 1131 20 1243 1572 39 161
187 237 391 508 648 129 102 936 1296 1136
504 936 129 148 215 507 237 1568 100 1064
942 448 940 901 713 1547 46 1109 53 1173
1564 1642 1030 1108 603 1308 968 413 1563 484
360 1324 551 1462 1597 1228 245 1272 1483 413
399 1153 1528 1620 228 93 938 1118 454 1398
1502 1366 371 1437 1374 691 1546 1699 1663 1131
1619 1370 1242 1568 1287 136 148 1064 504 481
409 821 581 470 3 776 1553 1010 272 201
670 785 947 914 696 513 224 1361 1672 506
107 127 1042 234 235 714 267 140 1367 402
1263 1646 1436 486 1498 955 667 1126 246 830
847 1368 1350 1107 1122 1486 1569 1387 1087 1537
901 1173 1224 1547 1299 35 989 448 5 775
1187 1624 866 772 857 213 543 1249 1269 879
21 1238 1149 610 423 188 362 1216 738 1508
1677 439 1005 561 1212 553 711 1667 563 1550
333 1140 1365 434 182 342 1375 797 1314 1688
393 1234 1452 593 462 619 1088 1111 1613 1001
1415 1074 220 1274 167 1166 1601 1110 1386 700
940 775 1547 774 64 1007 285 1224 1471 1050
1622 804 590 1098 1378 1445 648 274 1692 889
325 427 182 902 420 434 349 1135 492 308
1498 1464 272 246 724 158 1263 425 1646 409
1045 419 477 588 1026 407 1340 1601 1284 111
1246 956 817 623 1504 1525 718 1406 502 578
340 621 1254 170 177 983 1241 888 865 1155
1412 1185 1669 1195 913 384 250 608 1027 13
1655 385 202 1152 352 745 1310 1578 756 992
1205 1184 185 582 976 314 1691 1100 1114 820
967 928 257 1189 765 540 1247 1270 1403 1494
774 1471 592 1266 285 53 775 1094 276 410
1479 1456 1496 1207 1235 1697 1286 856 915 859
576 1337 527 1268 276 428 1050 1094 79 1407
696 1410 669 973 290 1278 513 1672 350 595
8 488 217 1595 560 1447 661 751 1562 192
1225 1306 1301 613 1292 1033 1186 1116 1600 820
1686 337 1340 292 353 150 877 862 1025 84
888 86 346 560 842 1470 1254 1034 661 677
125 1124 487 345 520 978 998 735 256 1210
193 1281 181 1188 479 1079 1313 241 1305 1298
18 1196 1389 1290 374 436 1424 567 117 836
1463 599 1326 1501 206 1239 1134 1639 1517 466
362 1563 1565 1216 980 873 21 738 413 1030
1402 89 232 1388 1123 815 199 98 1303 395
631 963 833 1038 288 202 528 745 589 790
428 250 1403 527 1189 1332 1407 66 1195 967
408 1032 792 191 853 653 334 825 1402 1388
1488 1493 204 601 259 1442 1511 523 343 747
238 856 1264 271 699 1357 859 1286 1479 861
529 1129 604 1355 1279 843 1556 919 1104 1161
862 150 671 407 898 1586 419 294 292 1199
1144 549 1431 1561 1111 834 1438 1440 869 766
71 1470 1034 677 346 888 1254 406 23 1594
1152 297 1029 202 1460 833 1655 992 78 745
1477 848 17 801 1400 636 1214 826 1349 1527
1303 77 232 395 98 577 225 815 1402 29
1694 1100 900 1468 951 335 456 275 1137 205
111 898 266 407 588 178 694 1026 1668 419
31 273 207 132 907 625 545 97 197 310
454 1614 1528 1153 966 38 786 1634 1398 1250
1161 1698 1312 932 1104 1 529 503 243 261
451 1396 1269 706 131 1369 300 1416 573 1624
609 1325 972 1046 960 982 777 663 688 981
207 545 1218 1645 849 864 92 535 273 510
577 232 368 10 89 311 77 225 1303 199
414 716 195 1105 1612 320 550 453 1574 916
1696 1064 936 1551 237 148 391 144 1287 34
640 1255 1548 805 757 1102 339 1182 139 1408
1647 1529 1136 509 391 1003 508 970 33 596
1654 1047 558 386 905 920 382 622 1628 459
7 1693 283 548 1079 1027 850 13 389 1669
115 278 615 214 885 123 1058 874 617 465
1171 793 1454 1516 1660 1422 589 190 1589 1229
43 267 127 1042 140 558 235 943 386 234
547 265 897 1113 1674 1164 1256 1275 770 1665
1013 400 196 1353 379 794 432 771 133 764
161 1541 1555 994 1459 20 1304 1180 1572 1512
91 694 588 1026 146 266 407 1573 840 898
1417 968 1181 1023 433 1640 1564 484 1120 1661
1244 632 1590 922 828 1430 240 133 1309 507
1330 586 394 328 1011 186 844 350 198 1626
214 105 874 1058 278 123 1289 615 230 496
1354 959 1320 493 298 749 490 808 295 948
1299 1196 1337 1268 1050 1224 1389 1453 74 436
1275 231 166 126 571 1615 1256 1259 1560 366
1488 748 1442 164 175 259 415 81 618 955
251 1394 168 1419 372 511 460 369 611 188
580 839 1636 657 799 867 447 885 287 1510
1251 584 838 737 810 1175 468 675 1125 1272
230 278 1058 626 115 1420 1376 105 465 1223
911 489 1674 1560 9 265 1256 682 897 1616
487 735 72 978 28 1043 1124 520 1333 566
231 975 783 118 1615 22 607 1649 166 510
140 43 107 1367 616 714 267 1042 234 979
324 818 684 630 1215 229 157 1505 376 791
187 936 237 34 274 215 33 648 391 504
1526 1300 260 1517 725 665 1643 732 1134 1682
451 315 1416 925 95 300 152 347 1396 480
31 440 92 24 545 197 207 401 907 377
400 1309 764 828 632 196 113 1353 109 1244
458 1687 1252 1075 1586 671 0 294 773 647
642 855 180 517 896 583 1475 1610 840 954
1619 835 416 1242 481 40 764 794 196 761
212 169 1429 1310 886 385 756 1309 1353 816
288 954 1578 896 631 745 247 963 1610 642
1548 1503 805 1466 1182 268 1427 101 757 1215
127 616 979 430 1367 943 107 267 43 1237
708 889 804 215 19 274 1404 922 1435 1622
778 864 1645 179 253 1226 296 1218 841 97
1004 664 1343 1641 1128 1069 830 259 846 601
1696 1287 1135 492 1064 1375 1551 258 325 100
1055 1472 149 1099 1295 1522 620 1421 1521 1491
1573 1473 111 694 1026 840 219 1261 1676 588
1346 1113 547 937 563 1665 1656 1021 108 1164
504 1064 936 34 100 1568 1287 40 1696 1619
1421 1055 145 701 1295 475 1273 1017 1522 1472
84 292 862 671 294 70 478 1686 1340 1025
1339 1401 1467 1506 1143 1440 727 766 183 1065
19 1416 961 1404 1435 315 300 131 889 1192
1328 538 201 416 426 1242 485 761 776 1514
1623 1446 1489 1651 398 435 1524 242 789 1141
1592 313 490 903 331 493 1518 948 1204 1519
1168 539 807 674 1661 721 378 831 627 159
1505 910 324 791 1680 429 128 630 652 693
272 1464 1314 409 56 581 1514 1140 1365 3
565 378 1478 627 1019 539 807 935 1433 354
468 1443 1490 758 675 243 838 1 1391 1265
110 1572 1512 1304 20 1541 1180 1405 1243 994
1492 1103 1298 811 921 1379 917 1059 587 1566
1383 305 1557 208 854 788 750 23 1627 1683
175 618 119 1442 1138 532 357 748 415 1488
432 312 761 514 426 794 1013 1504 1525 703
231 571 366 383 118 1596 22 795 1275 126
1166 1415 52 502 1284 16 1274 1074 173 1601
210 611 1316 120 372 1014 460 1675 541 1419
137 240 1309 756 212 632 385 1429 1310 863
1241 1155 177 1683 59 1092 983 1254 1425 340
950 661 1594 1685 302 346 1470 1584 746 217
396 1662 851 1091 1633 380 1061 1481 1392 1245
502 956 16 878 303 167 1415 817 58 623
650 1691 740 1028 1208 1158 314 798 908 976
415 164 1138 668 748 119 532 618 742 1442
1067 698 1487 1629 1198 759 1360 1098 1169 1148
1683 170 305 1254 59 1034 23 1383 208 1155
266 898 322 1668 91 1199 323 542 407 694
296 216 142 253 864 705 500 211 778 1226
1261 840 135 855 1475 954 1015 896 642 694
241 1188 73 321 1313 1281 1444 1079 193 1298
434 55 50 325 1375 420 1135 333 342 427
1372 766 1387 1506 1368 1339 715 1534 1350 151
597 1059 646 1150 1684 461 921 1542 1455 1492
1100 870 900 62 976 1081 1116 314 1205 582
328 1011 628 225 114 223 394 1626 1288 29
33 129 648 274 237 508 936 391 1378 34
369 423 610 431 251 48 1599 1419 1149 511
825 446 853 1411 812 1554 408 550 720 1574
1516 1660 1307 521 1036 683 106 1589 589 725
653 792 334 80 440 1032 197 401 221 408
1519 1447 1605 8 313 891 1012 217 490 295
1281 73 236 917 1305 479 1298 1313 181 1632
923 463 796 348 338 594 1003 511 596 509
550 1271 99 414 457 1105 912 733 1411 716
835 794 109 764 1013 400 133 136 761 481
31 1319 907 653 132 221 440 191 92 469
498 844 442 1162 1053 586 1330 114 1602 1317
1123 1393 673 232 311 77 459 1388 1554 98
832 1194 277 1457 656 1495 404 26 1342 1656
776 1328 1514 581 485 153 538 1553 41 426
745 1152 87 61 631 78 1655 833 1578 297
1070 1203 586 806 455 498 1011 355 641 223
747 81 1493 601 343 1511 1484 1488 1318 526
939 275 1468 467 782 556 1348 1202 1331 1101
1239 410 1501 1266 75 450 592 466 599 1094
273 97 92 535 545 310 132 864 31 1645
305 1627 23 163 854 629 1282 1383 1034 177
902 1232 308 970 1156 1647 427 1551 744 492
1316 168 1014 541 372 330 611 1671 644 1675
1678 296 535 370 554 864 310 179 1532 142
137 1353 886 1429 1309 169 400 816 1310 379
857 1187 1522 1377 1273 47 1055 1099 1249 543
115 1289 874 496 105 617 615 227 1058 1414
507 141 708 129 34 274 804 922 504 936
500 705 179 253 296 988 1609 554 142 1450
1447 661 68 1685 8 560 891 192 171 302
1245 1018 1441 649 1221 753 1061 1559 1662 1381
1473 1573 1676 1110 952 1209 146 1074 1601 1015
1074 52 1274 1110 1386 1618 1415 952 1676 700
815 1319 1539 653 1032 197 395 907 1402 469
386 1010 3 1047 724 267 943 103 272 425
455 1011 368 186 203 225 577 1203 452 586
914 1327 1333 326 947 42 1102 1644 28 785
577 1303 29 186 628 223 89 368 98 395
1329 365 660 787 398 789 1128 1480 525 1413
1657 496 1414 1289 736 1294 361 214 501 874
1031 399 1620 38 1449 1017 679 1528 1118 701
268 1215 818 645 1503 128 341 324 1427 1428
1058 123 1376 1223 1420 1293 278 1089 626 1090
166 126 118 22 366 975 795 571 1275 1615
98 77 89 199 1123 577 311 1402 10 1303
1296 1169 518 1136 1448 1529 1067 508 1378 596
402 235 43 714 1630 1052 495 1042 127 945
1042 234 43 495 622 4 107 558 311 1630
1632 1631 1305 193 917 309 505 1587 926 1281
936 391 33 129 187 100 34 508 148 1551
82 1357 271 861 1432 1264 699 763 557 826
1461 1593 1317 437 1227 1552 1336 1162 1101 1053
632 169 1430 1309 1248 756 863 113 1590 137
181 321 1188 1444 11 1077 422 1313 73 1359
304 1623 752 373 692 1651 30 435 154 1222
1265 1312 1 1490 935 160 1240 94 1443 1698
1159 990 882 1476 1399 1151 1206 1084 449 880
484 360 1002 1228 37 1108 413 433 1597 1462
1263 1688 655 1464 56 1498 486 1365 44 342
883 1578 352 381 954 1015 138 1209 591 745
1536 1024 998 1210 1009 612 262 1225 1600 1116
424 760 1482 1341 686 575 497 1051 1520 971
1332 1412 1195 79 1403 608 428 60 1638 1185
120 511 431 1394 369 188 1419 423 463 460
689 1374 1699 1084 624 882 449 1502 1575 1197
1226 491 179 216 142 500 778 1450 1617 296
348 431 463 423 1149 638 1041 511 1591 194
1555 1373 994 1302 884 690 505 1459 780 1587
1121 1124 1009 1363 978 345 1600 871 998 1210
63 289 1497 654 765 1189 928 967 1453 1403
1375 538 797 1370 333 1287 144 1135 1328 1242
1488 664 1343 119 81 748 143 601 830 1069
1300 1517 130 1134 1006 472 1463 665 1526 1682
1179 932 1604 646 1104 1150 1542 1499 1698 1355
456 1024 566 520 248 998 1048 90 335 1468
298 1217 959 808 476 605 598 387 1320 634
287 517 524 704 839 799 1109 583 1260 580
1674 897 108 1256 124 1275 1560 1616 1113 547
1668 91 178 694 111 1475 898 840 322 323
107 943 1010 386 127 222 140 1042 558 430
1427 229 645 1503 1428 1215 139 1609 818 805
466 1638 450 1239 1213 544 1332 1639 608 1082
741 800 1621 1458 559 376 1579 845 1315 1347
238 557 1264 82 763 1432 918 861 1552 1357
409 158 3 56 724 581 1464 41 222 1498
207 92 310 625 535 301 31 907 97 1678
804 187 129 648 215 141 54 1378 889 33
939 205 1331 1132 1694 1468 1096 90 1137 782
1050 576 1471 1094 774 1337 66 775 1224 64
404 200 1457 719 564 1495 1200 832 1194 903
123 105 465 115 1058 626 885 230 447 615
1071 390 356 681 1130 824 1583 758 475 1391
872 1398 659 1634 454 1409 1635 1153 1682 732
1247 540 1236 1659 913 1185 1494 1577 881 1176
727 1065 1695 1467 1557 854 827 12 814 1401
389 104 1444 1027 1079 1188 1693 1344 7 384
375 1384 734 1356 987 1690 1664 1190 1321 1576
600 1007 1422 592 64 53 965 793 1611 1178
317 681 679 822 1455 390 587 1391 1449 1684
264 517 839 323 855 580 799 524 704 121
138 631 963 896 1610 790 78 954 1578 745
765 1497 257 635 852 1290 654 436 928 63
350 1278 1410 394 67 1626 669 1330 973 696
1571 893 536 823 707 1666 1131 1167 1243 814
1025 1686 150 478 70 294 945 1253 877 337
819 695 441 781 759 1581 1629 1076 1448 1085
478 949 1252 150 292 671 134 473 84 993
1605 1354 891 598 298 490 116 192 1447 302
179 211 864 216 554 705 142 535 1678 253
1029 1152 87 992 602 1655 755 1460 666 202
959 263 598 1354 116 295 476 808 1320 1217
637 1323 595 762 329 513 669 1288 767 301
1435 1416 1369 1183 131 95 152 1692 868 19
329 1532 310 625 1678 1323 273 637 469 533
1685 746 950 171 598 891 661 476 904 217
1237 877 878 16 337 173 616 1253 1686 1367
242 752 512 1623 1651 525 1671 30 373 660
208 1383 163 23 1683 177 1034 1627 788 1425
530 909 711 1021 553 1164 687 1677 571 383
1222 738 1599 1063 692 980 373 610 362 1362
209 744 427 902 1156 1147 1232 594 55 970
1631 461 895 921 917 505 236 780 1059 1373
1678 273 301 535 625 1532 211 207 370 329
4 459 10 622 382 199 1393 98 232 235
165 1504 1525 514 432 703 718 426 771 761
155 1519 903 490 192 1592 1605 1200 1012 404
1205 1691 740 702 1184 62 185 174 976 876
131 1416 347 152 1192 961 925 451 1248 755
332 1643 999 809 573 1580 1049 683 1526 732
587 286 679 1455 1684 997 1103 1449 681 822
1610 583 790 351 1322 704 642 528 965 963
1276 444 953 1037 1485 541 365 330 1480 1193
1612 1105 911 710 99 489 682 1040 716 916
241 181 1351 1313 1077 1359 11 1188 1281 73
323 178 1668 867 542 580 1199 266 898 1475
1668 322 580 287 855 1475 839 178 266 867
791 1215 128 157 1505 1503 630 818 1466 229
492 55 1135 902 182 1232 1375 427 144 209
1644 28 1333 515 224 1068 947 1048 1043 717
1558 562 1439 568 837 1338 737 810 443 1500
1626 186 394 628 114 1288 1011 1330 1278 595
301 637 625 469 299 767 1532 1323 907 762
541 953 512 525 210 1014 1671 319 444 1316
1204 1056 948 1592 1518 155 493 1667 359 802
316 573 1580 480 1396 809 683 666 999 451
50 797 1140 1375 1314 258 182 1365 434 1135
792 191 453 401 1574 440 1062 80 653 24
951 900 1081 90 870 1024 456 1694 1100 1116
1513 1262 926 1474 1575 1197 1127 985 1587 1305
353 70 877 1686 16 303 1340 1284 1237 1253
596 1085 1076 638 348 194 1003 518 923 1529
554 1408 1255 506 705 640 101 988 785 1361
59 621 983 865 1321 1241 1690 375 1664 170
645 845 1257 1607 818 376 229 1347 1428 268
1365 1688 434 50 1083 655 420 678 1140 246
1318 601 1484 1576 204 846 996 747 1321 81
722 1130 824 1338 1251 675 1583 737 1549 1491
1124 1210 1009 998 72 256 612 520 978 248
71 1470 86 661 171 560 1594 677 888 406
755 602 925 1192 315 666 131 992 863 480
254 638 463 194 338 1076 431 1591 1041 511
420 890 570 1083 1147 427 55 434 1675 182
290 1330 394 1410 1602 844 114 986 1278 1626
790 965 528 318 1322 1229 1610 963 1178 600
381 247 1310 61 1578 883 385 1429 591 745
337 1284 1340 16 477 70 1686 877 303 57
1240 1478 1019 1035 1175 1265 838 1545 935 159
806 452 658 641 1203 203 924 1039 531 1070
1583 475 1071 279 1130 1295 701 1491 1031 149
532 618 958 733 1139 164 912 1138 829 1434
626 411 5 448 901 465 713 397 1173 1636
561 1667 937 1204 563 1056 1005 1656 1342 1677
1597 413 245 37 1108 484 1228 1565 1324 1030
1657 1146 1456 1286 614 1235 736 1294 227 65
738 76 21 610 980 1216 48 1563 307 1599
770 984 656 1194 1616 1665 26 445 897 9
367 894 927 1540 1233 568 1177 837 930 620
226 1480 953 660 1276 787 319 525 1329 667
795 1596 166 22 231 383 1617 388 841 1080
364 894 1233 1472 1521 620 568 1549 927 1540
10 577 98 223 455 731 225 803 974 1630
188 1419 1599 251 1362 610 120 423 1222 431
1678 1361 1532 211 533 554 506 310 670 301
1486 1366 39 1095 1546 1131 1502 1663 536 1167
1014 1419 30 168 1671 1362 210 120 369 752
1222 30 1362 752 242 692 307 304 1599 1671
1567 1389 768 1424 74 18 989 567 1089 1223
1690 284 983 1664 734 1321 340 1576 1241 987
684 845 800 818 341 270 559 630 128 1347
977 849 24 1649 545 975 510 401 1218 132
159 807 1433 565 831 1345 1060 156 539 627
25 1353 109 771 1008 1618 1013 886 1386 400
743 851 1662 1441 1020 172 1653 1245 1559 934
352 883 591 247 816 1429 1310 1209 1015 1578
1654 459 622 920 311 558 103 1628 4 1393
687 1596 571 1080 166 909 366 553 1550 388
544 608 1027 1344 389 1412 1669 60 1213 1332
1310 756 1655 61 137 352 992 1429 169 1152
222 1047 103 558 267 1010 107 1042 724 3
1112 519 808 730 1217 1157 483 1320 1315 959
1596 1617 27 1219 1080 491 1226 366 795 1191
1344 283 1444 1027 384 544 422 1188 1213 104
681 1391 279 758 286 1071 822 1443 824 679
237 33 100 102 970 1551 936 187 1647 508
1291 1119 892 567 676 836 813 1424 1465 1051
1111 593 51 619 1431 1440 1234 1143 1088 1381
1626 328 350 114 1330 290 1278 186 669 1410
1303 815 29 1539 89 1106 221 77 225 1402
172 1481 1091 908 1662 869 1633 1392 851 1061
1420 1567 5 989 1173 1223 768 374 626 901
1651 660 789 154 1489 226 1329 1623 1141 525
38 228 938 1017 1153 1620 1335 1031 1635 1528
1353 109 133 1309 196 212 764 379 1013 886
440 24 977 1062 334 377 191 132 453 545
234 714 473 1052 945 1630 552 43 949 235
680 417 964 445 984 682 982 960 9 1040
1200 277 1495 903 719 1012 200 1592 1519 1518
1515 1182 1363 871 757 1652 1306 572 1102 1600
1001 1650 677 1470 1594 629 1584 86 1452 1088
588 419 91 898 862 84 111 57 1026 178
80 853 825 1032 1388 792 189 1402 1554 1411
581 41 272 3 158 1514 821 1010 776 470
1266 450 206 1239 1094 1407 1471 576 269 1501
358 1636 1260 713 465 448 626 447 799 5
1562 1507 751 1201 1509 488 1423 697 842 494
1030 360 1565 1108 1597 1563 245 484 37 1642
99 550 1574 195 716 1411 453 1271 1105 1612
175 668 748 1628 1154 1138 464 119 905 1126
136 761 1242 835 153 794 426 1619 196 538
9 682 403 964 489 984 1616 1040 680 1674
827 779 750 606 1606 814 574 1557 728 1695
57 407 588 862 477 1340 1026 1045 84 91
349 434 1083 55 182 890 342 427 50 570
651 1349 1527 754 1397 699 784 1477 497 826
11 1213 1344 1082 1444 389 544 241 1358 1077
1149 431 188 48 254 610 251 1238 369 511
497 249 575 1482 662 686 651 676 760 1341
724 1126 1047 1646 1498 905 56 222 103 955
761 485 514 165 153 416 794 776 312 201
902 308 55 349 209 1147 744 325 420 1232
1407 79 576 1332 250 527 1638 66 450 1094
579 1680 791 1652 1380 157 1466 910 693 324
943 578 821 979 140 623 470 1010 267 1406
511 423 254 251 463 188 1149 348 1394 369
165 1013 771 312 794 703 761 109 1525 196
484 968 112 1564 1023 1002 1334 1108 245 1417
420 182 50 342 1083 55 1365 349 333 1688
603 1446 692 154 1063 1623 1308 242 1642 36
1290 1453 1497 1196 74 654 18 1268 289 117
763 1336 1552 239 1598 1593 1258 1432 557 1317
1568 481 828 507 1619 1244 504 764 136 922
1212 1550 553 49 687 1285 1679 1677 1005 711
401 24 132 191 334 31 197 653 545 977
293 1085 1448 759 819 1076 518 695 781 233
1162 198 498 918 1658 557 1552 1117 1070 1317
1483 1272 1439 810 551 584 1500 1462 1324 1125
644 1485 319 541 1316 1037 953 330 1675 1276
960 403 26 984 982 680 981 363 609 417
812 189 733 550 1411 1434 1271 825 720 853
885 465 1636 121 657 411 278 799 105 1510
901 713 35 358 5 411 46 1173 942 1260
882 624 474 990 881 689 252 899 1176 244
410 1407 1239 1638 269 466 206 1094 428 1266
1396 95 131 925 480 706 1416 315 1269 573
1203 658 974 355 455 806 731 803 203 223
716 1574 334 916 1062 414 99 792 401 1612
1634 93 1153 1398 280 966 38 1682 1528 659
1203 223 203 452 368 731 1011 806 355 658
262 1137 1694 951 1096 90 335 1048 566 1024
912 1271 471 1105 195 1040 829 99 733 550
134 773 0 1252 1075 1687 993 516 1543 1395
1393 382 546 1628 311 1654 622 920 199 558
1165 611 1394 1675 168 120 570 1147 1316 796
309 895 921 184 1150 780 1145 1059 1631 505
1234 1452 904 51 1584 15 1078 1001 1613 950
194 511 348 431 254 796 1394 923 251 638
955 1154 748 1126 1343 905 415 830 259 920
447 278 626 885 1636 411 358 123 105 657
269 1639 1239 599 1082 450 1213 1638 1603 75
1348 782 205 939 1202 556 1220 1530 1101 275
675 160 1490 838 1251 758 122 1443 824 1240
907 329 767 625 1319 637 1539 301 197 31
1553 1406 41 578 821 776 430 718 1246 485
1040 457 829 912 585 964 1105 682 958 1271
1311 1682 966 1300 1006 260 1634 1358 1359 786
949 478 402 1052 552 945 1025 714 294 292
1176 881 850 449 624 899 1659 990 7 13
701 356 1071 1031 149 1017 1583 1295 1421 279
598 605 746 263 15 298 1217 302 904 295
57 1284 1045 353 1340 419 1166 1601 588 1026
294 949 473 292 1025 945 150 1252 552 1686
1079 1127 1305 73 548 193 926 1513 1188 104
666 925 1580 332 602 451 1172 1396 347 573
438 764 1619 136 828 835 1568 196 40 1244
1087 1151 1569 1476 643 969 847 1663 1084 1122
652 519 1681 1097 1112 1505 1277 910 387 1157
245 1108 433 1564 1002 360 413 968 1030 36
426 776 514 1553 201 153 718 761 1328 470
1263 1193 655 44 667 246 1436 1037 1688 1276
125 520 1043 72 735 566 978 28 998 1124
1562 68 1595 751 8 412 560 697 217 1012
682 9 124 417 911 1674 320 964 1040 1616
155 1354 313 1605 493 295 116 192 1592 1519
27 1226 1450 253 388 1617 1283 1219 500 931
1232 325 1135 1551 144 1696 902 209 55 970
948 749 116 490 155 1354 331 1320 1689 1056
663 1201 564 972 1509 697 609 1562 981 777
4 803 1630 731 10 235 234 974 311 622
1414 227 1289 214 617 736 1395 874 1657 1294
424 662 651 1426 575 686 754 249 421 1482
586 1070 198 203 442 1658 641 806 1117 1162
1405 1535 1243 707 1572 887 1304 893 1142 962
216 931 1609 1450 253 705 988 179 491 1428
516 736 1414 957 531 1543 1395 227 614 924
173 956 1415 817 167 16 58 878 52 1274
1345 1556 1161 1312 935 565 919 94 529 1060
34 148 1568 936 438 507 1064 1619 40 129
1631 1302 1373 895 1587 1632 255 309 780 236
1361 785 1408 339 554 670 370 914 533 640
1244 922 438 215 504 34 708 1568 828 113
1296 33 1136 648 1378 187 102 233 391 1169
1003 1156 1647 923 102 594 1529 970 209 596
1218 975 849 841 22 795 377 1649 1645 97
1394 431 251 463 796 120 254 194 423 188
304 525 330 1671 752 953 1014 1651 30 242
1323 670 696 669 533 595 299 42 67 1361
426 485 718 312 165 1504 761 1553 776 1246
1644 1068 326 28 735 1043 946 717 1672 1333
501 1543 773 1395 0 531 1414 458 957 736
287 264 704 583 855 135 642 524 839 323
233 596 1529 1448 1136 1085 338 441 1296 1003
387 1157 483 1112 1097 1217 1221 652 634 808
487 998 566 978 72 1124 262 125 1043 1048
683 190 1460 1172 1516 589 1307 1580 1029 809
941 1073 1537 643 1280 1122 1174 906 969 1569
1442 1493 1230 1139 1511 1072 618 81 1488 164
799 1260 264 1109 704 839 713 287 517 1636
660 512 1651 953 304 330 398 365 1623 226
777 1484 1509 747 996 1507 1318 1046 343 204
66 1268 654 79 428 1337 1453 1189 576 1403
790 963 351 1229 1038 78 318 965 1610 288
83 1556 1161 1355 1104 1129 94 919 503 604
306 909 1164 1021 1259 711 571 553 383 547
1543 957 924 501 516 1039 355 773 993 641
357 1138 1434 618 164 733 175 742 958 812
1323 1532 1361 670 370 513 301 785 1678 299
1334 1019 1545 627 1002 1661 1035 539 354 1228
310 864 1678 211 273 207 296 97 92 142
1666 1167 291 1571 1095 1131 823 12 893 371
1670 1451 1500 562 933 569 1508 837 1582 1439
1328 153 1242 258 1370 797 201 416 1514 40
1661 627 156 1168 807 159 378 1334 1019 534
1494 281 1247 1236 928 1577 63 1270 967 1022
330 444 210 1316 644 953 319 1014 168 512
867 647 1510 1199 322 657 1170 580 1586 178
879 866 1335 1187 1273 1635 938 47 1624 213
608 384 1344 1213 389 422 269 1332 1638 1412
849 377 97 24 132 207 92 1218 440 977
1628 1393 742 459 668 673 720 920 103 382
1113 108 1164 147 1259 1021 897 265 1665 1346
1513 1127 7 104 479 1079 899 1197 336 850
85 1438 1561 1163 1144 1431 1533 834 1481 801
414 195 1411 1271 446 1574 733 99 189 457
1324 1462 1483 1272 37 443 1582 1125 1228 1597
1052 949 1039 473 993 658 974 1252 1630 478
687 439 711 909 1550 49 1677 306 383 1080
339 506 705 296 211 370 1361 1408 216 1678
1385 1208 1258 1598 1533 1214 740 876 1028 1400
1202 1114 1468 205 1570 582 467 1101 1100 782
1552 763 271 1432 918 442 1162 1264 238 437
1042 103 622 386 1654 107 382 235 459 267
1347 1621 845 1285 270 1212 376 1579 1607 1679
71 661 68 842 751 346 488 217 888 86
359 1677 563 1667 49 937 1005 711 1021 1204
1439 1500 327 837 1670 537 1483 568 443 1558
937 561 1677 147 359 1021 711 1346 49 1656
663 1457 494 981 719 277 697 609 972 1201
159 1478 935 378 1345 503 1433 1265 807 1060
1048 520 1043 487 262 978 28 1068 456 1333
1424 1291 18 392 836 892 374 74 1119 1089
837 1233 1558 927 327 364 367 562 1549 1670
769 1670 930 1508 537 1581 1451 837 1591 927
1675 1147 890 349 611 1165 460 644 1316 420
166 1259 383 118 909 1275 530 231 1164 366
1306 1515 672 1673 579 69 1301 405 1380 1020
332 1396 1049 316 706 999 14 451 480 95
1142 606 779 1531 962 418 1535 1606 893 814
424 1482 662 676 497 1119 249 915 1051 1426
1094 66 276 1407 1337 428 1471 527 1050 410
98 225 368 1303 89 223 10 232 29 186
1406 430 623 470 821 1246 979 943 1553 718
429 1380 1652 1515 1680 672 572 1653 791 1466
867 839 121 323 322 287 657 542 799 1636
1514 409 41 201 776 158 272 1314 3 1328
1114 62 1205 1100 556 185 1570 1468 1202 314
318 1610 704 642 517 1322 135 790 264 896
1125 1272 810 122 1175 443 1462 1035 737 838
829 471 680 1072 688 964 982 958 1139 912
498 114 203 1011 198 1070 1330 844 641 806
317 1103 1684 1492 1455 1059 286 997 597 162
407 1026 111 419 57 91 1045 898 694 266
1171 1516 833 1038 1460 521 106 190 78 793
1445 1098 698 54 1622 1360 729 1692 1378 176
381 816 883 1209 1008 952 1429 352 247 1015
64 1501 1266 1611 285 1422 1471 206 774 1454
1111 393 1143 1088 1440 51 1452 1282 1650 151
796 744 923 1156 509 194 1165 308 1147 1003
669 299 1288 762 1626 513 1278 637 1323 67
1529 338 518 1003 1085 1136 1448 233 1076 923
1684 184 1455 1542 646 1059 1150 822 932 587
476 295 298 746 302 891 263 1354 1605 605
1639 75 1134 1463 466 1603 1239 1517 1006 1326
285 1422 1007 965 793 1229 1178 351 106 1454
846 343 81 204 1576 664 1004 259 1641 1318
666 347 925 755 297 1029 480 1172 992 1192
435 1642 1063 36 692 980 1308 1446 1030 1563
83 843 1279 1608 1129 685 1355 529 1267 1179
1217 476 15 634 263 1078 753 649 746 1157
1606 574 1544 418 779 739 1531 728 1142 712
783 1615 710 995 126 1560 911 1649 916 1612
544 1332 1412 384 1638 250 60 269 1344 1213
96 972 663 981 960 494 1325 564 982 1046
738 1599 48 362 188 21 369 307 423 1222
1675 460 1316 168 210 570 644 1165 120 1394
1009 1210 1186 1536 1225 345 248 1600 998 256
1186 1292 69 1033 1225 1536 1301 820 1116 1306
1146 957 736 1117 361 924 1657 501 918 641
1231 105 617 944 885 214 1510 1170 115 1395
979 1237 140 1367 127 878 1253 303 877 714
1395 944 615 496 214 1231 1414 0 105 1170
164 357 1139 1442 532 958 523 175 1138 119
1381 393 1613 51 1431 1234 869 1018 1061 1111
894 633 1099 1472 367 145 1086 1148 1522 364
59 340 865 1423 888 842 1254 983 1241 1321
382 1654 558 1042 4 235 311 459 103 495
578 956 979 58 878 1246 1406 430 173 616
899 689 449 1197 474 252 882 1575 1699 881
329 301 469 907 273 310 92 31 637 1319
358 465 5 123 278 1420 411 397 230 448
539 1019 159 534 1661 1334 378 156 1478 807
1288 186 328 29 1626 225 1106 762 1303 394
1282 1650 677 406 23 1627 1088 208 854 1001
684 128 1505 1277 652 324 800 818 157 376
78 745 288 963 138 1578 202 833 1038 896
1309 240 113 1430 133 169 1590 1244 828 1248
1148 620 1099 1377 1086 1522 894 1487 1198 1472
649 1157 1217 1221 605 753 1078 519 218 1018
836 1290 289 1585 1051 892 852 765 1497 18
1534 1372 941 17 801 88 1387 1537 906 522
762 299 767 329 469 1106 595 1323 301 1288
1076 348 1591 338 254 819 1041 1085 1581 441
1523 919 1060 1129 1044 739 1267 843 1556 1345
101 1102 1408 757 1255 339 1548 914 871 1327
924 1658 806 1070 1117 355 498 203 918 1203
896 135 1610 583 318 288 180 517 954 790
1073 969 1122 1569 522 482 1174 1537 1280 941
444 1675 1316 1485 890 541 611 570 319 210
341 1428 1257 229 268 818 1427 1607 931 845
1150 1542 261 932 597 184 1604 1698 1145 1179
1687 542 1170 1586 1199 1075 1510 1231 867 134
1378 187 508 274 1296 33 54 1098 129 804
634 1221 753 218 1018 1157 1613 1078 1245 1441
174 1392 1158 908 1028 798 1691 1091 976 1163
421 1397 497 686 1349 424 754 784 1527 1426
1505 483 1277 630 1112 910 1681 157 519 1315
191 197 221 1032 1319 80 440 31 792 907
1453 1497 257 527 1268 1189 436 289 66 79
1688 486 246 678 1263 1193 342 1037 1365 44
1194 1665 363 770 832 1346 200 26 1113 1656
1510 867 885 121 447 1231 580 542 1636 1170
974 1039 452 355 552 1052 803 455 993 806
732 1409 280 1682 1634 872 999 1300 454 1049
525 398 1651 226 365 1329 953 789 154 512
217 1685 171 346 560 68 302 1447 71 950
497 575 915 1426 424 1697 676 1482 754 1465
494 609 564 981 972 1457 96 1201 26 960
1343 259 143 1004 846 601 1488 81 830 1641
725 1517 1036 1463 1589 1326 130 1526 1307 1660
480 602 1172 1580 1029 925 347 683 297 332
1193 1480 486 1276 1436 787 44 1069 1037 1263
415 1138 1628 742 175 546 1434 748 164 1154
1278 595 67 1626 513 290 696 299 1410 1288
785 1361 42 533 513 506 1323 914 370 696
1586 84 150 134 1687 1199 294 898 862 647
1673 1020 743 1380 572 579 1653 934 1301 380
1123 720 1393 199 1554 546 742 1388 459 812
1382 1168 156 1417 1120 721 1023 1092 1054 539
468 824 758 1251 344 160 1130 1443 122 838
1119 575 892 1482 392 1051 424 1465 662 1291
1470 406 1034 86 629 23 1650 1594 346 1254
1037 1485 1083 655 1193 342 1688 890 486 444
1449 1031 681 317 286 997 1071 1620 228 587
403 982 964 585 960 445 688 417 471 1040
390 286 1071 279 679 1391 317 1031 822 356
489 964 1040 417 9 403 320 471 124 1105
1580 521 1172 809 1307 190 666 1460 332 316
376 818 630 128 800 1277 845 324 1215 229
1608 1364 875 1648 604 1279 843 1499 1469 6
1397 249 651 424 971 497 760 1538 1482 784
553 1080 383 1550 909 439 1596 1219 1679 306
1230 1072 1325 982 585 680 1046 96 1139 1511
252 624 1197 1699 1575 899 1374 449 985 882
884 1373 780 875 255 1364 1145 1499 994 895
1437 20 32 1366 39 1512 1180 985 1699 1374
435 373 242 1063 307 1222 603 1623 752 1446
1680 1681 910 1653 1559 1380 1097 429 157 1505
111 840 266 146 1475 91 1668 1026 1261 588
819 293 1581 781 1540 930 1177 441 1591 759
67 1410 947 513 973 42 669 1672 929 726
1595 719 1562 1012 488 494 1201 564 412 1200
1098 176 590 1360 1067 1169 1198 1445 1378 54
754 859 1357 82 238 856 1527 421 826 1426
1274 703 1386 1415 817 1525 771 220 25 52
1017 475 1421 149 1031 1335 356 1273 228 399
876 1570 314 1336 1205 740 1114 1100 1101 1258
771 1525 700 432 312 1386 817 165 25 1504
583 1109 264 1322 524 517 318 287 1610 1260
216 988 554 339 500 296 1255 179 1609 211
1396 1269 14 95 573 1624 451 1049 1369 332
1243 893 499 823 291 1535 1142 1571 1572 1405
141 922 215 1404 19 507 1590 889 1244 804
1530 1227 1297 986 1461 1602 1220 929 1331 1053
607 911 1612 995 916 1615 1560 320 783 124
1021 1677 306 553 530 49 563 909 561 1164
1544 858 1606 1044 831 728 1057 739 721 606
1260 448 942 35 411 1109 524 358 799 901
945 402 1367 234 43 1253 127 473 1025 616
1506 1107 1065 1368 1467 12 183 1167 151 45
916 99 453 1612 414 1574 1062 320 195 1105
726 1068 946 1096 1048 1644 1000 1331 1672 1297
1246 1504 1406 514 1553 485 312 58 470 1525
1012 697 1200 404 277 564 1595 1519 494 1562
1554 673 812 742 1434 1123 825 546 1393 189
858 1054 1382 831 156 674 1057 807 712 1168
1491 1549 344 1130 1338 1583 1521 1558 824 1295
1198 729 1360 1249 857 1148 1377 1487 1445 698
425 1047 222 56 272 1498 3 386 1646 1126
1526 1036 665 1307 130 1517 809 1589 190 1643
929 717 1000 973 1672 1297 947 1331 1096 946
282 1467 854 1401 1065 1627 151 1282 1557 1506
788 1057 1606 750 712 858 1425 1544 418 1383
723 1249 1360 1445 868 1183 1198 590 857 1692
1315 1390 1112 387 741 1277 808 1320 1689 800
803 10 495 452 4 455 974 1203 368 1630
659 999 1643 1409 1526 130 1300 1049 1682 280
1271 446 357 550 532 912 812 1434 195 958
1384 1690 1576 846 1004 284 375 1641 1321 1318
125 1043 28 487 515 1068 978 326 72 1333
501 1414 227 957 614 1657 361 496 516 1146
810 1251 1338 122 327 344 584 1558 443 722
362 610 307 1599 980 1063 1222 76 21 48
1544 1523 1044 1531 639 606 712 1606 1267 1060
1208 174 314 1691 876 702 1258 555 1028 870
1458 270 800 1315 1390 1689 730 1579 1621 802
1434 668 546 1138 720 1628 812 673 532 1393
380 1020 1653 672 1380 851 1559 934 1673 1441
308 594 1147 1156 1165 427 796 209 902 923
202 1578 631 61 138 78 288 1152 352 247
904 302 950 476 15 598 1584 171 1685 605
1511 204 1484 526 1046 1493 777 343 81 601
415 119 175 464 259 955 1154 1343 1488 164
1689 493 1320 948 1390 116 802 959 1458 730
1557 788 728 418 163 827 1383 1606 1057 1425
412 488 842 1562 1423 560 1507 68 1201 1595
1671 30 304 242 373 512 1362 1623 1014 1222
1078 1613 649 1018 634 605 1234 218 15 1221
699 859 1426 421 1697 497 651 1527 662 1479
992 347 1192 863 602 297 1248 925 1655 756
385 863 169 1655 992 240 1310 137 1248 755
1182 1548 1102 101 871 640 405 139 1363 805
675 824 1443 1391 160 390 468 279 1130 1251
1629 293 781 441 1067 1448 176 695 1487 819
249 1341 1520 1538 686 1115 971 1482 1585 1418
426 794 416 165 514 835 432 1013 153 485
637 1288 767 1106 299 595 628 329 29 1626
1432 437 557 1552 1598 271 238 861 1336 1162
481 835 196 828 133 136 400 438 1619 794
289 928 852 257 1588 63 1270 1497 635 1585
1339 1534 1372 183 834 1144 151 1440 1506 801
1106 637 469 762 1539 329 1319 299 1288 29
1223 374 1089 1424 1567 1420 397 1389 1291 567
569 1508 1041 1591 1581 1451 930 1670 1149 537
363 1616 1665 897 656 1113 984 108 1674 1346
703 432 25 379 1013 1386 700 109 1525 312
868 1369 1624 47 1249 1269 857 1183 729 1187
993 458 1543 1252 516 0 1039 134 531 501
775 1471 64 53 276 1050 1266 1547 1094 1224
774 1547 1224 53 1050 276 940 1471 64 46
201 485 1553 581 470 41 1514 1328 426 514
526 1509 1046 972 747 96 1484 1201 1511 1325
142 1645 1226 841 1617 253 1218 795 864 179
814 418 574 827 1142 606 1571 893 1695 1606
895 1373 1145 690 461 505 1150 255 309 1499
293 1629 759 1177 695 1086 819 441 1487 1540
1101 1348 467 1530 939 1461 205 1202 1593 275
607 1649 995 126 975 977 1615 710 1062 377
1349 1397 906 17 1133 1477 421 651 971 1527
670 1361 506 42 914 1408 533 224 339 370
1614 966 1359 1351 93 1566 1250 1311 1528 472
1480 1069 1128 667 365 226 1436 830 1329 1276
750 1383 728 1425 1057 163 1557 1683 305 1606
1141 1329 1413 398 1489 1356 226 660 154 2
528 1610 351 318 963 288 583 1229 642 896
324 1466 157 429 1215 1503 1652 1680 128 910
334 80 191 1574 853 408 453 1032 1411 653
1229 106 1422 1171 600 1454 1038 1516 589 1611
761 1013 196 835 432 416 109 165 426 136
841 366 22 1617 1596 388 510 778 231 1226
594 1165 194 923 1394 744 463 511 460 1156
333 1314 258 1328 1140 1514 538 1375 50 201
1158 1392 976 820 650 1625 934 870 1673 1020
524 839 1260 1636 264 121 287 411 580 713
270 376 1315 741 684 1277 630 845 1458 730
834 848 1534 1438 88 636 1214 766 1372 549
1689 1458 1579 948 1056 749 1005 1667 1390 741
1630 974 731 495 452 10 1052 4 368 658
889 274 54 141 1622 1692 648 215 708 19
1255 101 1548 139 988 1427 1609 268 757 640
355 1203 1070 641 203 452 1658 455 924 498
156 378 831 1433 539 159 721 1168 627 565
959 387 1320 263 730 1217 298 1112 116 1390
1307 683 316 1643 1526 725 1580 332 190 521
443 584 737 1272 122 1439 327 1125 1251 551
1566 1379 1103 1250 162 997 1118 1492 1298 1614
446 720 1434 189 1554 742 825 733 673 532
1465 860 1291 1293 1119 1089 392 1090 1207 1424
779 1695 827 1571 1666 418 12 893 282 1142
395 221 1402 1539 1032 77 89 1303 1319 29
1008 591 886 1429 381 952 1618 1310 883 212
58 1525 502 956 700 1504 1415 703 1246 173
684 128 229 1215 376 341 645 630 324 845
293 695 1581 1076 441 1591 638 1085 781 759
1033 976 1292 1625 1301 798 1116 1158 69 1673
943 1010 430 41 470 3 578 409 267 222
1093 1455 1391 286 1542 390 597 1443 1698 681
291 1131 707 32 1243 536 893 1366 1512 1571
1130 675 758 344 279 1251 1583 468 722 390
408 189 1554 853 1388 812 720 1411 1123 80
1357 1400 1527 861 1477 699 238 1385 1349 88
418 814 1695 779 1557 282 750 1666 12 1571
1244 764 438 481 133 113 922 507 632 1568
958 585 912 471 1139 1072 457 357 1040 688
1069 1436 955 1343 143 259 464 664 787 44
807 1433 712 1044 378 858 721 156 1060 1544
200 1656 1342 656 1194 1346 1495 1665 277 1518
78 589 1038 87 1460 202 631 1171 963 1029
801 1534 1438 1144 766 848 549 85 1339 1372
136 196 764 794 416 481 761 1619 1013 109
635 892 1290 18 567 1051 392 74 676 436
568 1670 927 562 930 327 537 1558 569 364
1175 1240 1490 468 122 160 354 1265 1251 584
580 799 121 287 264 524 323 1636 867 517
694 1475 1261 180 146 855 266 1668 111 1473
795 510 1218 778 22 1645 1617 366 1226 975
1423 888 751 560 621 71 865 412 1254 488
604 1608 1129 1267 6 83 1523 685 639 1531
1053 1330 1602 198 350 114 1162 1227 1317 986
1347 376 341 559 1607 270 818 684 1285 800
601 1576 1004 734 664 343 1690 1384 1641 143
45 1569 1087 1122 1350 1486 1546 482 1368 1107
1214 801 88 1400 1438 834 1385 1477 1534 826
377 545 1218 510 97 975 1649 24 977 1645
7 1176 13 474 1693 899 104 881 913 1659
1633 172 380 934 1662 1020 1091 743 1392 396
1585 1115 1588 765 635 289 1371 1270 1341 1520
408 1411 189 825 80 792 1574 446 1554 550
727 1627 163 1557 208 282 1401 1282 629 305
1475 135 517 1668 180 323 287 840 642 694
1479 82 859 1286 699 1264 1456 65 1697 238
1249 213 1377 723 47 1187 1522 772 729 868
721 1057 712 1054 831 728 1425 1544 1606 788
754 699 856 1479 1697 1426 82 1357 65 1286
813 1207 1090 1465 1293 1496 1016 1376 1089 1119
1432 1357 238 1400 826 1385 1598 271 763 82
84 150 419 1340 407 70 671 898 57 588
756 1248 755 1192 992 240 1655 1430 347 385
142 535 1645 296 179 211 97 778 207 1218
1321 621 340 996 1423 1318 59 1690 983 375
543 879 47 1624 14 1187 1635 772 1335 872
580 542 657 322 1510 121 323 839 647 1199
1369 1183 772 1249 729 300 1692 1445 1269 1624
1061 1431 1561 1481 1381 396 1662 619 1245 85
1081 900 185 335 976 798 1116 820 1100 740
1363 1121 1102 757 405 1327 1182 256 640 1600
280 1409 1398 879 1049 659 1635 14 999 732
1216 1565 1582 933 1597 76 1324 1563 413 21
1289 115 214 1058 1016 1294 1376 1090 496 105
1499 1364 685 690 1279 884 1145 1604 780 1469
1258 1336 702 740 314 1598 1593 437 555 1570
1237 303 1253 1686 337 1025 1367 70 945 616
303 173 956 623 979 1237 616 16 502 877
543 1635 866 872 938 14 1398 1335 1187 280
1206 1637 991 1399 1066 1022 1577 1159 1211 1476
1659 474 1176 1236 990 449 850 882 281 1159
990 449 244 1084 252 1159 624 1151 881 474
381 247 1209 1015 591 352 816 1578 954 1473
994 690 255 1364 1373 1469 875 1555 780 1304
447 657 465 615 105 1231 1510 278 121 1636
212 816 1429 1008 1353 137 379 591 1310 1618
1535 1648 6 962 1405 499 1608 1469 1142 1531
71 1254 842 86 621 1034 59 560 346 1423
804 141 19 1692 1622 1435 54 708 274 152
349 570 1083 1675 644 420 1485 678 1147 444
1605 295 1447 1685 192 302 598 217 1354 490
1051 392 836 676 567 635 1119 1482 1291 18
291 1571 707 1142 1535 823 536 499 779 1243
620 367 364 1472 1177 1086 633 1540 1233 1099
780 461 309 505 1373 1631 1145 1150 690 1302
642 954 138 288 1610 135 180 790 583 631
265 1674 108 1616 770 1113 1665 9 547 124
91 178 407 1199 84 266 671 1586 588 111
624 1197 689 474 850 7 1513 548 449 1575
335 870 1081 90 1100 185 951 1024 1116 1694
448 1173 46 5 35 358 989 397 713 1547
209 427 1232 308 325 55 492 970 1551 1156
1200 1592 313 404 1495 155 1519 1518 1012 277
1584 462 746 15 950 1452 1001 1078 1594 1234
920 1154 103 1654 1628 1047 1126 464 415 425
17 1133 941 784 1280 1397 1349 522 1352 636
31 1319 197 469 625 92 329 273 132 653
1163 1481 1028 650 1392 396 1091 174 1561 1533
306 383 530 687 553 571 711 1080 1021 1259
1680 157 1505 693 1681 652 429 483 791 324
1560 124 710 489 320 1615 607 1256 1612 1674
457 829 1271 958 471 733 357 195 585 1040
1185 13 1669 1659 1176 60 281 1247 850 1693
224 785 1408 42 1327 1102 640 506 670 947
1697 662 1496 1465 1426 575 1119 1479 65 497
716 1062 1612 995 453 710 99 607 320 783
309 921 236 193 1631 1298 162 1281 461 1492
1117 1658 1264 442 557 271 641 1162 1146 1552
1060 1556 639 1345 1129 503 529 83 1433 1044
905 1654 1154 1628 382 103 459 415 546 622
1059 309 1492 461 917 162 184 1684 895 1631
1244 1590 113 708 507 1404 828 1430 215 632
194 594 509 1003 796 1156 338 596 463 744
641 957 1117 531 355 614 806 1658 498 1070
347 480 602 666 451 131 315 755 1192 1580
1305 336 1127 1632 1474 1513 1587 236 479 1262
1540 837 930 364 568 1670 1233 569 367 1177
63 1270 765 1494 1588 257 540 967 852 289
726 986 973 1410 1000 1297 1602 709 717 1331
927 1540 569 1670 1581 837 695 769 364 1177
1450 1428 1609 500 1283 1257 1427 645 491 988
261 1698 1542 646 94 1104 1093 1179 1150 1604
1451 1582 873 1216 537 1500 1238 1508 1324 21
1625 1020 1633 1673 851 1392 798 1301 743 672
1478 565 1265 503 1312 243 1345 159 1240 354
237 34 129 100 148 504 1064 187 391 33
563 1656 359 147 1346 561 1342 1677 1204 1667
1335 1635 399 1017 1153 1398 38 543 879 228
275 205 1331 1220 1348 467 1530 782 1297 1132
53 1547 35 942 1007 775 1178 774 46 285
522 1280 906 1073 636 17 1537 1133 1122 643
35 1109 713 1178 940 1322 448 1260 1007 1547
821 430 1010 267 140 107 3 578 222 979
1170 1231 1395 617 1075 0 615 1510 1687 647
1025 714 1253 1367 473 402 478 1686 292 877
1644 1672 1068 717 515 726 973 947 326 1043
1672 1644 42 696 726 326 973 717 224 946
493 1056 331 749 802 1689 155 1204 1667 116
552 478 473 294 1252 993 1052 1039 402 773
1584 171 1594 746 904 302 1001 1685 1470 462
335 1694 90 1137 900 456 1081 1132 1100 870
1110 1618 1008 219 591 220 1676 1209 816 1074
330 319 525 365 541 512 444 660 1276 1480
138 896 1578 247 1015 180 288 1261 642 883
464 830 1126 1436 1646 748 44 1343 1154 415
58 173 502 878 623 817 1246 16 303 979
924 614 501 736 531 1117 641 516 1543 1146
829 1139 357 912 618 1072 585 733 471 532
1320 808 298 116 263 1354 749 387 1217 295
445 982 609 96 981 680 26 1325 403 688
1404 152 1248 315 1430 1590 1192 19 1416 131
6 1531 1535 887 1142 574 1267 499 1648 1608
78 528 790 288 631 1038 1610 351 138 833
682 1040 403 417 680 471 585 489 9 829
1178 351 1007 1322 600 1229 318 528 285 790
786 1634 472 1682 93 1311 454 1614 1359 1300
63 1189 1403 1247 1195 257 540 928 1185 79
1564 112 1181 433 1308 36 484 1108 1023 1417
1174 643 1073 1066 1476 482 1352 522 1280 1569
1647 209 1232 1551 1156 102 391 902 509 492
1538 1133 686 1352 1397 1211 760 784 249 906
609 96 663 777 494 1046 1509 1201 1325 981
1672 929 1410 726 67 696 947 946 986 717
803 658 1630 1052 452 552 731 1039 495 455
510 1649 126 22 783 849 377 231 841 1218
1184 1158 820 1691 62 185 798 870 314 174
1649 377 1062 24 401 995 783 849 975 440
1333 125 1124 28 1121 256 487 520 72 1327
616 140 430 623 878 578 1237 1367 127 943
1563 1063 1642 76 1030 362 738 307 603 1565
1457 26 663 609 564 960 445 972 1194 494
960 680 688 1325 96 445 403 585 609 1230
340 1241 375 1664 1690 59 170 1321 621 865
363 1616 445 770 417 9 403 26 656 897
1437 1699 1575 1262 1180 691 1374 1541 689 20
929 1602 709 1297 1410 1227 350 973 726 1053
1160 1190 1664 1120 284 1640 375 1356 2 1092
1255 1609 705 805 1427 500 216 339 101 931
1173 1567 1389 1299 397 374 46 5 901 768
882 1159 244 449 881 1236 474 1206 1659 1399
880 1022 1637 1371 1418 1206 1066 1577 1211 1399
755 1655 297 863 1152 756 602 1192 385 347
1252 773 1039 1543 552 949 458 658 531 294
884 1555 255 110 1304 1469 1302 690 1373 1459
783 1062 916 607 977 1649 710 1612 716 1615
1318 1484 865 1321 526 1507 343 1423 1576 1509
1118 1449 1620 1103 811 1250 317 679 587 1528
520 1210 345 1124 248 1009 72 487 256 262
1049 1643 732 1409 316 573 659 1526 332 809
726 1132 1096 1331 929 1137 717 1297 275 947
406 1452 1584 1650 1594 462 1470 1088 904 950
245 1334 1228 484 534 433 1545 360 1661 1023
509 1529 596 923 1647 102 338 518 1156 194
143 846 1641 664 734 1384 601 1128 1576 1343
1667 49 1579 561 1056 1212 802 359 1677 1621
1134 1603 260 1358 472 1311 1517 1300 1639 599
1178 285 600 965 940 53 1422 1322 942 351
816 1618 886 952 591 25 379 1429 1386 1353
612 1210 256 345 1600 1124 248 998 1225 1363
3 943 222 821 267 386 41 430 409 724
186 223 586 114 203 328 455 498 394 225
1200 719 1519 1595 697 8 404 192 903 313
109 794 432 196 771 379 165 761 400 835
210 372 1671 168 30 330 512 541 1316 752
1209 1261 883 247 1473 954 180 591 381 840
1090 1294 1235 874 1207 1376 1289 860 1657 1058
701 1335 1421 399 938 228 475 1273 1031 149
218 1381 1245 1613 649 753 1061 1441 619 1221
627 534 354 1545 159 1478 1035 1334 539 1661
934 1673 743 672 380 851 798 1301 1625 1633
711 1164 1677 530 563 306 547 147 553 1259
991 1494 1577 1270 1371 1206 880 1588 1637 540
112 1417 1661 433 1334 1168 968 1181 539 674
1116 1081 262 248 335 1100 900 456 185 1536
945 292 1686 1253 478 877 473 70 1367 714
588 1045 111 57 146 1573 1601 694 91 419
1669 389 384 1693 283 13 104 60 1344 544
1163 1533 908 1208 174 650 740 1481 1392 555
1460 1172 297 87 666 602 1152 521 1580 683
1563 413 1642 1108 36 980 1565 1564 360 76
228 679 1071 1449 475 1620 701 399 1017 681
80 408 653 221 1402 815 191 792 1388 853
1301 1625 820 1292 613 69 934 1673 976 798
1254 86 677 23 888 305 1470 177 71 629
1545 1175 1125 354 1019 534 584 1240 1462 838
725 1660 1589 665 1307 190 1326 1526 1454 1516
1485 1193 678 1276 319 444 655 486 667 1480
78 1171 589 833 528 963 1229 793 1516 631
993 658 552 1543 355 531 773 974 1252 949
682 471 964 1105 457 320 417 489 585 912
1591 769 1508 1149 254 638 1581 569 1238 348
558 235 107 43 622 267 234 386 127 311
735 1068 487 28 515 566 125 1048 520 326
739 1544 1060 712 1433 639 831 1523 1345 919
57 1601 1026 477 588 1573 1166 1676 419 1074
1325 96 777 1511 747 1230 972 688 526 609
103 386 425 222 724 905 558 1654 1126 1628
1096 566 1068 717 1043 326 456 28 1331 1333
999 1409 573 14 872 316 732 706 1643 659
1224 276 1337 775 774 117 576 66 1547 1471
892 1482 676 1341 1585 836 635 392 575 249
552 1630 974 402 473 949 803 658 234 1039
844 1317 1227 1602 1162 198 986 1330 1461 709
1155 721 1382 1425 858 1057 1092 1683 170 674
145 1522 149 1099 1421 1273 213 1472 1377 1295
1667 331 948 802 1204 1005 359 1579 493 1689
858 728 1425 788 1054 712 721 1383 1606 750
230 123 1376 115 874 278 1090 105 214 1016
184 921 1492 1684 597 461 587 162 1103 1455
1433 919 1345 639 1044 378 1556 831 1523 739
1245 1381 1662 869 1018 172 396 218 1481 1441
916 995 977 401 453 716 334 1649 783 24
980 307 603 1642 692 738 435 1563 1222 362
148 1696 1287 100 144 936 1551 504 40 1370
1467 282 12 727 715 1695 1506 1401 151 1666
1637 880 969 1174 1399 1211 1476 991 1352 1206
1169 176 698 759 1448 1098 233 1629 1378 1296
1043 717 515 946 1048 1644 326 28 566 735
830 787 1128 1436 143 667 1480 1343 259 1641
203 806 1658 498 641 1203 586 442 355 1117
279 356 681 475 1031 679 390 1583 701 286
1230 688 1139 585 523 829 958 1325 1511 982
1174 643 522 1280 969 941 1352 1122 1537 1133
220 52 1601 1676 1110 1166 1274 167 1415 219
0 1687 1170 944 647 134 458 1395 1231 1586
638 1085 819 441 338 1591 293 1581 348 596
11 1358 1359 1311 321 241 1351 422 1603 1082
15 753 1613 1234 462 605 904 649 634 1018
479 1188 283 73 104 548 1127 1444 181 1305
1219 1596 687 383 388 1550 1679 27 1191 366
870 1116 335 900 1024 185 1100 820 951 90
1213 1639 1603 466 422 1358 11 269 599 1344
420 890 678 349 342 434 1485 1688 1037 570
1663 1151 252 1374 882 1502 244 1546 1087 482
1076 441 338 518 596 1448 819 638 293 233
1177 1487 1629 1148 633 781 894 620 1198 1540
1569 482 847 1546 1663 1151 1486 1084 45 1122
1650 1282 593 1143 629 1452 1001 51 1401 406
768 1223 1293 1424 1291 813 1376 374 567 1420
1376 1016 1293 860 1207 874 813 1058 1235 1294
1633 396 1392 172 908 851 650 1481 934 1158
1155 1241 1160 1382 1664 170 1054 1120 983 987
1698 822 1 1542 1443 932 1391 1455 94 597
576 1471 1266 410 276 1407 450 774 66 64
1167 1486 536 371 1107 1131 1666 12 1546 1366
1048 1137 1132 1000 717 1331 456 275 726 1694
1681 1221 483 1157 1559 519 693 218 1441 649
698 590 1378 54 1169 1067 176 1296 1622 1445
1522 620 633 1055 145 1377 1472 213 1148 894
185 90 900 1468 582 1024 1081 702 1570 62
1593 782 1570 1202 1336 205 702 1468 1461 467
640 871 757 1327 1121 914 101 1408 224 405
1492 587 811 162 997 317 1684 1059 1379 921
1179 1355 261 529 94 932 1161 1279 1698 83
320 457 99 195 1040 1612 471 1271 682 414
767 1539 29 762 395 1288 628 637 1303 469
1368 715 45 1095 1167 1486 1350 12 847 1506
484 1564 1030 413 36 360 245 1642 433 1563
704 942 524 1322 713 1260 1178 264 799 583
1676 952 1074 220 219 1618 1601 1573 52 1386
1440 393 593 1144 1143 85 1431 51 619 1339
387 730 1277 1315 519 483 652 808 1390 800
547 1665 108 147 1346 897 770 265 1164 656
582 1570 556 1202 1205 702 1100 1468 62 314
1585 852 1520 1588 1371 1341 1418 760 1270 765
1081 1024 1292 185 820 69 870 1536 900 248
918 1658 641 924 614 442 1146 957 498 1264
997 1250 1528 1620 1449 1614 811 38 1566 228
392 676 1465 1291 813 575 892 915 567 662
1640 1160 987 1417 1092 674 1382 1190 1181 1664
256 871 1363 1327 978 1102 1124 1333 1600 1009
1537 1569 1350 643 522 847 45 1387 1073 1087
199 673 1388 1554 77 720 1393 1402 232 825
256 345 978 72 998 1009 520 1121 125 1210
1272 584 1462 1035 1545 1175 1228 551 810 443
1646 425 955 464 905 1498 44 415 1154 1047
479 1305 1513 926 548 336 1079 1632 1474 236
1641 787 1069 143 1329 1004 226 1384 1413 830
83 843 604 639 919 1523 1267 529 1556 1608
824 1583 344 722 1491 356 279 675 758 1338
1366 823 371 536 1095 32 291 39 1167 1486
1137 1331 1000 275 1694 1096 939 726 456 951
906 971 1352 1280 784 1397 941 1174 17 1538
1006 1517 260 1463 599 1603 1639 75 665 130
492 325 1375 144 182 1696 258 55 1232 1287
1529 233 1296 518 508 102 596 1169 1448 1003
1132 1694 1096 456 951 1000 275 90 1331 1048
175 668 532 742 1434 164 415 618 357 1628
1072 958 618 523 829 357 1230 1442 585 688
1314 1365 50 333 1464 797 158 342 1688 1514
1489 1356 789 2 1524 1413 1190 398 1329 154
574 893 1535 962 779 1571 707 1531 499 887
1440 593 1088 1401 151 1282 1111 1339 1467 1627
85 1440 1339 834 1111 766 549 1534 1431 1438
780 1150 1604 1499 461 895 690 261 1373 646
614 361 1286 1264 1117 1456 918 1657 957 736
570 744 1165 349 427 308 460 1675 890 594
1487 633 1198 1086 1377 723 1629 620 1099 1360
423 48 1238 1041 254 1508 21 431 188 769
646 1145 1604 184 261 461 597 780 932 1499
482 1084 1476 1663 1087 244 882 1569 1546 1399
1655 87 202 297 61 992 745 1029 385 833
1398 38 454 93 1635 938 399 1528 280 1634
905 920 464 415 1628 748 1126 955 1654 668
1092 170 1054 1241 1425 1683 1382 177 59 1160
509 594 209 308 744 1647 923 970 1003 902
1221 634 519 1097 649 1217 387 483 218 605
798 650 976 1392 1691 1184 174 1625 820 934
244 990 1206 1399 1577 882 1236 880 1476 881
1664 987 1120 1092 1241 1382 1640 1190 983 375
94 1556 529 503 1312 1104 1355 1345 83 1698
442 1317 1552 1053 198 557 1227 844 918 239
908 1028 1533 1481 1561 549 1438 1208 650 396
1259 547 1021 530 108 1275 571 147 1113 711
460 1147 796 1394 744 594 570 611 1675 511
167 1601 52 1074 1284 477 1045 1415 1676 220
1666 536 1095 12 1107 1571 291 715 1695 1131
156 674 539 1661 1023 1417 807 1382 627 721
233 1067 1296 1378 1098 1448 698 1136 518 176
1231 1075 944 1510 647 1687 542 0 615 1395
589 106 1516 793 1038 1229 1660 833 1454 528
1029 666 1580 683 1460 521 480 602 297 87
989 901 5 46 397 1299 1567 448 1389 358
1073 969 1352 1066 1280 1211 643 1637 1133 522
838 1035 1240 354 584 1125 122 1490 1545 1265
474 850 1659 881 13 913 1693 7 1236 449
1086 1540 781 894 364 1629 695 927 293 930
965 1007 1322 942 940 1109 351 600 285 318
261 1604 1104 1355 1279 1499 932 529 1150 646
1541 20 985 1437 1262 691 110 161 1512 1459
1640 112 968 1417 2 1308 1524 1120 1023 1190
757 1548 405 1652 139 1515 1466 871 101 1102
868 1692 1445 1369 300 1435 729 1622 772 1249
976 1691 62 1205 314 1158 185 174 820 650
60 1195 913 1247 1669 1412 281 1403 13 1659
1225 1536 613 612 69 1292 1600 248 1009 1306
47 213 543 1273 866 857 1522 1624 1377 1335
181 1444 241 1079 73 283 321 389 479 104
967 1403 257 63 79 654 527 1195 250 1247
2 987 1356 1141 1640 284 1120 1160 1524 1181
1219 1283 1679 1607 27 1257 1347 1285 1450 1550
1248 755 347 863 315 961 992 1430 602 925
667 1276 1037 486 655 1480 678 319 1485 44
656 200 26 363 832 1457 1665 770 277 981
1403 1185 60 250 1412 967 1247 1189 913 79
117 74 1389 436 1299 1453 1268 1290 18 374
1575 899 689 624 1513 336 1699 1262 252 548
1360 1487 723 1148 176 698 729 1629 633 1377
1586 647 542 898 178 1687 671 322 91 84
404 1012 903 1519 719 313 277 1495 1595 192
1509 494 412 1507 1562 697 972 663 777 526
556 1570 1101 1114 467 1468 782 205 702 582
455 806 452 203 1070 355 731 223 641 658
331 1518 359 1056 1342 1592 1667 1495 937 1656
62 314 1184 582 1114 1691 185 702 976 1570
880 1399 1577 1159 1022 991 244 1637 1066 1494
860 1496 65 1235 1090 1016 1465 1456 813 915
740 555 1028 174 1533 1258 876 1163 1691 650
1015 883 1473 591 219 1261 381 952 247 1573
345 998 612 1009 248 1124 1536 256 520 72
1538 1637 1352 1418 1174 1066 971 1520 991 880
439 1285 1621 49 1550 559 1005 1579 1679 1347
422 1082 1344 544 269 11 466 1639 384 608
848 1385 1400 1438 555 801 1533 88 1598 861
324 1503 229 128 818 791 268 1466 684 157
873 21 933 76 1238 362 1565 1451 1582 48
263 605 634 1157 808 387 519 476 298 959
510 1645 849 841 97 778 545 975 377 22
1191 27 1080 1679 388 1550 1596 1283 687 491
1348 1297 939 1530 1331 709 467 275 782 205
649 1157 1097 218 634 1441 1559 519 1018 753
307 373 1599 1362 692 738 30 1419 1063 242
768 1420 1089 230 1293 1567 397 1376 1424 374
1050 775 1547 46 1299 117 276 774 1337 53
1186 1600 69 1536 1306 613 612 1292 1009 248
1617 491 253 778 142 388 27 841 795 1450
1317 1461 1053 709 1602 239 1530 986 1162 844
1462 245 37 1002 1545 360 1125 551 1272 484
793 528 1171 600 1038 351 965 106 1422 790
1072 688 1325 1511 523 1046 1493 1139 982 747
615 1170 1510 944 617 885 657 1075 647 105
209 492 1551 902 970 325 308 1696 1135 427
367 568 1549 1558 1521 364 927 894 837 1472
462 51 1613 1078 619 1452 753 15 393 904
1456 1294 65 1207 1016 1657 361 1286 1090 1496
281 1659 1577 881 540 1159 990 1494 1247 1176
303 877 616 1253 1367 878 979 1686 945 140
21 48 1508 1149 1216 1451 933 1041 423 769
206 466 450 410 269 75 599 1639 1266 1638
1265 354 838 1490 1175 1478 243 935 1035 160
170 1664 983 1092 1155 1160 59 340 375 621
1370 40 416 136 538 1619 153 1328 835 258
707 499 1572 823 1512 1405 32 893 1535 161
922 113 828 507 438 1590 632 133 481 708
1061 218 1441 1662 1018 1381 380 172 869 649
1406 58 718 1504 623 578 1553 956 817 470
281 540 967 1185 1195 63 1403 913 1236 1494
1192 1430 863 961 240 755 1590 756 315 347
857 729 723 868 772 47 1377 213 1183 1360
1118 1614 1566 1528 811 997 786 1379 1620 93
122 675 737 468 344 824 1338 838 810 584
993 773 458 949 294 134 552 478 1039 1543
1367 945 1237 877 1025 1686 714 616 303 292
1034 888 59 177 86 621 71 23 1683 170
101 988 805 339 640 705 1548 1609 1408 1427
1275 1560 265 1615 118 124 1674 108 911 1259
1283 1607 1428 645 341 931 1191 1450 1347 845
1598 876 555 1336 437 1385 1208 740 702 763
1164 1275 571 530 547 118 108 1256 166 1021
713 524 799 411 1636 1109 264 448 942 839
180 1015 840 1473 1209 146 694 954 1475 883
1575 336 985 1474 1180 1541 1699 1197 1459 1513
44 1498 246 486 1646 655 56 1688 1436 1193
271 82 918 238 1146 557 1286 856 1117 1552
243 1240 935 1490 1478 354 1312 838 160 565
1471 410 1094 206 592 64 1501 774 1239 450
6 843 1523 1531 1608 962 1129 739 639 604
1453 1337 527 66 654 117 436 1196 576 1497
706 95 1369 1624 772 1396 14 451 868 47
1494 1588 928 1022 1371 765 540 852 63 1577
195 457 733 912 550 446 1105 414 99 471
1462 443 1125 551 584 810 1483 37 1228 1324
1421 1335 1187 1055 543 213 1522 149 1017 701
1415 52 220 700 1386 1074 167 1618 1110 25
1256 118 1259 265 571 108 1615 1560 1164 166
1193 1480 319 1037 667 365 1485 953 444 486
1315 652 1112 630 800 730 483 1505 684 741
669 290 1626 67 394 595 350 1410 1288 328
1355 1179 604 1499 83 685 875 1604 1104 529
941 1073 906 1133 522 1174 1352 643 969 17
1313 193 1298 73 181 917 1379 321 236 162
1088 1627 629 1650 1143 1401 854 208 727 23
1191 1257 1450 931 1607 27 1428 491 1219 1679
353 477 16 1166 167 1340 337 57 1045 1601
1347 1679 1212 559 1550 439 1607 1621 1191 845
1456 856 1146 1479 361 65 1264 82 1235 859
144 1064 1370 1696 40 148 258 1135 100 492
762 628 595 1626 328 1106 299 29 669 637
874 214 496 227 1294 1657 1016 115 1414 1235
436 836 18 74 635 1497 289 1453 1196 567
392 567 1424 813 1119 1089 1465 892 768 18
613 1116 820 1033 1536 69 1301 1225 1186 976
1376 1090 1089 860 813 1223 230 1291 768 1058
1657 1016 1235 1289 227 874 361 1456 1090 496
1491 1583 149 145 1521 1472 356 475 722 1055
508 233 1169 1136 1378 648 518 1098 1448 1067
1220 709 1331 726 929 1530 986 939 717 1348
1379 1313 1281 162 917 193 811 1566 73 1351
117 989 1196 1389 1224 46 1173 1050 1567 74
260 130 1682 472 732 1006 1517 659 1526 1134
1033 1673 69 820 1625 934 1292 613 1020 1306
505 1587 255 1555 1373 1459 1632 1474 1631 994
29 89 395 225 577 815 77 98 628 1106
1572 1405 1469 161 994 110 499 1243 1364 884
926 1127 1632 479 236 193 1587 1513 336 73
69 572 1600 1225 1515 1363 1301 405 1116 1673
190 1036 725 809 683 1526 1660 521 665 1516
1446 1524 36 968 603 1181 1564 435 2 1489
632 133 169 212 240 400 1353 137 113 828
385 1429 352 137 61 381 756 1655 169 816
472 1358 1359 1077 966 1006 786 1682 1603 11
94 243 1161 503 1 935 1698 1265 1556 529
1281 1298 1379 181 321 73 1351 193 241 1566
1140 1514 797 158 333 1464 581 1365 50 1328
730 1277 800 1112 741 1390 270 652 630 387
210 611 1675 168 644 541 444 1014 460 330
1227 1053 1162 239 1552 1461 437 1602 844 442
996 1321 343 1576 1484 865 1690 846 601 734
197 907 221 469 653 1539 31 767 625 815
959 116 808 749 1390 730 1689 298 493 387
1318 1690 865 1576 340 375 996 983 734 284
1178 318 965 1109 704 351 583 942 1007 790
533 299 1532 513 301 329 637 670 595 1361
551 1582 37 1483 1597 873 360 1500 1462 443
1046 96 688 1230 982 1511 1072 960 609 972
1589 1463 75 1501 665 1611 1454 1036 1517 1660
1333 224 1121 1102 978 914 871 326 28 640
538 201 153 1514 797 776 1314 258 581 485
226 789 1413 1128 398 1641 660 1141 787 1356
844 114 350 394 1602 198 586 328 290 1410
275 1132 939 1297 1220 1096 1000 1530 717 726
250 1638 608 1412 428 269 544 79 1407 384
1327 28 978 326 224 1121 125 566 1048 1043
534 1661 1002 1023 627 433 1545 539 1019 245
938 1017 1273 543 1421 1635 399 879 701 1187
1593 876 437 1258 239 702 1101 1598 763 1570
66 1268 1050 117 276 576 527 1453 1224 1299
1558 1549 722 737 344 327 1251 1233 1491 1130
151 766 1440 1144 1506 1143 183 1401 834 1111
353 70 862 477 419 337 1284 57 1686 150
760 1585 249 1520 1482 1051 1115 852 424 1538
1656 1518 1495 832 1204 937 359 1346 1592 200
664 259 830 143 464 955 748 1004 1069 1488
389 544 422 1213 384 1444 608 1027 11 1082
503 1060 1433 919 1556 565 378 935 1161 1044
1665 1656 147 937 1113 656 832 563 1342 547
559 1607 1285 845 1679 341 1191 1621 1257 1212
467 1530 1220 782 939 205 1331 1297 275 709
1527 784 421 1477 1397 17 651 826 88 906
45 1368 1387 1537 1122 847 1569 183 1372 1107
1359 1566 321 786 1379 1313 1077 1614 1250 1298
1174 1211 1133 971 1280 1538 1073 1637 1066 969
400 212 886 109 379 1309 137 133 1008 1429
295 116 490 1605 298 959 493 891 598 1320
1279 83 529 1104 1179 604 1161 261 1556 1129
1141 1413 1190 2 789 284 1384 987 1489 1329
826 238 861 699 1527 82 1400 1432 271 859
1077 11 1603 1311 1006 1082 1359 422 472 1639
1077 1351 1311 786 321 1358 11 966 472 241
1198 723 729 698 590 1445 176 1487 1148 1249
670 785 506 533 370 1532 554 1408 42 1323
30 1419 1222 373 1599 372 369 752 1671 307
871 1600 1121 405 256 1306 1009 1515 1102 757
1469 685 875 884 1648 690 1608 994 1304 1405
342 1140 1688 50 1464 246 434 1314 333 655
1131 39 32 371 691 823 1502 1437 1512 1486
1253 616 1237 714 945 127 140 877 1025 979
45 1350 1107 1387 183 715 847 1506 1372 1537
868 772 1269 1183 300 95 1624 1249 706 47
40 1287 1242 258 538 1619 144 1064 136 148
1418 1588 991 1115 1022 1270 1520 1637 852 1494
1387 183 766 1534 636 1537 1350 1368 834 1339
780 255 505 690 1302 895 884 1555 994 1631
1699 1502 252 39 1437 1663 1084 689 985 1575
1135 258 333 182 325 144 50 797 492 55
1090 1293 1058 230 1016 874 1223 1089 860 123
213 857 1522 633 1099 1148 723 1249 1187 1198
648 1296 1098 1169 54 508 233 590 1067 698
1566 1298 811 1313 162 1351 1250 1281 1103 321
579 1653 1680 672 743 429 693 1559 1020 572
1061 619 1018 869 1613 1245 1431 1662 218 753
674 1092 1054 721 1155 1120 1160 1168 156 858
163 305 1683 788 1425 750 208 177 1057 23
1641 734 284 1413 1004 1576 846 1356 1128 375
1214 555 1598 1400 1432 861 1258 848 826 1533
25 1274 1618 700 220 771 703 379 52 952
1372 1537 1350 183 1368 1122 636 45 766 522
1123 1402 1554 825 408 77 673 199 1032 720
374 74 1196 989 1567 1299 117 18 768 1424
1689 730 749 741 1320 1315 1458 1112 802 808
1443 390 822 758 1093 681 160 286 1 279
650 1091 1633 1158 798 908 934 1625 851 396
459 673 546 199 311 1123 720 1628 382 742
511 460 251 120 1165 796 463 431 611 168
617 0 944 516 1414 1075 496 1170 501 458
706 451 95 573 1269 332 480 131 925 14
784 651 686 1349 971 421 1133 906 497 1527
1153 280 1635 454 872 938 1634 879 93 38
1206 880 1476 1159 244 1066 1637 991 1577 969
826 861 1214 1385 848 1477 1357 88 1432 1527
151 727 1467 1143 1627 1282 854 1506 1339 1088
77 1388 815 1032 1123 408 89 232 825 80
1195 1189 967 250 79 1247 1185 63 1412 60
961 19 152 1590 708 922 1430 141 1248 889
499 1304 1572 1469 887 1648 1243 1535 161 1364
1246 578 470 1553 718 623 58 430 1504 776
428 450 1094 576 410 1638 79 1332 66 269
506 640 339 914 785 1102 1361 101 1255 554
1049 872 659 999 732 280 1643 14 1634 1398
67 973 929 290 696 350 986 1602 669 1330
853 550 1574 189 414 446 825 792 195 408
60 250 608 1332 1195 384 1185 544 1669 1403
1356 789 1329 1384 1141 1641 284 1128 226 1190
496 227 736 501 1395 516 617 1289 1657 214
52 1274 167 502 700 220 817 1166 1074 173
152 131 300 315 1435 19 961 451 95 1404
112 1640 1023 1181 1120 674 1168 968 433 1661
1520 1371 1211 1538 1637 991 1115 760 1588 880
369 1362 372 120 30 1599 251 1222 188 1014
1223 397 230 1567 768 626 123 5 1089 989
149 1273 701 1017 1055 1335 145 475 1522 938
600 793 1454 285 1611 106 592 1229 1007 1171
842 865 621 751 1507 412 996 888 340 1321
567 374 768 1291 1089 18 1567 392 1223 74
1683 1057 1383 788 1054 1155 728 858 170 305
1697 754 662 915 859 497 1479 1496 699 651
268 1609 1428 805 988 139 645 931 1503 229
931 645 1257 1427 1609 268 1283 341 1450 229
137 1310 886 816 212 381 352 385 591 169
1248 1590 240 632 113 961 1404 863 1192 922
1561 869 85 619 1111 549 393 1381 1481 1061
763 861 1598 238 1385 557 271 1357 1400 437
1060 378 831 1345 807 1044 565 919 159 639
742 812 532 1138 720 446 733 668 357 546
300 19 1692 1416 152 1183 889 1622 1369 131
830 44 1069 955 667 1646 486 787 1263 119
985 691 1699 39 1374 1180 20 1502 1575 1366
549 834 801 1214 1533 848 85 1163 1534 1144
562 1500 443 1483 327 810 551 537 1582 1272
1143 1111 1339 1144 593 151 393 766 85 1401
1245 218 1559 380 1662 1653 1221 1018 743 1061
523 119 1488 164 618 1493 81 1139 175 259
1391 160 758 1 1093 468 1490 390 822 243
1188 389 283 241 1344 422 181 1079 11 1027
590 1622 1692 729 1183 1360 54 698 1098 868
154 435 1308 1524 1489 1623 603 398 1141 2
217 192 8 891 1685 1605 68 1519 661 1595
233 441 518 1085 1169 759 1067 293 1136 596
679 1620 997 1118 228 1031 317 1528 286 38
931 491 1283 500 27 253 1257 1428 1191 1226
1508 933 537 1238 569 1216 769 1670 1500 1582
1001 462 51 1584 1650 1234 1088 904 406 593
1268 436 654 1497 1196 527 117 1337 1290 66
1611 106 1589 1660 1422 793 1326 1501 1171 1036
597 1684 822 587 1542 286 317 184 1093 1059
1235 1286 65 361 1479 1657 856 1294 1207 1146
981 564 26 277 200 1194 663 609 719 832
741 1579 1689 802 270 1621 1390 749 800 1315
1555 1474 1541 1587 1302 110 255 1262 994 1180
1029 1172 521 87 833 589 297 683 1516 666
239 1227 1530 1317 1593 709 782 1101 1331 1053
1272 551 1228 1125 37 1324 443 584 1545 1483
75 1517 1326 1134 599 665 260 1589 1501 1639
158 1365 246 56 1140 1688 1314 272 1498 342
813 1119 860 915 1496 1291 1207 392 676 662
791 1652 1503 139 429 1182 324 1215 1548 1515
1065 727 1506 151 1401 282 715 1143 854 1339
205 90 1100 556 275 1202 1570 1694 582 1101
1364 1304 1648 1405 884 994 887 685 1572 875
677 86 406 1594 346 71 1034 171 1001 629
1266 774 1094 64 276 576 410 592 775 1050
145 620 1521 367 894 1099 1295 1491 1055 1233
219 146 1573 1209 1261 1015 1676 840 694 1110
1587 1459 926 336 1262 1632 1541 1302 1555 1513
855 1668 840 694 266 180 323 135 1261 178
1151 1399 244 482 969 1066 1159 880 1206 1084
88 1527 1349 826 17 1400 784 421 848 1357
935 565 159 354 1265 1019 1240 378 627 503
1697 856 65 859 1286 1496 1456 1426 754 82
787 1276 365 667 1193 226 319 1069 1037 1128
396 908 1561 1163 869 1091 172 1431 1061 1028
575 249 424 1051 676 1341 760 892 662 497
1500 443 551 1324 1439 1582 1272 562 37 1462
526 343 1318 996 747 204 777 1576 601 1321
1037 444 678 644 319 890 1276 1083 1193 541
1546 371 1095 847 45 1107 1502 1087 1663 39
1148 1629 1198 1086 176 633 1360 781 723 759
81 119 259 1442 1493 748 523 601 664 204
1141 1524 154 789 1446 398 2 1356 1651 1308
160 838 1240 1265 468 243 1443 1175 1 354
722 1521 1295 1583 1549 1130 344 1472 1233 1338
1059 1103 162 921 587 1684 811 184 917 597
1511 81 523 204 1442 1488 747 1230 601 119
1270 540 1022 1577 928 281 1236 1588 1247 63
1518 404 1342 903 1592 832 277 200 1200 1204
1697 65 915 1207 1479 1465 860 1426 1235 1456
289 654 436 1453 257 1290 765 635 1268 1189
56 1646 1263 246 425 44 724 1126 1464 486
1604 875 1279 1179 1145 690 261 685 1150 780
1483 1439 562 1582 537 933 443 1324 1670 1451
1611 206 1326 592 75 1266 1454 1589 1463 1239
39 1663 1374 1546 371 1084 1486 252 1437 1699
1215 139 268 1466 229 791 324 1427 128 1548
1525 312 718 1246 514 58 817 165 703 1406
157 652 910 630 324 483 1681 128 1277 1680
715 1467 151 183 1065 1339 1401 766 1368 727
412 1509 1201 1423 996 751 526 1562 865 777
769 1451 1238 1041 569 1149 537 933 1591 1670
1201 1507 526 777 412 494 972 996 1484 1562
1231 657 1170 542 867 647 885 615 944 1075
747 1493 1230 1046 204 523 1325 81 1072 777
20 32 161 1572 691 1243 1180 823 110 1304
336 1127 548 1197 926 899 1575 1262 1305 479
581 201 1314 1328 797 158 776 409 1140 41
405 1652 572 579 1182 1306 1363 429 1466 871
190 589 1171 106 1660 521 793 1454 1036 1307
260 1463 1134 665 130 725 1006 1300 599 1326
1342 1204 1592 1495 331 903 1656 155 359 832
192 1012 313 1200 903 8 1447 1595 1605 719
1418 1115 760 1538 1341 1371 1585 1211 1588 852
1491 1549 1472 1233 367 1295 722 145 1558 1583
1099 213 1055 1377 1273 145 633 857 1187 620
639 739 1267 1531 1044 1129 843 1060 1544 919
2 1489 1446 1308 1141 154 1181 1190 1356 789
1504 312 703 817 700 58 165 432 771 718
1643 725 130 809 1307 732 665 1036 999 316
1349 421 826 1477 1357 699 1400 754 784 651
1118 1614 38 93 1620 1250 1153 997 454 786
596 1136 1003 518 102 233 509 1647 338 1085
1348 709 1461 782 1220 939 1297 1331 1227 467
962 1267 6 574 1523 739 606 1142 1535 887
533 301 1323 370 1678 310 329 1361 299 625
1028 1163 1208 555 1438 549 1214 908 174 1385
834 801 766 1372 636 1144 183 1339 1438 848
887 499 962 1142 1405 707 6 893 1243 1648
1186 248 1225 1292 613 612 1116 69 1024 1600
1122 1387 522 1350 941 636 1372 643 1368 1569
1211 971 1520 1418 760 1352 1637 1133 686 249
1106 395 767 221 815 1319 29 469 762 1303
927 930 1177 364 695 894 781 837 1581 1086
1180 110 1459 20 1262 1555 1474 161 985 994
932 646 597 1698 1093 1455 261 822 184 94
531 773 516 993 501 1039 458 1252 957 0
1606 739 712 1044 606 728 1523 1531 858 831
1035 534 1228 1019 1125 1002 1334 1462 354 1175
1486 1663 1502 1087 371 847 39 1084 1374 1569
775 940 53 1224 46 35 774 1050 901 942
139 1182 757 101 805 640 1255 1466 1503 405
722 1521 1233 1491 1338 1558 344 568 367 1583
1679 439 687 1285 1080 553 1219 1212 1191 49
1232 1696 492 970 100 144 391 209 1064 902
557 763 1162 437 1317 442 239 271 1432 1264
470 776 1406 718 485 41 514 1246 578 201
720 825 1123 1388 673 812 189 408 199 853
1459 255 994 1302 110 1541 1587 884 1373 1474
1161 529 919 503 1345 83 1129 1060 1312 94
750 163 854 827 282 788 418 727 1383 1695
568 327 1338 1233 1549 837 722 737 1521 562
1653 1441 693 1097 1681 743 380 218 1221 1380
911 1615 1256 124 710 265 607 1674 1275 118
1431 1481 869 549 85 1163 908 396 1061 1144
412 488 697 751 1595 1201 1507 68 494 1509
1030 980 76 1565 413 1642 362 1108 1597 873
1108 968 36 484 433 1030 1308 112 1642 413
1597 1563 873 413 76 1030 1216 360 1324 980
1379 1250 811 1351 1614 786 1118 1298 1313 162
374 397 989 768 1389 1420 1223 1173 1424 1089
504 438 1619 481 40 148 507 34 136 828
847 1087 1122 482 643 1350 45 1537 522 969
1202 702 1114 1101 556 1468 582 1100 1593 876
291 893 1666 814 536 779 1142 1695 1167 707
1304 1243 161 1405 499 1512 1469 707 110 20
146 1676 219 1473 1026 1601 1045 1110 111 1074
414 1411 453 792 550 716 853 334 99 195
1197 1262 985 1699 689 336 1513 252 1437 899
846 1318 1690 343 1321 734 601 1384 375 1004
1022 1206 1494 1236 1159 540 991 880 281 1270
745 138 247 954 631 352 61 288 202 883
1621 1458 802 1005 270 1212 1689 741 559 1056
683 1172 332 480 666 316 809 521 1029 925
695 819 1591 769 930 569 293 1076 1041 638
1324 933 873 1500 1483 1597 551 1216 537 1451
1130 356 1491 1295 722 279 344 475 824 1521
1594 1001 950 904 1452 462 406 171 746 1650
852 1115 1341 1051 635 1520 1588 760 765 1482
1687 671 1199 647 134 898 84 1075 542 1170
1632 1302 1474 1459 505 926 1555 1631 236 1305
1270 852 1371 1115 765 928 1585 1022 1520 1494
1326 1660 1036 1454 665 1611 106 725 190 1463
1430 922 113 1404 961 1244 632 1248 708 240
1041 1581 769 638 819 1076 569 695 1508 254
155 1518 903 331 1495 1204 313 1342 404 490
1336 1101 239 1461 437 782 876 1570 702 1694
1584 1470 1001 950 406 171 346 677 904 1650
1012 697 8 488 1562 68 719 1519 1200 1447
388 366 1080 383 1617 795 166 1219 687 27
360 1565 1324 413 37 873 1582 551 1563 245
1258 1385 1432 555 763 437 861 1336 876 1400
738 1222 307 610 369 1362 1419 188 362 373
1225 1306 1363 1009 256 69 248 612 1186 1536
1045 1074 1676 1166 1573 52 1110 1026 477 57
986 844 1053 1227 929 350 1330 709 1410 1317
1639 1082 1006 1358 1134 599 466 11 1213 422
1499 261 1179 1145 1150 646 1279 1104 932 875
295 891 192 490 1354 1447 313 1519 598 155
1544 606 728 712 418 750 739 1057 788 574
1257 1347 1191 1283 341 1679 845 1285 645 559
685 843 604 1648 6 1267 887 1364 1129 1279
1427 988 931 1428 500 805 268 1255 1450 216
790 318 642 583 896 288 351 963 528 135
1454 1501 1422 592 1326 1589 106 1660 793 75
320 716 916 99 710 1105 911 995 453 414
753 1234 1078 1018 619 1381 649 51 462 218
1250 786 1528 93 1118 1566 966 38 1351 454
1560 607 1256 126 118 710 911 783 1275 124
770 897 9 984 1674 363 417 265 124 1665
1226 388 795 778 491 841 1596 366 27 253
25 1008 952 1386 220 1110 379 816 1274 886
40 136 1568 481 1242 438 835 1370 416 504
1449 1118 228 1528 38 997 399 1031 679 1250
1579 559 270 1212 1458 1285 741 1347 1005 845
1692 1445 54 590 804 889 1183 1098 1435 729
154 242 1651 304 435 398 1446 692 752 525
47 772 866 1269 14 1369 706 1187 868 543
934 1033 820 1301 798 1158 1633 1673 1392 1020
328 394 1278 1288 669 595 290 628 186 350
208 1282 854 1401 629 727 23 163 305 1143
546 668 920 415 459 1154 905 742 1654 382
1487 781 759 1086 176 1177 293 1067 1148 1198
803 1052 974 495 234 402 731 235 10 552
309 505 236 895 1632 917 1587 461 1302 1373
1587 236 1305 926 1631 505 1302 1474 1127 1459
851 1091 1392 934 172 1625 396 1020 380 1158
454 1682 280 966 659 93 1398 472 1153 872
938 879 1398 1153 543 1335 872 280 399 454
447 121 411 799 1260 465 839 885 657 524
880 1211 1066 991 1418 1371 1174 1352 1399 1538
269 1332 450 608 1407 428 544 250 466 1412
1603 466 599 1082 1134 1006 269 1239 1213 75
1181 1120 1417 112 1190 987 2 1160 968 1023
1384 1128 1004 143 1413 734 1329 846 601 1069
1030 36 603 980 1563 1063 1108 413 1564 435
1526 999 732 316 809 130 725 1409 1049 1307
326 515 946 1672 947 1068 717 28 726 224
778 1218 142 864 97 841 510 849 1226 207
1498 44 1126 1263 425 955 1436 56 724 486
509 102 970 1156 209 1003 1529 391 1232 1551
887 1469 1608 685 1364 6 1405 1535 962 499
977 783 975 377 995 126 849 510 1062 607
1088 406 1001 629 1282 1452 677 1594 1584 1470
1623 398 660 154 525 304 242 512 1489 789
1515 1466 579 429 1182 405 791 572 139 1548
1559 1380 743 693 1680 380 672 1441 1020 579
382 103 920 622 558 905 459 1628 1047 1154
1152 992 385 61 756 297 202 863 87 1310
1342 1346 937 832 147 359 1665 1518 563 656
361 227 1294 1235 736 1289 1456 496 1016 614
641 1070 1117 918 442 498 806 924 203 198
881 1176 1236 281 913 474 13 850 1185 1247
190 1036 1589 106 1516 1454 1307 1171 665 725
539 1334 1023 627 1168 534 156 1019 1002 433
1061 172 1245 380 851 1441 396 869 1481 1381
1546 1502 1084 1087 1151 1374 39 1486 482 252
1160 1241 983 375 987 1092 284 340 170 1690
1346 1113 770 656 147 363 897 1656 108 832
536 1167 12 1571 1695 814 291 1095 893 1065
1005 359 1056 561 1204 331 49 802 1677 937
266 1475 323 178 322 855 694 840 91 287
13 1027 60 913 1693 1185 384 1412 850 1176
537 837 569 562 930 927 1451 1500 568 769
752 30 1014 512 304 372 330 1362 210 242
947 1644 946 973 726 717 696 515 326 67
1020 1301 672 934 572 1625 798 69 820 743
265 897 124 9 1616 489 1256 108 1560 770
611 570 644 1316 890 460 168 444 1147 210
1110 1573 219 1601 1074 1473 220 1045 952 146
561 711 49 563 1021 553 439 359 1005 937
211 370 310 535 1532 301 533 273 296 554
1550 1191 1285 1219 1607 1347 1080 439 27 687
693 910 429 1380 157 579 1653 1681 791 1505
1097 693 910 483 1559 1505 652 1680 1653 1221
1634 472 659 1300 966 732 280 454 1311 260
1383 1425 177 305 170 1155 788 1254 163 1034
597 1455 587 1059 184 1492 317 1103 921 1542
302 661 217 171 891 1447 950 746 346 598
70 1025 292 877 337 1253 945 1237 353 303
1586 1075 647 134 1170 671 458 1199 0 944
342 655 1365 246 1464 678 1263 1140 486 50
1390 749 802 1458 741 948 1579 1320 730 493
1321 375 1576 734 983 340 284 1318 846 865
1184 314 174 976 740 1158 650 1205 62 185
1622 1183 1445 1435 889 300 54 868 804 590
104 13 7 850 1027 1669 283 1176 913 389
90 1137 1132 951 275 456 1096 1468 1331 205
814 12 282 827 1666 1065 1571 779 1167 727
144 1064 1551 100 492 1287 1135 1232 148 970
1479 1426 1496 915 859 65 662 754 856 1207
932 94 1093 1 1542 1312 1104 261 646 1161
1374 985 1575 689 252 1437 1197 1262 39 1502
