685 983 805 1075 977 1004 1187 250 572 366
434 386 991 228 1388 1084 901 188 1143 50
194 744 333 1025 588 457 1159 176 429 561
816 550 1122 1081 180 1138 815 269 207 1357
29 1062 1054 1381 22 725 852 1179 755 596
1174 518 1166 834 283 700 1076 167 683 1361
388 862 693 548 1087 1387 1140 530 1211 1306
275 1325 116 839 1068 623 119 790 1141 529
357 316 1214 389 273 162 722 693 866 349
896 890 143 485 367 720 635 11 164 535
662 919 1215 113 684 1126 1002 331 911 214
277 608 890 175 1099 712 1205 367 721 9
431 634 1198 1397 338 1016 1333 1270 594 1220
282 699 19 477 1358 1284 637 1362 653 1197
233 490 1015 801 1045 1006 531 660 85 74
71 648 165 93 1382 682 513 754 614 1356
831 859 1238 993 1146 577 82 960 1020 300
1128 400 314 322 541 963 680 609 47 717
1023 1000 370 1159 1370 230 1371 561 932 1025
637 1358 1284 13 653 282 699 477 1330 1059
1288 649 101 1135 1077 1342 679 1269 612 413
1012 493 1316 1292 1082 284 1341 509 494 450
1054 391 755 1062 4 869 783 748 1169 1381
1158 1148 1111 806 888 325 1196 1014 1249 1220
736 399 332 934 310 1124 706 377 276 641
68 502 1296 424 797 915 1387 1064 530 72
430 895 906 705 225 306 1218 857 871 711
446 756 39 787 131 271 555 786 1104 249
959 1320 382 1043 319 158 1273 385 1100 1409
852 4 1179 1381 596 1217 725 879 1062 1054
32 1410 1177 258 800 422 598 419 636 174
651 781 542 965 1384 658 1313 701 238 929
30 1177 419 422 258 1410 636 598 174 434
764 510 913 1322 855 1006 814 777 571 1015
1328 636 372 543 188 980 1265 422 419 174
1245 703 329 1285 941 1352 1392 287 654 981
333 438 1049 457 1337 864 178 1052 746 1401
995 507 248 709 628 509 125 1292 134 493
276 612 899 413 562 101 108 641 679 415
970 787 727 1057 27 786 446 249 1104 756
160 914 897 694 714 182 185 954 170 1374
1103 1014 1234 1270 1196 898 425 1249 846 888
1375 828 156 106 511 127 256 545 313 1212
573 426 326 279 823 773 1060 1411 393 117
229 827 496 946 1279 1360 692 1163 613 263
1399 1405 444 782 921 129 1063 902 1061 1210
91 1079 662 947 331 927 351 1215 575 1093
680 541 1412 1128 168 54 1319 17 400 1134
1276 397 702 618 145 52 860 793 458 605
680 951 341 717 54 107 1303 400 1380 1010
228 422 434 188 1084 1388 1 429 419 901
411 1210 1231 1120 902 953 1063 766 1085 1061
936 146 771 1276 145 476 48 1263 1329 552
825 1118 1048 1101 885 297 396 1378 210 838
341 191 680 1319 47 49 168 1010 791 400
1162 1283 1078 358 580 705 711 906 903 430
476 1155 469 737 1347 771 1009 1329 1066 576
614 1356 539 67 111 1224 688 731 1390 1382
253 323 990 837 1204 992 167 1027 89 683
236 1154 1389 668 1364 1096 105 392 219 190
820 868 1086 1042 491 81 86 235 322 311
1233 78 347 409 149 153 251 471 909 334
1415 817 193 202 833 118 302 209 812 1092
105 205 232 933 997 161 926 392 124 881
381 286 133 477 1362 604 653 199 900 583
797 534 435 912 870 466 1296 294 602 994
582 1337 208 178 299 386 200 245 864 438
1382 172 1224 688 57 1356 111 614 932 165
25 530 456 1087 1387 797 72 424 548 678
522 551 704 249 271 787 184 265 850 284
110 467 298 909 769 84 223 315 195 836
15 513 648 614 165 754 1382 93 1356 1390
1387 862 1332 266 915 456 678 68 424 25
339 592 1305 1219 1203 1363 227 630 978 549
490 169 121 801 1376 14 1045 458 708 85
1127 1267 563 1246 215 747 1031 418 904 658
638 136 143 635 1312 789 732 1291 442 164
575 947 383 1155 936 576 1329 476 91 927
1233 61 153 409 334 347 251 471 719 804
819 765 242 428 1336 1324 1046 478 1229 1278
354 774 171 1403 652 878 356 1029 1346 384
371 681 86 353 311 868 1195 60 1086 83
667 300 577 1396 831 1146 206 859 16 803
1134 1412 322 1128 868 371 217 235 622 168
195 298 70 769 1165 471 251 836 909 110
715 233 490 531 169 14 1268 1045 631 74
1086 353 311 81 1042 1195 235 681 60 371
1011 103 1189 591 1206 835 255 1391 408 231
1414 1254 948 810 880 501 923 1024 1287 437
999 492 1204 253 323 1336 1365 58 1027 1106
163 613 144 964 952 604 940 1097 133 199
46 927 575 947 331 662 1079 576 77 351
640 955 497 875 1394 226 1022 916 672 254
1382 682 648 15 754 230 932 165 1356 71
158 761 349 506 1306 1074 722 1273 1214 480
343 1109 1183 252 1326 1242 556 1117 696 1056
811 617 112 938 140 100 810 1026 603 1005
1132 979 1314 533 559 154 1003 847 256 893
363 1331 940 1350 900 964 887 133 695 381
1229 508 361 183 876 546 128 824 428 549
112 141 443 603 1026 96 1131 617 1280 140
612 679 413 20 562 38 1288 1269 1077 1342
384 1302 231 591 878 528 671 408 621 1346
87 231 255 1036 1391 1011 528 591 403 1206
1406 1191 569 1341 944 1161 557 628 292 493
63 392 526 232 205 236 59 1364 517 161
256 1132 1227 42 1212 1354 828 511 1375 463
1303 400 609 373 536 49 717 951 1380 680
415 413 276 562 1310 1124 38 899 641 736
733 558 1142 595 999 930 213 423 1365 1130
70 298 909 195 315 84 467 836 149 251
561 1356 172 57 639 67 588 932 457 544
1026 603 100 96 501 177 810 938 811 1131
331 684 1002 1102 927 10 662 919 214 1215
794 762 763 499 849 1386 512 1145 451 1073
547 1066 910 737 1107 1201 586 1088 395 1080
275 7 119 335 839 873 560 1281 1176 623
773 573 1301 590 405 1060 387 393 173 43
891 833 268 1092 193 935 209 202 579 62
873 560 116 623 275 1141 7 937 335 839
259 1257 659 1090 1072 312 336 1259 1304 130
793 1376 702 458 74 169 801 397 708 618
624 374 656 802 818 239 362 521 196 200
1183 665 241 589 768 889 1050 1235 1286 1326
205 161 517 788 486 974 951 997 1303 341
995 289 1053 147 37 507 1185 709 628 292
973 387 237 664 1101 523 903 1311 1225 173
318 780 828 1212 511 156 42 826 436 106
1153 508 1229 1278 824 99 428 549 242 478
758 1399 1344 782 1167 1405 1063 1018 45 1366
807 1072 1338 1034 259 979 1314 1003 945 533
290 446 271 998 249 27 848 727 267 1020
697 657 1073 1261 1121 1404 1386 606 1409 262
940 64 604 381 98 964 144 90 900 583
447 709 1327 509 248 37 507 540 1408 628
931 1331 887 1067 1315 925 695 568 1139 1041
76 789 638 1291 1123 453 732 402 1312 376
220 1178 1071 933 610 486 139 803 974 845
942 894 189 1152 1294 1230 666 1149 1283 958
610 350 486 788 220 157 137 845 1071 974
1264 938 96 603 141 840 1069 1298 203 100
203 1280 100 953 411 840 140 603 1298 475
279 686 464 1339 1226 607 326 1244 1180 904
9 76 635 896 485 1312 164 890 789 720
940 90 278 163 728 613 133 583 750 964
146 52 618 48 1263 1276 702 860 936 771
936 145 52 1263 1329 383 476 771 1276 48
507 125 559 893 1053 858 709 1227 37 1408
645 487 340 1136 479 650 1156 972 1222 440
347 195 409 909 471 251 84 1233 110 61
1384 542 1372 929 152 908 779 1267 488 781
861 518 304 514 474 700 743 863 365 910
968 1384 238 908 254 779 150 781 1293 1372
719 334 471 78 1233 804 347 251 899 409
463 533 1003 1132 97 893 858 1212 106 256
532 642 360 1070 515 957 1367 829 1150 795
313 42 511 545 1375 127 828 1240 256 106
988 854 845 500 350 139 452 1071 220 337
94 1320 1043 1074 1273 761 506 28 959 1100
602 1355 294 633 1199 1163 1091 534 65 866
40 914 608 185 712 721 694 1205 364 714
1303 974 124 517 373 63 205 951 526 105
1255 1199 1308 357 866 273 8 1355 1091 1256
778 90 1097 144 613 952 750 335 278 229
1312 720 1291 980 1328 485 789 143 896 76
1382 15 503 513 71 614 1224 93 67 1390
1168 439 934 1124 735 1151 310 923 415 399
990 1174 1278 280 992 58 5 1361 834 683
1412 622 1134 182 47 710 54 1319 218 217
490 74 1376 1045 85 14 801 121 531 708
404 897 261 954 246 40 694 454 914 1013
1403 1095 1226 80 1029 652 774 354 1188 1244
588 67 111 932 544 1025 561 1356 688 1382
387 554 773 1311 1225 1209 917 1170 126 590
1265 598 982 543 419 636 495 372 1177 34
1359 367 1205 11 1099 277 890 712 535 608
194 901 744 1038 1025 2 429 228 1159 333
1222 972 1032 437 603 112 1024 938 810 1156
200 864 438 66 245 36 1337 208 582 333
1125 924 1047 780 406 445 826 796 436 798
1138 207 209 817 1357 3 1122 816 1395 815
1361 1027 683 380 992 1009 586 547 1080 837
622 364 168 217 40 714 1374 1134 160 218
1076 824 99 834 428 1174 1229 280 1166 128
265 551 555 328 271 216 704 620 69 787
714 694 412 1205 160 327 40 1013 914 608
1028 626 577 993 772 1407 378 494 1020 848
1039 449 753 1258 1393 1285 451 1352 1253 329
453 50 1388 991 422 34 1 980 1084 434
666 138 1164 1152 1294 942 1083 390 832 872
812 1389 211 1096 1057 1104 970 302 1154 668
218 54 341 791 350 1010 710 1319 537 788
221 829 1172 309 1297 957 1001 950 198 1112
209 202 62 1092 118 817 833 579 1415 302
429 2 176 228 333 901 744 1159 1038 1025
84 149 298 909 110 471 251 70 409 347
818 621 674 362 1398 593 802 1040 1290 122
1248 921 1210 1231 444 902 1063 51 1399 45
950 309 1037 672 234 1297 321 1394 192 740
1059 604 1362 583 613 1358 455 827 90 653
624 178 438 299 295 208 374 66 122 245
983 366 243 599 1349 977 882 805 1187 569
193 756 302 833 579 62 1415 118 1092 786
844 141 953 475 1264 1250 603 140 840 411
293 427 225 871 857 1218 398 906 358 895
997 124 232 517 63 392 161 486 105 933
926 831 859 1396 933 677 82 803 1178 667
1357 180 817 816 1138 209 268 815 3 1122
1337 1401 66 438 299 200 1275 178 656 374
1092 193 1395 817 1138 180 268 118 1357 62
297 398 396 1078 358 1105 53 293 857 237
1104 302 190 812 1389 1057 668 1096 756 1415
723 1019 770 440 1136 713 1135 416 749 1342
423 1139 911 558 1142 930 109 925 1262 595
684 331 351 568 1215 1262 1369 113 931 1079
747 987 418 75 1180 1127 1246 1188 658 904
264 328 678 918 620 266 184 348 555 579
1134 371 412 714 182 622 1374 83 364 168
191 359 710 897 500 791 1374 168 261 182
1364 1266 1096 881 970 236 668 1154 267 667
137 1071 854 139 974 350 537 610 788 157
741 192 829 309 1112 640 1022 957 254 238
574 224 539 1224 503 1390 296 394 688 731
769 272 1182 867 467 70 836 1165 84 377
688 222 731 539 1224 303 57 67 574 1390
857 204 1218 871 906 26 293 427 895 398
1343 1022 497 92 969 1394 724 916 955 1037
1219 1236 1363 630 1305 1324 1203 1129 339 73
1084 50 901 434 429 1 386 194 176 188
613 44 907 728 692 1360 496 527 827 335
932 1370 1023 682 1000 93 1371 18 754 1159
528 384 103 102 255 591 408 87 1302 1346
392 881 1364 205 997 63 1396 105 926 219
14 85 1268 531 490 715 1006 484 631 1015
1257 950 321 659 198 821 1037 1304 740 120
1412 1173 868 1086 820 353 83 86 622 322
668 59 1364 219 1154 267 926 1389 881 1096
297 903 126 1078 1101 601 664 973 580 718
741 779 152 1293 968 254 965 31 1367 221
374 288 853 122 1110 521 1137 362 892 656
730 1099 1323 489 1383 417 635 535 1359 729
842 1286 123 665 1183 889 1235 589 1300 1050
478 1046 79 1278 990 1153 819 765 128 428
201 368 1190 882 569 599 1349 565 1119 366
320 460 473 1411 426 629 615 1137 1379 593
1123 178 582 1084 864 295 66 386 1143 200
359 452 261 954 500 537 170 897 218 1374
288 892 830 759 1378 767 465 301 538 448
507 37 1408 134 1292 738 784 1327 447 709
848 787 727 69 131 271 39 522 27 1028
625 685 572 742 985 805 1017 281 1413 977
909 471 804 409 769 195 84 70 334 149
556 1235 1326 260 95 1183 343 1117 1056 696
58 323 1365 89 990 1204 1200 999 1336 837
875 1112 640 741 968 152 965 238 1022 221
1391 528 1206 408 103 231 87 403 591 305
106 847 1375 1132 463 42 520 511 154 1240
461 1304 1299 821 949 1257 336 996 740 321
1410 800 1177 636 30 598 32 174 495 422
1003 120 1090 1259 130 1072 979 847 312 463
1300 760 1056 252 556 776 851 343 564 1235
170 897 246 500 954 452 218 359 404 40
1385 1404 385 697 1409 1094 1121 657 319 389
946 994 966 827 877 602 401 410 435 294
1064 216 579 918 678 891 519 1092 266 555
184 450 328 704 1012 850 69 551 271 414
918 1332 72 678 620 216 915 264 519 456
290 677 446 668 1266 219 236 970 727 1104
1357 1395 482 118 519 891 209 1092 1138 207
1243 1197 1122 841 1081 1330 550 466 410 627
1315 1350 887 363 1041 695 900 98 1369 568
131 249 184 69 27 787 998 265 551 284
867 1165 223 706 377 769 619 1182 785 84
1261 1091 1214 8 357 162 1256 1355 813 1255
1242 758 696 1366 1109 1117 585 95 1344 1326
116 7 907 335 527 623 119 1068 560 874
641 38 736 108 899 399 415 785 413 1124
327 608 11 721 1205 175 712 185 160 412
1007 1331 940 1097 952 144 925 750 163 922
43 464 142 647 644 1339 607 326 573 686
819 992 428 834 167 1361 1204 1278 990 1174
572 944 985 1406 292 1017 250 557 995 1413
13 637 550 19 1197 699 1284 1330 269 1358
834 1361 5 700 514 743 1076 518 586 683
1012 772 998 522 21 1082 1028 494 271 1292
512 1258 346 1253 451 344 792 753 187 449
653 64 381 604 477 900 133 1362 199 1358
941 420 525 1051 1245 1285 981 35 654 1274
247 239 1137 767 759 1379 853 892 473 465
292 1185 628 125 709 995 1413 1053 893 472
267 1020 131 677 446 998 378 848 727 1266
1322 649 571 1269 1260 961 764 913 777 20
289 1413 1185 1406 985 628 281 995 125 104
398 204 427 857 1218 225 358 871 210 1105
912 866 159 1199 65 994 602 870 534 435
402 624 1123 865 200 299 751 245 582 376
503 394 574 222 1390 513 1224 165 539 224
1101 237 210 1078 396 601 825 53 1105 358
84 110 195 836 70 315 909 467 149 769
66 582 200 624 208 295 656 751 433 178
798 1146 82 859 803 960 1178 610 16 577
465 1048 538 1118 1378 830 247 767 1170 759
812 211 202 1415 756 833 1057 62 190 193
731 676 498 567 1400 688 224 639 544 883
474 151 514 743 863 505 365 675 861 518
1391 417 856 1011 1206 986 638 835 87 729
430 1162 1230 1149 705 711 894 26 1283 895
800 982 598 495 258 1410 174 1177 636 372
584 655 860 552 1107 1201 605 734 395 1066
198 221 192 1022 672 640 1297 741 950 226
934 923 399 1414 735 24 439 166 1124 641
1042 86 681 81 1195 1086 353 60 371 868
336 1259 1304 120 504 659 1257 1090 321 259
156 511 1240 545 1375 670 42 520 463 256
963 17 322 491 1173 541 609 1128 820 868
836 467 298 110 587 70 809 1182 84 223
8 866 813 548 693 1091 534 870 530 273
1110 883 663 1052 1401 438 892 1232 36 1275
1212 780 127 540 436 1354 1125 828 578 826
385 959 28 1320 1273 1385 262 1409 158 382
1411 1290 244 566 421 629 593 647 939 426
1304 234 672 1037 740 659 459 312 198 950
491 868 17 314 1173 83 1128 541 235 820
837 253 1126 58 492 911 89 1106 1365 1027
1395 1243 502 1138 482 1345 1122 1296 815 1064
1158 1111 23 806 1249 1014 1148 888 1196 905
393 823 1060 43 1339 573 686 279 142 426
277 721 412 185 681 1205 608 1195 364 160
216 348 265 184 620 414 450 984 704 850
673 35 1258 1392 1393 669 1253 941 1352 187
352 745 971 1208 1355 633 874 1163 1308 1144
113 351 214 684 662 1215 927 91 1079 10
377 1124 24 934 736 399 706 619 108 166
864 36 429 2 1038 1049 457 194 744 1337
719 153 804 1310 471 78 899 251 562 619
907 778 275 560 116 750 163 527 119 920
312 1034 1072 1304 949 1259 120 257 1257 1295
1247 988 445 845 1071 924 157 798 854 960
431 1016 1333 1198 846 634 12 1234 1103 1270
73 1203 630 978 1305 227 1219 1129 420 592
1136 611 148 972 645 487 440 749 713 1222
54 788 49 191 1010 951 350 791 1303 680
523 1335 590 483 387 1225 973 405 1116 664
776 95 1109 1056 1239 556 252 260 1183 760
1253 512 285 451 449 669 762 794 1258 187
557 1161 1119 414 569 368 616 1349 1316 1191
285 792 512 1030 529 849 1334 753 451 762
1233 149 61 409 78 471 153 195 251 909
328 1211 456 984 1332 678 414 216 1119 565
1214 94 761 722 1140 1306 813 693 8 389
139 788 537 500 157 191 220 854 341 1010
331 1369 214 1079 568 1093 1215 46 91 662
1144 1256 330 1355 1308 1208 745 162 1255 1368
86 1195 364 622 371 81 235 681 1412 412
1346 1029 80 384 171 774 1403 671 1095 878
1237 956 689 1309 361 799 365 646 716 1271
647 566 652 1244 878 80 1403 607 939 1226
389 1121 8 1255 1261 162 273 1214 1256 657
1078 1218 1105 857 210 398 55 906 293 895
246 791 1374 537 710 218 954 452 500 261
795 155 957 642 515 1367 532 829 968 1112
546 99 956 355 1237 643 646 689 508 183
1137 593 196 521 239 122 802 621 421 674
887 98 270 1350 900 1041 1331 381 1315 695
622 353 1195 182 412 371 721 217 160 327
1237 716 861 799 355 514 505 1252 863 304
1406 201 805 985 977 1349 572 983 557 243
890 485 175 535 9 1359 1099 11 1323 635
565 616 569 243 1119 345 1190 984 414 1191
738 993 1238 1407 626 784 578 796 186 16
1370 18 1371 1000 230 1023 682 1159 754 648
81 412 217 353 364 83 681 622 1195 1134
495 34 1265 636 1328 174 543 896 720 982
536 1133 1303 107 526 1380 951 161 517 609
239 1110 122 656 1275 200 624 853 438 208
529 1368 1068 1208 1308 1289 1144 1334 745 1321
751 402 1143 1123 582 732 295 1291 136 835
332 619 706 272 736 24 1165 785 769 1124
848 667 1266 1020 290 577 727 186 677 1028
1400 538 498 1232 448 663 830 883 892 303
1080 1228 469 1009 181 1347 737 1102 586 56
64 900 286 133 604 98 363 1350 477 653
1004 1043 959 28 1075 1100 1187 158 1074 599
1329 575 77 576 936 146 476 1155 947 927
102 1346 231 354 528 1302 671 80 878 1403
319 1409 262 697 1320 1094 1385 28 657 1273
1 901 1038 1084 864 66 228 582 429 245
173 126 973 1225 342 590 117 405 773 1311
480 6 1190 1306 565 862 693 1211 1140 989
357 1385 1121 657 8 761 1214 722 1261 262
661 1083 852 1164 832 1294 189 748 1217 872
22 755 783 1169 869 1062 1054 748 4 661
232 1364 105 205 1154 63 526 517 59 881
326 1339 573 597 1060 1008 1301 117 43 644
1390 296 574 513 503 222 539 614 165 1224
910 675 1107 655 734 474 115 1088 605 308
1105 210 601 398 297 825 1078 53 857 580
48 458 702 1193 618 605 1276 793 860 928
293 857 1105 210 396 358 204 1078 1218 225
736 24 641 310 1124 735 276 934 166 332
107 1128 17 680 1319 49 717 609 47 54
455 877 1279 966 827 263 699 1360 602 1059
295 1123 856 865 376 751 638 136 835 624
730 1391 1036 729 417 103 255 1383 305 1011
170 1013 454 694 914 954 897 1175 40 489
1335 879 117 1116 342 1179 387 725 1301 1008
1407 1146 1125 578 1047 1238 179 796 798 960
808 698 643 1202 1207 546 549 876 508 956
1040 1206 1302 528 591 255 231 87 102 1398
61 909 347 149 251 78 1233 471 195 153
1330 627 994 966 877 1197 841 1284 263 269
51 953 1280 766 141 840 1231 1085 1298 1120
327 371 217 185 364 714 721 681 1195 160
562 108 101 415 38 1288 612 276 641 20
450 1119 345 616 328 348 984 850 368 265
108 1168 1124 413 641 276 166 1288 1114 399
723 440 777 1019 510 1135 1136 212 913 649
305 729 635 442 240 986 638 1391 1011 730
462 658 1188 215 563 1031 1313 987 75 1246
543 422 1388 174 32 636 1177 34 434 980
287 976 941 654 525 630 1392 1129 1245 1274
939 621 629 1290 320 566 671 878 196 362
50 419 636 32 188 1388 434 34 543 258
213 925 558 595 930 1007 1184 109 1139 922
1387 870 884 25 915 797 1296 68 72 912
1234 846 1223 898 1196 1192 1131 1098 1103 41
1411 43 823 244 460 615 554 773 629 320
293 204 871 1218 225 857 398 358 895 906
1229 819 280 79 1278 183 128 242 1324 99
864 194 1084 333 228 901 1038 176 2 386
26 306 711 705 906 1162 1149 895 55 1230
338 12 1016 1198 634 1333 1397 1270 846 1103
916 1348 955 1181 1318 470 691 969 581 497
1398 751 1189 865 818 802 1040 835 624 674
1388 1 228 50 901 422 188 991 419 1084
466 877 602 65 994 912 263 627 294 159
796 826 828 1354 318 1125 780 784 179 578
1024 177 501 1151 972 810 948 439 88 923
36 178 200 208 317 1337 1401 374 66 1110
948 1414 166 923 934 310 437 88 1151 735
1136 416 1135 212 723 713 340 1019 611 777
937 757 1176 873 981 843 975 1130 1051 1281
535 729 986 732 635 1323 417 1312 76 240
617 1317 905 1280 1298 100 1131 1005 811 96
921 902 1248 45 1405 1210 1063 197 1231 1399
798 337 924 179 1247 845 960 1047 406 300
27 131 267 1104 290 727 39 970 668 1266
134 494 509 1292 1327 626 248 738 1082 21
663 1275 538 892 379 853 1110 1232 1400 767
669 187 1393 1253 344 451 1258 285 329 753
1012 265 1316 414 850 616 328 704 345 1161
753 762 285 344 449 512 1030 187 346 1253
854 246 537 500 988 157 359 261 350 220
188 789 991 136 1143 980 1291 1123 1328 245
404 489 914 1013 1175 170 712 1383 694 40
1362 583 401 699 1059 827 1360 966 199 1358
678 1087 68 1211 348 862 72 1332 1387 266
1052 639 36 544 746 333 588 2 1049 111
397 121 793 1035 1193 702 801 1376 74 708
504 1033 1394 1037 1340 1343 497 321 672 520
473 244 1379 554 615 426 775 465 1170 759
257 821 996 1299 949 1295 1257 1304 481 336
418 581 632 1188 1095 1031 1313 563 658 470
154 1003 256 511 847 1240 1132 106 259 1212
644 1180 904 1339 279 142 607 597 1127 393
767 301 759 1170 247 1378 473 1118 460 288
435 1296 627 877 994 1243 884 65 269 912
315 1182 70 836 223 809 298 587 110 867
484 961 631 726 516 1268 715 571 1260 1269
1080 380 56 1329 737 1263 552 476 1201 576
1348 581 1181 1313 691 651 432 1318 462 701
719 153 251 195 334 84 149 804 347 409
1241 1185 945 1108 1053 1213 822 559 807 1413
460 244 767 1137 1379 521 465 288 593 615
743 675 304 910 1088 151 395 655 514 700
603 203 1069 1264 1222 938 844 140 1021 141
771 56 936 1329 52 1263 1155 469 146 1066
1362 653 64 13 286 1358 699 19 455 199
242 1153 630 1236 1324 1305 79 128 1046 227
487 1021 650 1353 1157 148 1222 475 1069 1251
1190 388 506 989 1306 599 1074 1100 722 94
1338 1377 949 1295 553 1072 1034 336 687 461
1345 519 915 268 324 502 1395 815 1357 1064
1217 1277 523 1116 342 1044 973 718 1083 879
726 468 516 1268 715 631 961 233 85 1006
367 9 143 720 1312 164 535 890 896 635
610 803 997 139 124 933 137 788 205 974
148 479 1222 340 1156 645 972 650 475 1069
886 1372 1147 908 779 1293 570 150 795 752
454 1175 1383 240 730 1359 1099 712 1323 1013
74 169 14 85 233 801 1045 531 1376 1015
322 820 868 314 1173 60 235 17 1086 541
1106 89 1002 1142 323 911 1126 1027 684 253
21 1316 944 1161 1341 995 509 37 1292 1191
447 1082 1028 626 772 522 1292 284 186 21
372 982 174 636 1265 598 307 34 258 800
874 946 44 633 1163 692 1279 229 971 907
916 1394 1033 92 226 724 1343 969 955 459
1400 567 303 379 883 1232 676 731 1052 663
1145 114 1073 1386 1094 794 763 849 1404 762
452 261 157 350 246 537 218 359 854 191
1026 1287 112 1192 810 948 88 437 880 811
25 1064 324 1296 482 915 1395 1345 519 424
296 1224 165 1390 394 513 222 574 614 539
459 520 1340 1090 312 659 1033 1259 1240 321
716 863 1216 690 1252 365 304 851 564 1300
1100 1273 480 722 94 158 1074 599 959 1043
1408 37 147 248 709 858 134 125 1227 995
549 128 99 643 824 876 1153 1229 546 361
628 447 1341 134 37 709 1292 493 21 995
33 913 777 416 1019 855 1322 723 814 764
313 156 127 42 463 1375 1212 256 106 1240
285 344 794 762 346 451 849 1253 114 763
614 71 1390 165 394 503 15 1224 1382 57
743 518 151 304 283 861 1076 365 474 700
795 752 532 360 155 1367 886 1147 570 1293
484 468 715 631 726 1268 961 85 233 531
526 205 1133 951 124 161 373 392 105 1380
861 151 5 1166 700 514 283 1076 743 1174
915 891 482 1064 268 918 264 1395 266 1092
504 1240 1375 545 670 847 256 1340 1090 459
802 593 362 656 853 239 473 1137 122 767
69 1082 284 1028 494 704 1012 249 271 998
664 342 483 973 718 126 1116 903 1277 1225
1065 967 1239 760 776 1309 1271 556 343 564
287 1051 1274 1046 420 1245 765 1115 1351 654
1133 517 105 373 392 161 205 63 951 536
692 971 907 728 560 275 623 1163 335 229
231 1302 255 408 384 102 1346 103 591 671
375 1325 1334 1289 346 1321 1068 1030 790 1368
68 797 813 1087 548 1140 1387 534 6 870
85 233 660 631 1045 14 715 1268 1006 490
155 752 1367 515 360 795 1070 829 642 1147
945 893 154 1003 97 559 1314 130 1132 979
797 65 813 1091 530 866 870 316 294 159
1323 442 367 635 1359 485 240 890 729 175
1380 373 609 1133 107 717 951 1303 963 526
791 452 359 854 350 500 220 1010 246 191
379 830 301 448 1048 1232 892 247 1378 465
224 1390 57 222 1224 731 574 688 614 503
1327 318 1408 1354 1212 784 858 134 578 1227
47 680 1173 17 314 963 322 1128 717 1412
150 929 1384 31 1372 779 1267 658 781 747
980 419 1265 34 1388 174 636 372 1328 991
588 676 746 639 172 457 1052 1049 688 111
1375 313 156 670 520 42 1240 511 1033 724
361 808 643 1202 407 876 99 956 1207 508
737 115 1009 683 586 1080 700 1066 181 910
1387 693 6 530 316 870 813 1087 1140 68
698 508 876 643 1153 592 1363 808 1305 407
3 1081 282 269 637 1122 816 1330 1197 841
704 69 620 184 787 555 265 918 271 249
1263 1201 308 860 1066 771 469 1080 1107 1276
1338 687 1377 707 807 481 1171 130 1034 1295
773 173 917 460 1170 775 426 1209 1311 1060
184 579 756 935 27 551 216 786 787 264
252 1117 1239 343 260 760 1109 95 776 696
1349 1161 345 944 569 104 1406 366 281 572
1365 1130 109 423 213 733 911 757 1351 999
1053 1213 1314 147 97 945 893 533 472 1108
119 750 335 873 527 116 275 907 778 728
111 1000 932 1356 1159 754 172 1025 2 230
413 108 1310 38 899 101 276 334 612 415
1031 701 75 418 658 1246 1267 1313 929 581
776 1056 1216 851 716 1309 1271 760 260 1300
1190 368 984 1119 388 1211 243 1332 862 616
356 878 647 320 1411 939 1244 421 1290 1403
498 731 303 639 883 1052 676 1400 1232 688
1315 1369 214 931 1262 351 1041 1067 1093 135
1191 616 368 104 345 557 1161 243 1406 366
886 1147 752 488 515 908 795 1293 532 1372
1322 291 764 961 1006 631 855 1268 660 33
281 977 250 805 985 366 1349 1406 685 557
1301 43 117 393 326 773 644 1060 1339 279
222 1390 296 394 539 503 224 1224 513 614
77 383 576 91 927 947 1155 1329 46 1102
927 575 1102 383 1155 1329 77 947 469 56
1146 186 82 1407 16 993 378 831 667 1020
1125 1407 406 1327 796 784 626 369 540 318
1092 264 555 891 935 202 118 756 193 918
718 601 1105 711 55 903 1078 906 237 664
1181 1313 462 470 632 701 1031 563 418 651
66 299 245 1143 376 1123 386 295 178 200
455 1360 1362 199 613 1059 144 728 827 133
308 860 1193 962 605 734 928 618 397 655
1366 696 1326 1018 1242 1344 1373 768 782 274
1080 1088 1201 547 115 181 737 283 380 910
809 1182 836 315 467 867 223 298 70 272
744 544 172 1025 457 2 1049 111 746 932
889 1235 1373 123 1326 768 1251 1050 665 1183
1060 1225 342 1335 117 387 773 917 173 1008
1398 87 1189 408 102 231 1040 674 1206 1302
73 1363 1219 1305 698 876 549 227 808 339
1290 521 674 362 802 320 196 473 1137 244
1220 1397 1270 634 1333 1148 1249 1198 41 1196
930 922 733 423 109 920 1184 1007 925 1097
748 879 1381 852 1164 29 1054 1217 666 390
1339 600 393 644 1008 1301 464 573 725 326
982 174 1177 800 258 307 1410 495 636 419
1100 201 983 1074 243 480 1187 1190 882 1004
725 1008 597 1301 644 393 1179 1335 573 1339
664 580 237 396 1105 297 1078 718 903 838
159 435 1279 946 263 877 294 1163 401 65
112 475 938 100 140 141 177 203 1222 96
133 199 964 286 64 90 381 900 940 653
1107 584 928 1276 397 308 860 734 395 962
1386 1144 1321 1256 1272 1368 132 763 1334 1255
904 652 1246 1226 987 356 142 279 464 647
712 721 277 11 160 1205 327 185 175 914
536 963 107 717 1380 400 17 373 680 314
803 139 486 845 137 1178 1071 220 300 933
972 340 1151 749 713 1307 1136 437 645 440
101 679 38 1342 1077 413 1114 20 1288 276
229 90 199 163 583 728 144 1360 44 827
513 57 1356 71 1390 1382 165 1224 67 754
629 1379 823 460 244 426 1137 775 917 473
1191 569 368 850 414 345 984 450 1316 1161
443 811 1005 96 1317 1131 1298 100 1026 905
793 702 860 1193 48 397 145 584 1276 121
1310 804 377 785 1165 769 272 706 108 332
918 551 266 704 328 216 984 184 1332 265
421 196 1302 1290 671 674 939 362 102 878
364 1412 182 353 168 217 371 83 1134 235
745 7 790 119 1289 1068 275 971 527 1141
200 122 295 865 299 656 374 818 433 751
250 1282 742 685 1017 1413 1241 822 1108 1171
186 738 1407 494 1327 369 447 578 1028 993
994 841 884 410 466 1345 912 435 1243 1296
509 709 289 1341 995 292 37 125 493 104
615 421 244 320 1411 823 686 1137 426 1379
1305 339 478 1236 227 420 1153 73 1129 1324
468 961 1268 484 531 715 726 571 516 233
462 581 1095 1031 774 1029 1188 1181 418 563
1199 874 496 1208 330 159 1355 1163 946 1308
1333 1397 12 594 1198 1220 431 1270 338 1016
143 76 442 417 535 240 890 1312 638 9
34 372 258 174 422 419 495 543 1265 598
1330 19 1284 282 13 550 1197 1358 699 410
76 136 856 732 986 402 305 417 635 835
1052 457 567 731 544 676 111 688 303 746
254 92 875 1112 1022 741 309 221 672 955
735 276 399 1114 415 1168 1124 38 736 108
1150 957 155 1070 360 1001 829 1172 192 1221
407 1207 546 508 549 361 698 689 1202 808
464 1339 597 279 1301 573 600 393 1180 904
148 1156 340 1136 487 749 972 650 611 1222
689 799 1237 1166 361 355 824 861 643 1076
356 1411 566 686 1244 279 320 607 43 426
15 754 682 93 71 1371 1382 230 165 1356
291 20 1135 777 1322 913 1077 1269 1019 1260
1157 1353 479 1069 487 1156 1021 148 1251 645
31 691 1313 965 1318 781 470 701 658 1348
774 607 356 1226 80 171 1246 1188 987 1095
286 477 1358 19 64 1362 199 13 604 1059
1245 1392 1129 1274 420 35 287 976 1236 941
675 308 1088 395 1201 1107 734 910 474 584
802 122 521 374 299 1275 624 853 208 239
1409 132 761 1261 697 389 1214 1385 1121 262
418 1313 563 701 747 215 31 929 75 542
120 1090 1257 1340 1037 234 312 504 321 1304
1045 1402 531 1015 14 814 855 1006 571 708
390 872 832 869 852 748 1164 1169 1062 755
10 1215 46 331 113 1079 947 91 927 919
448 1401 1275 1400 317 1110 883 379 746 892
523 601 126 838 237 1225 718 973 903 1101
123 1050 241 889 1251 1353 1021 589 1183 842
1152 189 1044 1083 1277 1116 1217 596 879 1164
82 378 1266 677 1396 881 831 577 926 206
236 1104 1389 267 1096 219 59 970 446 1154
1253 449 1393 673 329 1186 344 187 1258 285
724 1340 1033 1240 1343 545 520 313 459 504
1403 1302 1346 939 878 621 384 102 421 80
1394 1297 198 321 309 1037 640 459 92 950
329 1186 669 1392 943 1393 976 1253 941 449
1398 1290 593 196 802 621 591 818 433 362
655 474 395 734 910 1088 743 308 304 1107
746 303 1400 544 1052 567 639 498 883 731
831 267 926 667 290 1020 206 1266 378 881
456 216 266 264 348 1064 72 1332 68 915
1269 612 101 1077 20 1260 1342 38 649 413
47 49 717 541 400 54 17 1128 107 963
1195 81 311 327 371 721 353 412 86 364
1371 648 93 230 1370 15 754 370 1000 932
547 181 1009 1361 5 167 837 700 283 1027
1002 214 113 331 10 1215 1262 1142 1139 662
250 0 805 625 742 572 985 977 983 1413
1244 647 142 1411 823 326 629 939 279 566
1377 1213 553 1314 807 1171 1034 707 1338 130
731 224 67 303 1224 57 544 639 172 539
646 799 355 1207 956 1271 643 361 1309 1237
851 1252 1300 1216 505 863 716 564 260 842
651 1348 965 1318 955 470 1022 875 432 226
527 728 1163 1360 1279 971 229 44 907 496
548 6 722 316 1140 813 388 349 8 530
185 714 1013 954 40 914 404 160 1374 897
1315 952 1067 1350 1331 270 135 964 98 922
1117 585 1326 1366 274 1242 95 1109 252 556
132 1073 1409 1094 262 657 385 1404 1121 1385
549 407 808 592 643 876 546 508 1363 73
13 455 1362 1358 1284 401 966 1059 1197 477
518 910 5 283 743 547 151 1088 514 115
563 781 1313 929 658 1318 1181 651 581 31
793 48 618 121 397 458 145 1193 1276 1376
1352 35 975 981 1281 1285 1245 937 1039 839
850 551 69 265 620 184 522 328 450 1012
895 1162 306 430 26 55 1230 906 711 1283
272 1165 377 736 785 24 619 332 867 769
822 553 1171 807 687 1241 1282 472 1213 1108
1402 1089 1045 1376 801 1113 1035 660 458 1193
134 628 289 507 37 858 509 147 125 893
1319 791 1374 1134 359 218 168 191 217 54
1149 430 958 1162 1283 580 306 55 718 906
608 1099 914 1205 160 11 175 1359 489 277
770 1288 440 611 1135 1151 1168 212 1114 1307
1374 185 694 217 40 412 182 954 160 897
85 516 484 233 631 531 1268 468 490 726
505 365 1252 1216 564 851 690 863 355 799
680 1380 49 963 609 107 536 400 541 951
580 903 523 958 1277 1044 664 601 711 483
334 153 471 785 804 899 1165 1310 619 251
896 164 1265 485 9 1328 372 143 1312 543
327 608 1195 277 364 412 160 681 11 185
349 693 506 94 389 8 761 1214 1273 480
416 212 1019 1136 440 510 1135 777 913 340
969 670 1033 1343 497 916 226 1340 459 1394
600 1179 1381 1008 29 4 405 1335 1301 879
1268 484 961 468 1260 631 764 1006 571 1269
848 39 249 1266 970 446 131 290 378 787
692 1360 229 527 144 613 907 583 560 750
1036 442 1323 417 1011 986 1383 535 730 240
403 240 1383 489 729 1323 417 1036 1391 1175
688 567 303 224 639 539 498 57 676 544
986 1312 638 442 76 1291 136 376 835 635
109 595 843 920 1130 757 1176 558 423 1055
928 675 962 395 584 605 655 308 1107 1193
641 1307 923 399 166 310 1168 1114 1151 415
24 399 276 706 785 332 1124 377 641 108
547 1066 1009 1080 115 56 469 380 1201 586
369 784 248 626 1292 1327 772 447 993 494
880 1223 1254 1098 1287 1192 846 1103 88 811
1299 950 1297 1001 1221 321 1172 234 996 257
221 965 1022 238 254 640 1112 875 309 968
1413 625 1241 1282 250 985 685 822 1017 805
474 514 1088 304 700 910 283 151 518 675
588 1025 176 1038 2 1049 194 333 901 1159
1289 330 623 1068 971 1208 375 1144 352 874
676 1049 544 1401 1052 457 36 1337 1400 663
215 1267 1127 75 658 1180 929 418 542 563
596 755 1164 1054 852 661 390 1169 872 1062
1307 611 770 645 1024 972 340 1151 212 713
560 778 1184 1007 163 335 278 1097 873 144
433 376 865 835 402 1189 295 299 856 1398
532 515 1147 1367 570 795 1293 155 886 360
451 187 1039 792 1030 285 790 346 1258 449
648 1356 93 1000 1371 561 71 1382 682 932
1169 1054 22 748 391 869 1062 661 783 4
202 27 786 555 302 1057 833 579 935 787
1130 1184 441 873 733 920 1176 843 558 423
129 274 1366 1344 1242 782 585 1399 1018 696
1379 775 247 465 1378 288 885 1170 767 301
524 260 776 1271 1239 556 1065 564 851 1056
94 657 349 1214 158 389 1409 1385 722 1273
763 451 114 512 794 1030 849 344 346 285
762 1386 114 849 1030 1321 794 606 499 1334
33 1260 1006 571 913 291 1322 1268 726 961
79 1046 1336 1274 1055 1115 525 1200 242 1236
1085 840 1231 902 411 51 1298 953 1280 1210
853 465 288 473 247 759 301 448 239 521
1344 1242 123 1373 589 585 1326 1194 1050 1018
223 272 804 70 1165 251 84 619 867 377
1114 1307 212 713 1342 749 1288 1168 735 1151
476 1066 1276 52 1263 552 56 936 737 1329
998 284 1028 993 494 186 738 1020 626 1292
554 117 173 1060 917 573 590 43 426 387
652 1029 1095 80 171 632 1031 1188 354 1246
759 917 1209 1379 1170 554 885 615 460 465
1056 564 343 760 524 1239 260 967 556 1309
1322 416 510 649 913 855 33 1019 1135 291
163 1097 335 750 920 1007 1184 560 922 278
1293 1372 238 908 152 150 488 542 1384 1147
318 1125 826 127 179 436 828 796 1212 578
1384 701 1318 31 651 929 875 965 152 254
1405 1018 129 1366 45 758 585 1399 1344 1167
869 391 1169 22 1062 755 661 1054 748 4
1408 1354 738 1327 369 248 540 578 436 796
1165 899 706 619 736 719 1310 276 804 377
935 1057 787 833 756 39 27 555 202 579
249 39 786 27 551 69 271 727 555 1057
350 139 341 124 974 486 1010 220 191 610
1328 136 453 1291 76 164 980 1312 143 188
1141 1289 1325 623 753 529 792 1030 7 839
710 537 1010 359 191 1319 218 54 341 350
1352 1258 1325 346 753 285 839 1039 790 529
121 702 1193 618 458 1376 397 708 48 860
114 512 849 762 499 763 344 1145 346 451
360 515 968 1367 1293 908 886 532 752 1147
436 1047 1238 1125 578 406 179 369 784 826
534 530 65 870 68 25 424 1296 813 1387
300 445 960 1146 845 406 1247 1178 859 1047
689 646 861 1252 355 365 1237 1271 716 851
307 1410 258 598 1177 982 495 30 174 636
14 1113 74 1015 1045 708 490 1376 458 1035
521 656 593 674 122 433 1398 818 196 362
610 1396 486 997 933 300 206 137 82 1178
619 334 1310 769 251 719 1165 785 471 153
985 366 685 572 0 977 983 250 1406 742
1111 888 1014 23 1249 325 905 898 1158 1196
130 945 687 1338 553 1314 707 1213 1377 472
407 698 546 876 1202 549 643 592 1207 1363
587 1182 467 315 836 223 867 70 298 110
1024 1032 88 96 501 938 112 437 177 811
1005 96 617 880 1026 1098 1131 1192 112 810
1415 302 190 211 1057 833 202 1104 62 1389
530 534 316 1140 1091 548 693 349 797 273
855 1402 1113 1015 660 33 1089 1006 510 708
1357 1081 816 841 1345 1122 1138 1243 482 324
3 1081 815 1357 207 1122 550 180 1138 841
62 207 209 193 180 118 1357 268 1415 1138
196 1040 865 1398 433 122 802 624 674 1189
1204 280 79 428 1336 990 992 1278 242 167
60 1086 491 868 1173 235 322 1042 86 314
996 1257 461 257 234 1299 1304 1295 950 949
707 1282 1241 1171 472 742 1108 625 1413 1185
326 1060 426 615 43 686 917 629 1411 773
1174 183 1166 128 508 646 1278 99 1076 5
53 838 396 1101 885 297 1118 601 1311 1209
436 828 780 179 127 1125 796 318 924 42
1059 44 966 401 946 455 263 1279 1360 199
42 826 127 436 318 1354 106 780 1212 156
221 1367 192 957 360 1112 968 155 741 642
1048 538 1378 247 301 1232 892 379 448 465
16 677 1020 206 82 667 859 993 577 926
872 942 390 661 1164 1294 189 1083 138 748
1415 118 202 786 935 1057 756 62 302 812
1076 1361 283 280 1174 5 183 167 992 1166
1189 986 1011 856 751 87 305 1206 376 732
315 467 1182 298 867 587 84 70 223 809
323 1126 58 1027 1106 1347 1009 683 1228 181
825 1209 885 1101 1311 664 1225 601 126 53
1281 7 1325 1141 116 792 1352 937 790 703
1298 766 1085 411 141 1250 953 140 1280 1264
627 1081 815 1345 269 1243 410 1330 1122 884
241 1286 1300 1235 889 1183 1216 123 260 690
975 1176 1115 733 1055 1130 441 1351 757 1281
203 953 1250 1160 1194 1021 1050 1264 475 1058
610 1071 157 1247 337 798 139 988 1178 445
1223 1234 1103 425 338 739 41 1098 1016 1333
1259 256 979 1003 463 97 1132 520 259 1090
378 249 727 1028 998 131 290 1020 1266 186
1334 763 794 346 512 1145 762 1030 1386 114
704 616 450 265 1191 414 1012 984 1316 1082
1252 690 1271 1300 564 1216 716 260 760 799
29 390 596 1217 748 661 1083 1062 4 1381
767 1275 239 448 521 288 1110 656 892 374
1071 988 452 220 157 537 350 139 500 845
814 1322 33 777 660 510 571 1402 1015 1006
305 402 835 638 1206 865 1040 986 1189 751
906 398 1105 225 293 358 1218 204 396 427
893 709 1227 540 147 507 154 1408 533 1212
960 16 1178 300 206 831 82 1146 798 1238
584 618 308 552 1276 605 1193 397 1263 48
518 151 1166 799 365 514 1237 646 1252 1076
6 1332 72 456 1387 1087 388 1211 565 548
1252 505 690 304 151 716 365 861 851 1216
429 333 178 1084 386 245 1038 36 66 1337
818 1040 402 295 433 751 624 856 1189 1398
1199 316 1091 294 162 534 1355 8 870 159
272 1182 223 836 1165 706 769 84 467 70
60 820 491 322 235 83 1086 81 1173 86
783 1062 1169 755 661 22 391 748 1054 852
912 424 797 548 1387 534 65 884 294 530
1218 427 225 204 895 293 857 26 358 906
832 1164 661 1169 390 748 942 189 755 869
119 757 560 441 1184 1176 937 116 920 750
496 1208 633 971 1068 330 1163 907 745 527
254 640 955 92 965 1318 1022 691 741 781
1363 549 99 808 546 592 508 698 1229 1324
435 401 1197 466 410 263 994 602 966 627
566 671 939 102 356 80 1403 1290 421 384
1381 596 1116 1217 1179 405 29 666 483 725
1098 739 1254 811 1192 1287 88 501 1223 1005
1396 232 1364 219 926 667 1266 997 236 677
989 1349 243 1119 1190 599 201 1074 345 1187
317 1052 1232 498 567 1400 663 676 379 1110
1345 627 424 1296 912 466 994 870 841 482
1378 1209 838 1170 825 759 1118 775 1311 1048
488 908 1147 570 795 1372 1293 515 752 779
363 1041 135 270 931 1315 98 1331 695 1093
806 905 1196 1014 898 23 1317 425 1111 41
589 1235 665 1251 123 241 842 1050 1183 1353
9 367 11 1099 175 485 535 143 635 1359
118 935 519 918 579 1092 268 264 833 1064
1110 247 448 1232 830 288 317 853 538 1275
858 533 147 559 945 154 709 1053 472 289
1230 138 1149 942 1294 306 958 1152 1162 189
705 1218 26 871 906 225 430 358 55 857
9 720 143 1328 485 164 372 1265 890 789
170 261 40 954 218 1374 246 694 404 359
1005 1317 888 425 41 905 1098 1014 1103 1131
38 785 276 1310 562 719 108 334 413 736
381 1350 98 363 964 604 286 270 133 64
1038 228 386 176 429 1 1084 194 434 744
444 1061 766 1231 1085 51 1210 1405 1063 1248
237 1044 718 973 1283 580 126 55 1078 523
1180 607 464 1246 1127 987 75 215 279 142
888 1317 443 898 1131 1005 425 617 806 1280
857 430 26 1105 225 358 895 55 580 1218
229 275 335 527 692 728 874 560 496 44
886 1372 488 152 779 1293 150 795 968 1147
251 110 195 409 70 149 84 298 471 769
395 115 700 1088 474 743 675 655 1107 547
213 1142 323 492 1126 1139 1365 558 1002 10
870 294 994 65 884 435 424 627 797 466
33 510 1019 764 649 777 1322 1260 1077 291
40 160 454 712 1013 694 404 185 608 489
519 72 482 1064 502 424 266 25 678 1387
497 955 432 969 92 1348 724 226 1033 691
775 1060 554 1209 773 1225 823 173 590 615
266 620 891 264 216 935 519 551 579 555
1347 10 1126 1102 1228 113 1002 662 1155 1106
1184 1176 778 733 595 757 873 750 335 1097
197 444 1210 1248 1399 1063 45 902 1231 1405
1067 930 1097 595 925 952 1007 695 423 278
1414 310 735 439 1307 166 1024 88 1151 934
1047 179 445 960 337 1247 826 796 798 406
1007 423 922 135 278 1067 930 1331 1139 595
206 677 881 1396 63 236 933 667 831 232
576 91 1102 575 113 947 331 1155 662 46
734 962 605 1035 584 397 1193 458 1089 1107
1267 542 1384 150 701 781 658 563 75 31
1262 922 595 1067 1142 423 213 925 1139 109
135 1093 568 1041 887 1315 1369 1139 1215 214
230 172 561 1025 93 1023 1000 1159 754 1382
137 997 206 486 803 63 974 926 1396 1178
310 24 166 1124 332 439 399 1414 923 735
786 891 579 833 918 118 555 756 787 202
52 146 476 1329 77 383 771 1263 145 56
981 441 1141 1281 873 839 119 1039 703 1176
1032 140 1069 603 96 1264 810 1156 177 475
421 1244 1403 671 566 878 621 356 686 320
133 1331 278 144 98 964 952 90 604 1350
287 1285 976 420 35 1393 1392 329 1245 654
138 832 1294 189 894 1164 872 390 1083 1152
1392 1129 978 1186 673 976 1203 654 420 339
995 1161 493 281 104 557 1406 1341 628 292
533 807 472 1213 1314 559 893 130 1053 687
263 496 44 1279 827 602 1163 633 294 401
1155 77 575 91 46 927 662 576 383 1102
439 1414 88 1287 501 1254 437 923 934 310
481 1295 461 336 257 1377 1072 1338 1034 821
198 234 1172 740 1297 192 309 321 672 996
49 1380 517 1303 1133 373 124 107 161 717
964 1097 695 278 1331 922 90 940 163 1067
203 411 1120 844 1085 51 141 1250 840 1194
694 897 170 246 1374 714 359 404 261 40
92 875 916 1318 432 691 497 1348 1022 226
1309 355 1202 361 689 1207 546 967 643 1065
642 1001 360 1112 829 192 1297 221 155 968
1277 711 1149 1152 1283 718 1294 1044 1083 894
28 1273 319 382 1100 1320 1043 158 506 1385
859 1047 798 1178 1247 300 1238 16 924 1146
468 726 631 291 571 1269 1260 1268 484 764
928 1193 584 734 1089 1035 605 708 397 458
609 314 717 17 541 680 400 536 107 1380
952 1350 940 90 604 695 98 133 1331 900
741 1022 691 651 875 31 254 238 781 1318
1284 1059 827 401 263 410 1358 699 455 877
524 1065 1309 956 776 1202 1271 1207 760 1239
1112 152 795 254 238 1367 1293 360 908 829
724 916 226 1348 497 1343 432 1033 955 691
1096 39 727 219 1266 1104 446 668 267 1057
527 330 1163 874 692 745 623 496 1208 1068
611 1222 177 340 1156 487 1032 749 437 645
126 1116 523 387 903 1044 342 483 664 237
161 788 220 1010 124 1303 486 933 137 139
1115 843 1281 703 1176 1051 981 441 1245 937
1186 941 420 978 1392 943 1393 673 1129 654
572 1349 366 983 1187 805 201 0 250 557
339 1203 976 943 1129 1186 420 1392 630 73
97 1259 1314 1034 847 1003 130 259 533 336
991 543 1388 1291 164 1328 789 453 34 188
1285 937 1051 703 441 975 287 1039 1281 35
598 174 495 307 1265 800 372 1177 258 636
201 1004 0 1187 599 977 805 366 1075 1349
1332 565 348 414 616 368 620 328 850 1119
805 1413 1406 292 572 366 281 742 250 685
732 1011 835 442 305 729 638 417 856 1036
1188 1226 215 1246 607 418 1180 904 652 75
854 157 337 452 1071 845 1247 500 220 537
882 1306 1190 480 1074 1119 388 1211 599 243
167 58 1278 819 1204 253 280 242 1336 992
1388 980 1143 1 453 188 1291 434 543 789
280 1361 1027 1204 167 58 181 819 990 834
369 16 1020 186 1238 577 772 831 1407 626
627 912 263 435 410 466 877 294 884 65
37 944 125 628 493 289 292 281 509 1341
821 461 1299 1221 257 740 950 234 1172 1257
205 1396 232 486 803 933 63 881 124 926
772 131 1020 284 1028 848 290 271 249 186
1055 89 1336 1365 1200 109 253 1204 558 1351
18 561 1159 230 754 1023 1371 932 370 1370
1297 957 1150 642 1172 192 740 1221 1070 950
1106 684 492 113 1126 10 1228 919 1142 1102
259 154 463 533 847 979 97 130 1259 1090
382 1075 983 1187 1100 599 0 1043 959 201
1317 898 811 617 1098 1131 443 1192 425 905
1268 764 1015 33 14 571 233 660 531 726
925 278 1184 750 1097 922 423 778 595 920
600 1335 725 1301 597 393 1179 405 590 117
737 547 1347 380 683 181 1080 837 56 1228
791 341 974 788 1303 1319 537 191 54 350
986 87 835 1036 305 729 1391 103 1206 417
21 450 1316 284 265 1082 522 850 493 704
404 694 1175 454 914 185 1205 489 954 712
1249 1111 806 41 1196 888 23 1148 898 1158
1113 14 814 1006 660 801 1402 1045 33 855
1198 431 338 1103 1333 1270 12 846 1397 634
1108 1413 1185 1241 625 1053 281 250 1282 742
1373 585 782 1344 1405 1061 1167 1058 129 1366
723 212 913 416 1135 510 1077 777 649 440
290 831 993 998 378 677 772 186 848 577
479 1157 1353 1050 844 1251 650 665 475 1160
965 741 226 875 92 640 691 309 221 955
1159 18 230 1370 932 1000 1025 370 561 1371
810 1032 437 749 177 923 1307 88 972 1151
744 1159 588 932 1023 2 172 176 561 194
1192 1131 112 501 811 100 96 880 617 1005
992 181 1106 837 58 1361 1204 323 1228 89
186 848 494 772 522 998 284 378 626 249
354 1095 774 171 632 80 1346 462 1188 652
1321 763 346 753 762 1334 1289 451 529 849
563 1246 632 418 1188 462 75 774 581 1095
1156 938 1024 177 810 1222 972 1069 603 645
459 724 497 670 1343 1394 504 1340 520 916
1377 979 336 130 1314 1072 1259 687 1338 481
1113 1089 928 458 962 708 801 1402 1193 814
729 1011 403 103 1391 87 730 1383 305 417
198 1343 659 1340 459 234 1394 321 672 226
901 1049 744 333 386 429 1337 864 176 194
187 1285 1352 753 1141 792 981 1258 937 703
1206 818 408 865 1189 1398 591 856 433 196
1369 1093 887 931 1315 270 568 363 135 351
311 1086 60 86 81 820 868 681 235 353
158 1074 382 28 1100 1187 959 1075 1320 1004
666 1116 1152 903 1277 973 1283 483 718 958
660 1376 708 169 801 1402 14 531 490 74
1200 242 765 525 1351 1336 79 478 1055 990
796 924 960 1238 179 406 1125 798 445 436
1378 301 830 1118 53 538 885 247 465 825
1337 1038 746 36 744 333 1401 457 588 544
665 1021 1251 123 1160 844 1194 589 768 889
981 525 287 1351 1115 975 441 1245 1285 937
883 457 639 746 567 676 317 36 544 1400
559 1108 1213 125 472 1185 147 1017 289 945
22 755 4 748 1062 1381 596 29 852 391
1115 999 1351 843 1200 765 1336 1130 733 1046
776 343 564 260 1286 1216 1183 1300 760 252
786 39 812 833 190 756 211 302 970 1104
1373 1061 1160 1194 1250 1018 1085 1120 1167 844
827 1358 199 966 455 1362 1284 699 583 401
917 823 326 590 773 393 117 573 43 554
1058 1405 902 1085 1120 1018 1167 1063 1194 1373
22 4 869 1054 755 852 29 748 661 783
1210 1167 1120 51 1405 1399 921 902 444 1061
264 502 519 1395 915 678 1092 25 482 324
524 967 1271 760 1207 1309 956 689 1239 776
737 771 115 1107 552 1201 1080 547 1276 56
922 695 1262 930 1315 135 925 568 952 1331
1208 375 745 7 874 623 529 1325 275 1289
1264 938 475 1156 1157 140 650 1032 1222 603
642 155 1150 1172 1001 1221 957 192 360 829
854 1247 220 137 1178 845 988 610 157 337
1295 1338 120 130 336 1034 259 1257 481 1377
1094 1386 697 132 499 1145 1404 606 262 1272
1043 158 989 1100 94 599 506 1187 882 480
1187 1004 382 0 1043 983 977 28 1100 599
834 183 1166 1237 514 283 1174 5 518 824
1342 679 612 20 1260 1269 649 913 101 1019
358 297 237 210 1105 55 601 580 396 903
1093 46 351 1215 662 331 1369 91 214 931
380 469 1201 586 737 547 1009 1066 552 115
841 815 816 1122 3 550 1330 269 1243 1357
522 494 21 1012 284 447 1341 850 1316 1028
1294 390 1217 1277 666 189 852 958 1152 1164
228 429 864 386 1 245 901 50 188 434
766 1250 840 902 1061 953 1058 1120 51 411
820 86 60 1042 235 868 81 311 353 1173
456 1140 1211 68 530 6 862 1306 1387 548
743 586 655 910 1201 474 115 675 395 700
1402 708 1035 1113 962 814 928 1193 801 1045
259 659 120 1340 1240 504 1259 312 847 520
1355 273 534 866 813 1199 162 316 159 8
209 579 1395 193 118 891 268 264 202 1064
1079 1041 931 1369 351 568 1215 887 214 1315
1073 697 1404 1145 262 499 385 132 1386 1409
1188 1029 171 462 774 632 1031 1226 652 418
970 1389 1154 219 190 668 1104 1364 59 236
778 952 163 922 278 1007 750 90 595 925
880 1005 739 1192 1223 811 1103 898 425 1131
712 890 240 1359 11 175 489 367 535 1323
599 506 1074 1043 959 382 1004 1273 158 480
1311 297 237 838 825 126 53 1118 664 601
1228 927 576 113 919 1155 1347 380 1002 469
41 846 1234 1098 1016 425 1223 898 1270 739
668 211 446 1389 970 190 1096 27 1057 39
857 396 398 906 1078 358 580 601 210 297
1002 492 1228 1027 1126 837 323 919 89 1347
605 1066 395 308 115 655 1201 552 1276 910
1053 1171 1213 1017 1241 472 1282 1185 822 559
343 95 1239 1117 556 274 696 776 252 1242
892 317 374 1275 663 239 448 853 438 1232
806 1158 1249 1014 23 325 1148 888 1196 41
254 968 957 640 221 741 829 1297 192 360
1035 1015 814 801 1402 1089 708 14 660 1045
770 1342 641 735 1288 1168 612 1307 415 713
1055 975 843 1051 1351 765 1245 525 1274 1200
973 879 1044 483 666 405 1217 1277 523 342
556 696 1109 1239 252 95 274 1326 343 1366
53 1048 301 885 1170 1378 1311 825 1101 465
345 414 368 565 882 1211 989 1190 243 348
1167 1194 51 953 1063 1061 1085 1058 902 1210
357 1404 389 1272 1255 132 1261 262 657 1385
1138 1243 3 269 815 1081 816 324 550 180
245 402 295 136 376 1143 582 453 638 751
332 415 399 934 108 166 24 736 641 1168
179 578 406 780 796 436 318 1047 826 1407
323 919 837 1106 1002 10 911 492 1347 1228
75 1267 747 1180 904 215 1246 464 987 563
17 400 1319 47 1134 83 322 680 541 1412
1203 654 943 1392 978 227 339 420 976 1219
757 1351 558 733 843 441 1365 1055 1200 109
1026 1192 1005 443 617 811 100 905 425 1317
97 106 1227 256 154 847 463 533 1003 858
1380 373 526 517 536 951 1303 107 161 717
217 83 710 168 1319 1128 622 1412 1374 182
649 20 440 1019 1288 713 416 212 1342 777
440 340 148 723 212 645 416 611 749 713
1379 362 288 473 239 615 521 629 244 593
1122 180 1357 1395 324 209 815 1243 207 816
213 1262 911 930 1142 925 1215 423 931 135
1306 1087 349 693 813 530 6 388 548 722
790 937 839 1039 119 1325 623 7 792 1281
492 911 109 930 213 1262 684 1139 1002 89
991 1291 582 376 1123 453 1 245 136 980
352 1321 1256 606 1368 1289 375 1308 745 1255
499 1404 1073 1386 1272 1094 849 763 1121 132
577 1407 406 300 16 82 1238 798 859 960
488 752 1293 886 570 1367 908 795 515 779
1220 1196 23 1249 1158 1014 594 1111 1234 1270
711 894 306 1230 958 1162 430 1283 138 1294
642 1221 1001 1070 1172 957 155 740 1297 192
1168 611 1307 166 713 437 749 735 923 770
666 1283 1044 189 138 958 1277 1294 1083 1230
128 478 1305 1324 549 1229 508 630 1363 242
59 1364 1096 1389 236 219 392 668 190 232
947 56 576 77 1102 927 919 1347 476 575
1032 645 1222 1069 487 972 938 650 177 148
650 1251 1353 1021 1160 1069 1264 479 844 1250
325 1111 23 1249 1148 1014 806 1196 1220 888
1023 1025 18 1000 561 2 932 194 176 230
1251 1058 1250 1157 844 1050 1373 1194 1264 1021
1316 557 944 345 493 1191 104 569 1341 616
705 1283 1230 306 55 711 430 1149 958 1152
1279 692 971 496 946 874 602 330 159 44
189 872 748 390 832 596 661 666 1083 852
272 706 785 769 619 84 719 804 867 377
518 5 861 1076 1174 824 646 1237 834 183
1120 1063 1194 1344 129 1061 1018 1405 1058 782
415 166 1151 735 1114 1288 641 713 1307 1124
755 869 391 872 748 661 783 22 1062 1054
1311 465 885 554 1118 775 1209 759 173 301
1282 1108 822 707 1213 687 1241 472 553 1017
1221 192 1001 950 1070 1150 740 1297 642 996
541 235 322 491 314 820 868 1412 17 47
5 824 167 1166 834 1278 183 1076 280 518
1359 1383 489 1013 454 1323 404 712 1205 914
1281 843 920 441 975 757 873 733 116 937
1410 598 32 258 30 800 174 419 636 982
137 859 1247 1071 960 610 300 845 206 803
29 1335 725 879 1008 1381 1217 405 483 852
904 464 1127 215 987 747 142 1246 607 75
581 1318 470 432 701 1313 1348 651 632 691
867 467 223 836 587 809 272 315 70 769
123 1286 1235 241 95 1056 252 842 343 1326
757 1007 750 920 873 423 595 778 733 925
1413 472 289 1241 292 1053 1017 1108 125 742
976 1393 673 943 669 1392 978 329 941 449
1075 983 1004 977 1043 1074 599 382 201 0
987 1095 418 462 1031 1226 1246 215 171 774
835 1398 433 87 591 1040 751 1206 865 856
480 565 243 388 989 368 882 599 1119 1306
616 569 104 1341 1161 1316 850 493 345 450
1026 1223 1131 1287 1098 880 501 739 811 425
793 962 584 618 397 860 458 928 702 708
1120 1167 1058 844 1373 1050 1061 953 768 1160
681 353 721 364 86 371 327 412 81 311
1234 1148 888 1014 41 23 425 1220 1249 898
269 1330 877 410 282 1284 699 637 550 13
1397 1016 1270 1333 431 338 12 634 594 1103
866 633 162 1355 1308 294 1091 159 1208 352
1046 1351 1365 1055 999 1336 253 765 1130 558
1080 552 586 115 308 1066 1088 655 1107 737
407 1207 546 956 808 643 967 361 1309 1065
1129 339 1219 978 227 943 73 630 1305 592
819 1336 992 89 990 58 280 253 1027 999
175 185 277 712 608 327 1359 160 11 1013
1040 408 255 1391 87 305 856 1189 1011 591
643 1202 407 689 956 1065 546 967 361 1309
874 1068 1308 375 633 330 745 352 971 1199
1225 838 775 885 1311 917 1170 173 554 825
51 1231 1063 921 197 444 902 1248 1120 411
1087 348 456 565 862 1119 388 1306 1332 989
318 127 106 540 511 1354 1227 828 154 858
1314 559 1108 687 1053 945 472 1171 807 707
349 273 761 1261 8 657 389 357 722 813
662 10 214 1079 331 684 351 1139 113 1093
690 564 1300 1286 505 1056 851 716 260 1252
483 1083 1277 852 879 666 29 1179 1116 596
871 895 358 225 427 293 857 906 204 398
227 1203 592 1363 73 339 1305 1129 630 1236
594 1148 1333 1270 1196 634 1234 1397 1249 1198
1172 1150 1001 740 996 1299 1070 950 642 192
177 972 487 1156 475 1032 1069 603 938 340
846 1192 739 425 1098 1287 880 1103 1234 1131
503 67 224 688 1382 165 222 57 1390 539
1209 590 173 387 838 342 917 664 126 1311
987 171 652 607 1188 1244 142 356 1403 1095
1354 1408 1132 106 858 1212 507 147 540 154
1102 380 1106 1347 919 1002 1126 1027 1009 113
428 99 1324 128 183 1153 876 508 79 1278
894 1162 306 1149 138 1283 705 1152 711 958
1210 51 766 902 1248 411 197 444 1085 921
883 379 892 498 830 1400 538 448 317 663
347 61 78 153 409 471 149 334 719 251
846 1196 425 41 1103 1333 1220 1270 1223 1148
252 889 589 1183 842 1326 123 241 1286 260
227 1324 1274 630 478 654 79 1363 1305 765
355 365 1076 646 799 361 861 1166 689 183
16 796 369 1047 1407 406 993 1146 960 859
524 556 343 1109 776 760 1117 260 95 1056
313 520 670 1340 1090 463 1375 511 545 256
472 1185 1413 822 1108 1282 742 1017 1171 707
1344 274 768 585 696 758 95 1366 1326 129
324 1122 269 841 1345 815 466 1138 1296 1081
939 686 1403 356 647 1226 566 171 142 421
35 654 1274 287 525 703 1115 420 1051 975
75 1031 607 904 987 215 1188 652 563 1127
337 1071 1178 960 845 988 798 445 924 137
197 444 1231 921 1210 902 766 51 1063 45
1014 1111 1148 1158 23 1270 594 1220 1196 41
1085 1264 1160 1058 844 953 840 203 140 1061
1353 1157 1160 889 1050 1021 665 589 650 479
851 690 863 716 799 505 365 1271 1216 861
669 344 1258 285 449 329 187 512 451 1393
880 88 739 1287 948 1414 501 1098 1192 1223
162 1308 1368 357 1256 1272 1121 1261 352 1144
352 1144 1261 1255 606 273 1308 1368 162 1272
821 120 234 1304 659 1072 312 257 336 1295
1352 285 1253 792 187 329 753 1039 449 669
847 979 312 259 1034 336 1090 120 1003 504
764 1269 291 726 961 1077 913 679 649 571
273 1256 357 1214 132 657 1121 1255 389 162
930 1067 1139 214 568 1142 684 213 922 931
552 1329 771 146 476 52 469 145 860 1276
1069 140 1250 203 475 1157 938 844 840 1160
174 372 543 720 495 982 34 636 1328 980
219 727 667 267 970 378 677 290 881 848
929 75 1127 747 563 542 658 215 150 701
726 1006 233 484 631 764 961 531 571 468
679 1260 291 961 1077 101 20 649 726 612
1198 1397 594 1220 41 1333 1249 1103 634 1234
851 1309 760 1065 689 564 799 1252 524 967
1368 1255 1121 606 1404 1145 1334 1386 132 1256
1385 959 506 158 1320 319 1100 761 94 722
654 1245 1236 525 765 420 287 1115 630 1129
853 663 448 1110 374 208 1401 656 317 892
48 771 52 860 605 397 145 618 552 1263
483 1083 958 1217 1044 718 666 1152 1294 1116
167 428 990 242 128 1174 819 280 824 79
1360 1163 401 692 44 946 602 827 496 455
443 411 1298 141 100 840 766 905 617 953
1176 839 975 937 703 441 116 981 843 1141
625 822 1171 1241 1108 742 1017 707 1413 250
1162 1152 958 55 711 1044 903 1230 1149 718
637 966 1358 1330 19 699 410 1059 1197 13
981 941 1039 35 287 703 187 1352 329 1051
842 241 1183 1216 1056 1300 1235 260 123 690
739 1254 1192 501 1223 948 880 88 1026 1098
20 1342 713 1114 1135 413 1168 101 415 612
745 1321 790 529 375 1144 623 1030 1068 1325
320 593 674 421 621 878 566 196 362 244
1143 1312 789 980 136 164 991 732 453 376
21 248 447 738 37 509 494 493 134 772
1367 779 1147 238 908 795 968 488 1372 886
1083 942 189 138 390 832 894 958 1152 1277
1072 481 1338 949 461 821 336 1257 1377 257
25 466 502 884 65 424 1345 797 324 1243
1001 672 740 192 957 309 950 198 1172 1112
840 1280 443 617 141 140 766 100 411 1317
257 740 996 461 821 1221 1304 950 234 321
260 690 1216 851 842 1286 1056 564 760 1235
573 600 117 1008 393 597 644 405 725 1339
671 528 408 102 621 384 1346 231 591 878
107 161 373 951 49 1010 974 341 400 124
321 257 312 1257 336 234 821 659 120 1299
73 630 1153 339 1363 227 592 478 1219 1324
1140 989 480 388 94 349 1087 1211 1074 6
749 735 770 1151 923 1114 1168 1024 611 713
1255 1368 1208 162 352 375 1144 1256 1199 330
956 967 355 1271 564 1065 689 524 776 716
619 804 562 108 334 899 785 719 276 413
1101 1170 173 838 1209 126 885 1118 1225 387
732 164 1291 76 485 143 442 789 136 635
581 651 658 470 701 462 418 1181 31 563
1213 979 559 687 97 1034 945 807 130 533
568 695 270 1067 1041 887 135 931 1369 1350
1161 450 21 493 1012 1191 1341 345 850 414
1005 443 898 905 617 888 1131 1298 811 806
955 1181 781 875 432 691 651 701 470 965
710 1128 791 54 1134 400 1010 168 47 191
158 28 1409 319 1273 959 385 1043 761 1385
1030 1289 1144 606 1334 529 763 1368 375 1386
571 855 291 777 33 649 764 913 510 1006
1383 535 1359 729 240 442 1175 730 489 1099
1236 1229 1363 1153 227 478 79 1305 876 128
7 529 839 792 790 1068 1141 1289 623 346
585 696 252 1235 589 95 1242 768 1117 1183
540 134 784 578 626 447 738 248 1408 369
34 789 372 164 896 980 543 453 720 1265
383 1263 476 146 576 469 936 56 771 77
637 410 1284 1197 1081 841 269 550 282 966
98 940 278 135 695 952 964 925 887 1350
862 266 984 72 348 456 678 620 565 1211
1220 634 338 1198 1270 1397 594 1234 1016 431
849 1368 529 1321 346 1272 375 1030 606 763
1179 342 1008 405 590 725 483 117 879 1301
1204 999 819 765 79 89 1200 1055 990 1046
66 1049 208 1401 36 438 1038 178 746 864
481 1072 553 1295 1377 130 807 1034 687 949
393 597 464 644 326 142 279 573 1301 43
1090 670 659 504 1240 1343 1037 459 520 1033
509 1191 104 493 628 1316 1161 944 21 1082
1077 1114 612 1288 770 20 1135 101 1019 679
724 226 1037 1033 1340 670 497 459 1394 969
1242 129 768 1167 1018 758 585 782 1366 1373
482 884 841 815 627 324 1243 1296 502 466
354 384 671 1403 1302 80 528 171 1029 102
919 1009 1228 56 380 1126 837 1102 1155 737
470 691 432 969 955 916 1318 1181 651 226
557 977 882 201 366 243 345 572 569 1406
900 964 270 695 98 363 952 1331 1315 887
1130 1200 1055 1051 1115 843 1046 441 1365 525
703 1258 792 1039 35 1285 839 187 329 1281
1251 650 1157 479 1021 665 889 1050 1160 487
1408 1227 784 540 436 318 1212 828 106 1327
1091 352 1199 159 330 162 273 866 633 1256
614 754 111 57 561 1382 67 93 172 932
207 815 268 1138 816 180 209 482 1395 1122
1059 19 1284 653 699 966 13 1362 199 477
1175 1323 175 1099 1383 535 489 1205 240 712
1279 692 583 728 44 229 455 827 613 1163
992 181 834 283 683 280 1027 167 5 1174
455 477 583 699 64 199 1059 1358 653 13
876 592 227 1219 1324 1305 1153 549 73 1236
219 392 1154 232 881 236 1096 59 105 668
253 558 1200 999 89 1130 323 911 109 1351
585 696 782 758 274 1242 1018 1344 129 1326
1293 829 795 532 360 752 968 155 1147 238
1272 1308 375 1255 1334 1144 606 1256 1321 529
1041 568 351 1093 1315 214 931 1079 270 887
230 370 1023 18 682 1371 1000 1159 932 93
682 648 370 754 1000 230 1370 93 18 1023
488 150 779 908 542 886 1293 152 1384 1147
1058 1018 589 768 585 1194 1160 1061 1344 1326
714 710 359 954 217 182 1134 218 897 694
42 545 256 520 156 313 511 1240 106 847
121 1045 169 708 74 793 801 458 490 1402
481 1034 687 553 1338 949 807 336 1072 130
1048 885 830 301 759 247 1118 465 53 1170
1137 615 759 775 460 473 288 244 629 465
536 717 1133 951 373 107 609 49 517 963
879 596 29 725 1054 4 1179 852 748 405
93 165 67 1356 614 1224 15 754 932 71
1323 1175 489 730 1359 240 729 1036 403 454
150 781 152 929 542 31 701 779 1372 238
389 1273 262 1409 657 761 319 385 1320 1121
606 1073 763 1145 499 1272 132 849 1404 114
548 424 72 68 862 6 870 530 25 1087
434 991 980 1 188 543 419 50 422 34
1096 190 59 668 1154 211 1104 236 970 219
394 513 539 574 503 614 1224 222 296 57
305 255 1206 403 1011 1036 87 103 417 729
943 654 673 1129 976 329 35 1186 941 420
1186 669 449 673 329 187 976 941 1253 1392
672 497 459 92 1033 226 1343 1037 198 640
324 1092 209 1138 268 1064 482 502 519 1357
803 881 997 82 667 206 926 232 933 486
1198 594 634 1270 1333 12 1220 431 1016 338
674 433 591 1189 818 1040 802 196 408 865
45 129 1063 921 1405 782 444 1167 758 1210
498 379 676 663 883 303 1232 746 448 567
663 208 746 1337 317 438 1049 1275 36 1400
708 660 814 1089 1113 1045 1015 855 801 1035
171 939 671 1244 1346 80 878 356 1226 354
1145 1121 262 1272 1094 132 1073 697 1386 499
45 1061 782 1018 444 1063 1167 902 1399 129
366 104 985 292 281 557 944 572 805 569
1146 406 578 577 1238 626 369 186 993 16
507 1354 1227 248 784 540 858 1327 134 147
657 385 1320 697 1385 262 761 319 132 1273
1177 800 30 258 598 32 307 636 174 982
320 647 426 566 244 629 686 43 823 356
622 47 235 168 83 1134 1128 541 1173 353
1185 1241 742 985 292 1017 289 281 250 472
88 923 439 948 310 1254 934 437 166 1024
812 62 833 302 202 193 1057 118 817 211
