1970 528 185 794 1176 309 284 925 458 152
111 1721 229 128 718 455 1127 625 696 1679
67 1360 537 1348 1443 1353 320 70 1021 1969
1056 160 593 64 139 1512 1532 1713 159 983
411 126 965 1582 1900 884 1648 1513 294 180
707 668 1555 1740 1495 377 1200 816 228 1321
1921 813 1038 1436 405 1016 1240 222 1587 199
15 771 720 123 957 1727 1017 1058 1221 515
1196 808 1028 618 1763 1585 515 123 1671 1768
1534 1045 1694 1739 910 737 1897 689 784 980
31 475 262 1699 1579 1138 1260 1884 281 925
798 244 76 203 68 42 75 1142 1877 721
608 233 1581 1256 1455 774 1781 1437 1470 329
880 1653 324 631 1109 1577 1776 56 555 623
1236 1614 1201 972 1265 1766 1204 465 203 1971
1017 720 202 7 957 911 771 1058 1988 792
567 1031 149 779 1927 59 124 1714 1798 881
477 601 1667 1459 1054 1881 1358 685 1760 1510
1276 23 1058 389 742 988 1988 720 212 201
1089 295 366 390 860 920 1982 1145 1416 399
314 1268 560 1514 1688 1807 947 192 893 1756
245 559 1634 1231 1620 1008 1952 307 374 508
340 105 177 410 545 598 901 437 383 1126
1276 18 1125 988 897 1988 201 742 1749 1298
268 95 847 1752 1419 512 467 1464 134 622
1820 1603 757 1659 1295 1527 1046 1203 1024 178
534 1004 747 1801 1442 1906 796 1294 1926 1656
337 595 1732 926 563 772 1808 586 198 1029
1591 650 621 1042 200 1092 758 848 781 1270
1472 1501 912 867 420 946 987 565 1836 1596
118 1020 92 73 636 289 209 191 948 592
10 303 1699 475 1138 1884 1260 1227 262 1724
316 1395 401 614 419 540 476 1222 163 584
782 1111 1869 300 1356 1380 1063 1770 1529 1187
777 571 1771 635 301 878 1162 1355 1780 1902
1955 151 219 845 1533 1580 207 1627 851 767
144 153 430 1154 1896 1868 1225 1398 1206 318
385 492 849 167 657 1594 891 940 1830 1175
125 450 438 39 906 466 994 310 591 1006
906 41 38 310 438 125 379 994 260 1519
675 788 1943 736 842 1871 918 81 1750 1181
39 260 310 906 379 1528 1519 438 1452 1399
76 68 170 1691 11 981 798 721 257 1525
1946 951 115 1782 1372 1320 133 572 995 493
501 1517 1608 1432 1531 1383 1527 1676 1409 402
417 1364 452 1924 1751 964 1048 121 120 755
1213 1144 51 1344 727 1992 1148 664 903 1539
114 656 486 821 347 902 1039 398 731 1943
1492 822 1165 356 561 1428 1365 1180 1288 581
674 1618 743 1011 787 85 1232 905 1342 1106
1457 929 520 1237 180 583 1987 965 240 1309
1344 609 46 664 1539 1213 660 578 1992 1144
210 1156 196 806 1086 353 1474 1542 1677 724
993 930 900 928 1269 1566 1567 1326 544 372
58 1922 1920 1525 1691 170 1811 296 1226 42
1867 645 1246 79 1136 213 780 547 1049 1160
574 631 1488 66 324 1171 1245 13 1577 555
1311 913 1411 819 479 1095 1097 74 953 1622
889 54 296 1811 841 271 649 1920 1922 1525
1031 567 954 678 504 550 16 1469 1297 1541
1037 1202 1552 1064 1140 1563 1347 1572 999 1030
1849 781 758 1535 848 1734 1110 1978 1591 208
267 1456 1986 1090 456 1795 809 1308 1756 1345
654 698 252 1317 363 1359 1007 938 859 919
1056 1339 159 1713 3 907 1512 160 165 1532
235 249 776 1919 461 800 1117 1327 589 826
265 56 154 574 1488 631 1245 1577 206 13
2 1348 1353 1328 1969 70 1443 537 1744 1129
257 42 721 798 11 170 244 223 1705 75
135 1592 339 1879 412 1617 882 1913 1267 1414
1360 537 1343 1129 67 2 1854 201 810 742
1485 116 703 442 382 1654 1636 551 1633 1642
1542 1936 535 210 688 1719 1850 1156 1384 713
680 592 30 118 92 289 454 1020 642 704
1815 376 953 497 479 1066 1047 819 1095 57
1142 203 244 1265 1705 11 465 798 68 14
798 42 643 981 11 1877 1691 251 439 68
509 795 1605 762 495 476 371 1788 1649 500
167 1830 350 385 132 940 492 37 1613 1594
186 645 213 1160 55 435 1867 440 1246 1241
119 1750 1377 1449 736 1871 1870 1206 1660 1928
1181 641 842 918 1903 916 1103 1750 40 675
1767 129 373 1233 421 1352 1875 626 1795 852
1520 597 1925 612 974 1388 1461 312 1759 1188
234 1905 1804 87 603 1800 1290 823 1859 1866
743 1512 1232 1713 49 907 159 1499 787 1342
1035 1098 444 427 155 568 943 870 1420 1712
1290 199 1866 1800 84 234 1025 222 1804 1711
1334 370 364 990 292 1106 922 543 1975 1504
166 1558 491 815 1100 404 927 693 1000 1333
962 690 973 1460 1026 369 293 498 1731 1663
1979 163 249 1194 776 1649 316 1327 589 291
587 636 30 1020 289 73 1963 395 592 833
766 817 181 1010 1188 697 617 1376 590 612
384 474 1489 1220 802 1607 599 1151 216 586
134 847 24 1752 1840 944 1464 268 596 1419
607 830 1609 416 464 1185 799 970 630 188
184 527 510 232 1728 624 732 1341 1530 1762
277 1128 1233 108 113 267 843 626 852 1061
1032 1303 176 1771 1780 1254 865 894 666 1561
1923 147 982 1397 154 1412 557 1891 1733 265
359 319 809 179 1308 1345 1287 1688 1590 1986
1368 1513 1005 1307 1505 1101 853 1819 256 294
807 1000 166 1665 927 410 901 850 1126 879
1094 950 317 1030 321 443 1140 1563 547 760
598 545 22 340 305 215 177 1631 383 1291
1506 542 1468 117 1027 1448 253 1143 457 261
676 290 1254 1561 894 914 1707 1032 606 915
137 277 843 803 98 1061 1128 113 1466 1845
1214 375 632 1997 1262 1964 1102 961 1710 1733
590 1829 1910 211 221 1953 181 312 744 313
904 1 1679 718 229 696 455 1721 364 625
520 406 240 908 1241 435 1457 50 1237 1987
1597 1061 843 98 1977 1128 1986 267 1935 1914
486 47 1108 347 902 731 1476 1393 656 1039
43 1320 1966 572 1782 723 951 995 1426 1946
1485 71 217 1654 741 633 442 551 1911 1070
457 106 542 1448 261 238 581 1670 1468 1141
30 191 73 642 680 424 704 454 1020 948
263 80 1660 1928 1870 1449 1377 1083 1750 1208
1242 1751 724 1549 814 716 452 121 1364 45
1364 719 724 353 120 1751 45 755 1242 1086
1872 1247 1996 1820 1046 972 1203 1142 738 1877
515 1727 7 1221 1028 771 1641 1477 8 1058
881 183 779 567 1387 16 588 1031 1798 1469
38 450 591 994 438 1006 466 906 39 1435
411 4 884 1513 1005 1582 1880 1973 1648 1101
1371 1270 1092 621 1796 1042 1499 1550 1730 1863
1127 229 677 1511 1 1389 332 1721 1916 718
373 1352 82 1953 1767 1520 744 421 1875 312
394 195 985 1611 1503 1546 1014 868 986 1272
1780 878 1777 951 1782 635 1303 723 1771 1372
350 1613 215 1830 940 1291 78 1890 909 167
493 1782 1372 1946 617 43 1777 1060 572 115
95 1840 596 944 847 1430 1464 532 1834 24
69 1267 1554 882 339 1414 1879 1913 1916 1592
1755 1600 713 358 1081 684 1940 1292 1137 348
827 108 803 1346 1338 1466 852 277 751 843
496 1323 1212 1949 380 715 1018 1440 1349 1335
983 160 593 3 1322 404 786 1056 1532 679
552 1013 157 687 1548 862 1052 979 1589 1059
875 1885 150 870 155 1310 1114 1035 692 1072
193 434 1893 1821 338 770 1569 1965 1708 1018
393 871 1745 1793 899 869 504 1666 1583 1824
36 1896 318 1868 153 1398 1206 1225 430 1377
569 952 1574 1044 705 1438 774 968 1147 1255
1155 1951 553 1027 784 1143 783 1314 1468 1593
982 1397 100 1891 471 1733 224 1997 1644 1842
248 573 791 580 1248 945 483 1387 588 1197
1714 779 1927 16 1798 1632 785 717 1432 1583
870 1995 141 531 1310 692 1899 875 327 1640
1627 1533 35 1380 1580 845 219 1841 767 682
1586 1963 528 1176 422 1792 253 833 794 0
1896 702 36 318 144 1206 1118 273 1154 1868
1923 265 66 100 1412 982 574 206 1577 1488
870 141 1035 638 86 427 1310 444 1098 327
255 297 174 208 473 1893 1535 1110 710 1821
140 687 1059 979 1013 1589 381 1375 552 585
243 480 644 1851 1218 992 1325 1698 390 860
1339 907 165 64 1713 85 1499 1512 1056 200
593 983 1056 139 3 1532 786 64 1512 1628
753 866 367 1257 1235 1945 1701 1064 999 975
1954 182 1299 1493 828 1562 640 997 173 357
91 1194 316 291 769 1327 249 614 800 32
1454 1166 1575 409 536 712 1937 1479 769 1604
1339 159 200 1499 907 621 64 1270 1713 85
89 1000 693 103 927 850 1558 807 815 775
1830 385 78 492 37 940 350 132 1594 849
516 1564 874 1883 1124 892 1813 1374 1223 1803
1838 1775 342 619 1950 1917 1067 549 1828 1062
257 1922 42 1525 54 68 1691 981 1226 1810
1528 1942 1399 876 1857 1519 1373 488 310 605
896 1726 1003 551 741 1285 633 685 1861 1057
485 1149 671 1562 1299 1330 828 1954 749 162
473 156 1893 846 297 1708 255 1821 1965 142
1470 329 1858 1256 526 1781 608 12 1626 1455
1032 99 865 1303 666 1561 1367 1254 413 1780
437 22 410 1126 340 901 1606 679 105 927
1608 1527 1104 1203 1517 1046 1409 757 1204 25
1345 1688 1807 101 1268 1308 319 809 20 456
965 929 1113 50 274 1309 1582 1972 1457 294
93 590 697 1188 221 766 110 1010 817 312
162 1421 640 357 323 1493 1954 1853 997 725
445 588 124 1122 1469 567 881 1390 945 1387
1728 510 97 232 259 527 1392 1215 1762 732
925 1593 458 0 756 1176 1652 309 1970 528
1160 440 79 435 1241 213 406 645 908 648
548 558 1280 1118 273 1725 967 1703 824 414
830 1185 397 1695 1189 1638 96 1609 630 1429
1177 1994 1553 1422 1955 1874 555 539 1580 746
1912 1073 1463 601 1150 436 231 1152 935 326
424 948 118 1913 1251 1879 30 704 1020 209
1514 893 20 314 1807 966 1268 947 560 1688
142 1556 338 434 1569 1821 1708 576 1965 1893
1901 1480 726 681 1169 1381 836 360 299 858
130 793 1546 986 394 1014 868 264 1503 1765
806 1677 1725 1474 52 1156 210 824 535 921
1682 764 430 1957 1417 349 1225 1822 1193 1407
595 1385 1886 563 926 1742 971 337 27 1856
87 1025 234 1290 1800 222 1240 813 6 84
165 621 1339 1270 1499 28 907 1092 159 1042
897 742 988 1343 1500 23 1129 70 1298 1854
911 15 792 1017 1117 461 957 1919 720 7
75 1142 1265 11 1247 244 972 1877 14 1201
1418 1153 1982 508 279 368 1673 374 1231 1008
250 686 306 932 323 1458 357 392 1954 1962
934 1412 408 574 1975 1577 154 543 1923 66
539 1022 845 1955 35 453 1559 1843 1190 1422
1110 1535 255 156 1849 297 61 1778 848 710
948 487 1020 489 831 636 1616 30 1337 395
535 688 1156 52 72 1677 1542 196 824 1474
313 1829 110 1785 1910 744 699 966 590 1953
1129 352 742 1744 1353 389 988 18 811 1058
645 908 1867 648 435 1160 79 627 55 1049
1551 1283 1610 750 759 801 903 1938 1584 446
1613 1291 132 598 305 1890 105 350 1631 940
365 1220 1450 1651 282 1481 802 1489 1216 599
741 336 1687 116 1911 1408 633 1354 1057 1485
378 1296 1093 252 363 1317 924 859 387 343
1580 1123 1627 767 35 1874 1955 151 1177 247
1904 1336 1704 985 761 394 855 1210 1839 1716
312 1953 697 1520 1910 590 181 1188 110 83
546 1025 813 199 1436 463 6 87 1016 1711
721 257 768 1790 1705 958 1754 68 1810 1497
471 1644 1397 1891 147 584 982 1842 1222 1301
886 460 1757 1678 1522 1844 637 529 812 1119
661 1172 805 1378 1521 1694 1076 616 910 439
550 629 579 954 1773 1266 1469 1931 678 866
745 1740 1278 1495 330 668 1637 326 5 1516
1916 128 1721 1 1127 111 718 1511 659 677
991 1616 1324 242 941 722 513 1697 1182 1337
1463 1340 326 1912 1932 190 377 1406 436 668
732 862 184 510 97 823 1530 527 1548 603
774 12 1147 1581 608 1455 1545 569 1256 1437
84 1800 603 1290 199 87 840 1240 1804 1905
65 1919 589 249 311 776 1117 1812 800 1979
667 1934 752 1861 582 1633 734 1285 996 1250
1418 1673 1895 508 1635 1624 307 1336 1683 302
581 1980 457 261 1365 117 351 1141 542 1646
1747 1192 566 395 381 1059 1182 831 1337 979
1457 112 908 520 648 435 406 50 1987 1237
949 1305 396 1184 864 1823 1889 956 1892 507
513 991 1433 834 230 1595 1324 315 941 722
158 644 1640 1218 1325 1851 1282 1698 992 1995
1705 11 75 721 1754 1265 203 68 465 223
21 1952 1634 1620 1772 1231 1069 559 1008 1641
407 1426 723 463 1016 844 1436 666 1038 1320
1874 767 1664 1177 328 1553 1933 1123 1580 746
148 1248 573 655 945 483 1764 580 1300 791
776 91 235 65 800 589 1979 1327 163 1194
932 205 392 306 323 613 686 522 1458 357
439 1691 643 981 910 1521 689 76 1920 1534
1317 1296 363 63 1093 859 218 698 654 924
422 1176 1448 106 1652 152 458 542 484 1506
413 431 523 872 839 1413 519 1524 1831 708
156 297 208 473 710 1110 1849 1821 174 1778
288 294 426 1101 853 605 1478 102 1505 274
68 170 223 721 1810 1525 42 1497 1226 708
331 1619 722 270 834 991 1131 513 1084 1182
1215 1139 840 1392 1728 184 1974 1629 510 1179
41 1452 653 379 1528 426 1399 310 274 386
1670 1835 1526 238 117 581 542 1365 822 1468
281 1599 10 1884 1579 1589 475 1138 31 829
1083 119 706 1928 700 1660 611 1304 1870 1208
1546 986 660 793 1344 1080 283 195 1680 518
66 154 375 1488 1733 982 1245 1710 100 56
804 1587 562 694 1709 1921 1400 1157 974 405
62 1128 1456 1795 1986 98 626 113 1597 1090
24 512 622 467 1752 1419 613 95 847 400
1015 499 1261 1051 1736 402 1531 1383 717 1557
258 1619 834 513 722 1084 469 1864 1909 1715
519 889 754 841 1797 354 58 1811 1121 1625
1428 1547 895 1835 1948 1165 1518 1878 822 1329
548 1280 414 187 558 1118 1154 1896 153 670
1113 426 1972 653 180 294 288 1309 1452 256
1453 1116 1696 1669 663 1173 615 1295 1656 738
832 468 937 620 1082 942 1889 939 505 1892
1233 98 1767 108 1128 852 626 137 827 82
344 1779 564 1736 449 1434 499 304 1197 1051
374 368 204 1153 1462 1328 533 1231 1969 508
433 577 673 734 371 996 495 582 1605 236
262 1589 1579 475 585 1884 1013 1599 10 157
1146 365 1216 1450 216 1315 1639 1651 1645 1741
518 660 1344 1213 986 264 1546 341 1611 1918
1970 794 1769 585 309 1375 0 528 566 1579
1394 1658 956 943 396 444 1543 1712 1823 427
1784 503 978 1971 481 465 1754 1793 1824 1265
975 1186 647 1386 1773 1945 1643 579 602 1266
256 426 1972 653 1101 605 294 274 853 1399
1963 92 833 1586 592 30 73 636 1229 587
1135 676 606 107 914 915 1508 1707 1391 1331
769 163 712 1194 1327 614 316 536 1882 401
922 364 659 455 739 88 1504 696 1334 1721
669 498 690 90 1876 962 790 1026 611 973
1101 1972 256 1513 288 274 1582 426 4 102
920 19 1588 366 860 399 355 1145 1178 1672
649 58 1724 980 889 1920 1922 841 54 689
255 156 473 710 1893 1821 208 174 770 1110
684 1826 1081 1837 1755 1252 1145 920 1137 1588
1774 726 681 604 194 836 1169 1901 634 1381
1356 782 33 877 1275 1063 1529 1111 1380 1187
1162 1355 34 635 777 571 1657 403 1805 1902
1624 761 459 1315 1216 1159 1635 307 237 1639
841 31 1724 1138 1121 1227 754 1699 649 1884
556 478 449 1786 1779 278 1351 1306 1621 1434
1890 1631 383 598 1291 545 215 1613 105 1132
1962 323 392 357 725 205 250 1421 522 932
1639 1315 1008 1645 1624 1634 302 237 21 508
1692 514 1738 1993 322 1332 1762 1484 628 728
1970 925 284 0 585 756 185 475 528 1260
906 438 41 39 1528 1519 171 1399 260 994
1259 1919 589 1812 235 1289 957 1809 1763 1960
221 373 1520 1953 1910 697 1352 597 129 612
211 1785 966 947 699 1829 744 1787 1910 110
893 20 947 1514 1268 560 966 1807 1756 192
1433 639 1715 834 242 380 1595 513 1335 1675
163 1395 32 1194 476 91 291 614 401 1649
321 104 1973 443 740 1094 1030 547 950 976
1377 153 1206 144 702 1174 1896 1118 36 1868
809 359 101 1308 1287 1590 1647 1986 1345 179
1969 1348 1443 1402 1021 2 1281 1462 1672 67
976 317 1973 950 104 443 1648 884 1880 740
628 308 1993 1738 728 388 1692 429 1465 1217
357 306 182 686 725 1421 205 392 250 1458
631 746 1171 13 56 880 555 1653 1994 623
1720 1961 1239 482 873 345 1085 1207 576 1018
1912 231 1340 1495 330 436 668 377 1278 1152
1310 1995 870 638 797 1598 150 1282 1053 155
1487 1664 247 1258 1571 767 850 1894 1123 1874
1256 175 1470 1858 608 12 1781 1455 233 526
1278 436 1152 1929 326 1495 969 228 745 1912
258 1182 1192 722 1091 979 1619 991 1131 270
1675 1511 1684 677 1389 128 1990 1127 1446 639
789 1401 1878 416 630 1429 1382 830 1329 425
1096 538 1918 1447 1839 1576 1170 1503 1611 524
506 730 1283 1791 1852 446 923 955 1316 1551
1057 217 741 1687 1354 1911 633 765 1510 1034
595 563 586 695 27 778 971 198 1732 1808
193 142 576 1821 434 770 1018 1212 517 710
882 412 69 1414 739 135 1357 1592 659 1267
410 22 901 545 1665 383 177 1132 105 1126
1199 1907 518 1576 887 283 727 1170 1213 1918
750 1062 1985 169 1067 890 1828 1838 549 446
1855 378 403 1941 924 1805 1902 1093 218 859
278 1779 1051 499 1536 1736 1351 1718 304 1621
873 1239 672 1720 701 325 388 1556 575 728
1873 998 887 683 1170 1302 1576 931 538 1610
731 47 114 398 821 1039 486 1407 1189 656
1940 358 716 1850 1549 1600 814 136 942 1137
1366 1957 764 1407 197 430 788 1509 1398 821
132 1830 1613 78 940 167 385 215 492 1594
1646 1980 561 581 709 1365 457 238 1602 1479
212 389 1620 811 559 1744 1069 533 1058 1353
1086 724 806 121 719 1318 52 1156 196 1689
1797 754 1831 1625 271 519 1088 1991 1711 1244
1252 920 1588 1570 399 1178 835 295 1292 1081
1288 48 1758 1492 1180 1743 883 561 1165 1749
323 686 182 1421 306 1954 162 205 1458 1493
814 1850 1600 348 136 713 1940 716 1936 1549
101 1287 319 1590 809 1130 1908 1647 1308 179
858 1271 530 658 369 1480 1169 194 1703 836
1245 1964 1983 1568 1981 539 1710 1422 1171 555
651 1002 1230 1947 1071 1361 1693 1198 1491 1284
654 252 1317 1296 63 218 919 387 1093 1515
990 88 696 292 455 904 1106 111 922 1863
216 1216 1431 1481 282 459 524 1450 802 1159
1672 19 295 1982 368 1153 1089 399 1673 1683
1701 1235 999 753 161 866 1572 1064 1115 1552
1153 279 204 1462 1982 1672 366 1281 1969 399
530 963 973 1731 1460 90 360 658 962 1271
88 1106 1334 543 1405 990 1502 905 1618 1011
495 433 280 500 734 673 1605 77 577 1686
544 1319 930 993 1070 1856 1742 900 863 53
129 82 1520 1352 312 1875 597 1953 1767 83
508 279 533 1153 1231 204 559 1462 21 811
1733 109 1710 265 1964 1997 982 1245 1214 1488
953 1066 74 1196 819 497 1815 1671 1768 1585
668 1321 1340 1406 231 1555 326 1286 1200 5
343 218 924 1093 1855 1296 252 859 1941 403
386 41 1452 260 39 310 1309 653 906 1113
1684 639 496 1675 138 715 315 1349 1715 1323
1059 566 979 239 1192 1747 1769 157 1375 1091
442 1642 1654 703 71 863 1636 1411 1095 1485
1132 1631 305 545 1068 1224 340 1665 1890 598
94 474 1151 529 1607 637 1489 460 599 931
37 492 167 940 1594 1830 78 350 849 891
1309 379 1452 583 1113 1237 260 929 653 274
602 919 1296 363 252 1386 218 1515 1761 654
728 575 672 429 1958 1239 345 322 873 628
1069 352 1058 18 212 1620 1744 1221 1727 811
860 480 1218 1145 600 1416 19 1089 1851 992
977 1079 691 1865 909 1594 891 1890 1379 1224
250 613 932 306 522 1962 1363 323 1976 725
143 1297 504 899 869 1583 1745 871 1766 1541
1014 985 130 1503 195 220 1704 1839 1272 1611
1747 831 239 636 587 1337 1020 92 566 1192
956 241 1305 285 949 1823 943 864 1712 1658
188 425 1722 1429 1560 830 1638 630 333 1185
1509 347 1189 821 731 1407 47 486 1609 1957
1281 1178 1672 355 295 366 920 368 19 835
1363 1615 522 467 512 1860 1419 1967 613 1735
614 32 419 536 1604 1427 1395 540 291 316
717 1557 1531 1632 269 1015 1383 1432 499 1798
1805 343 1902 1941 1855 1355 571 301 924 1391
1100 491 983 1558 89 786 1322 139 593 1606
1921 1038 1587 6 813 562 1436 1537 804 266
112 1241 435 1160 440 908 240 520 186 213
246 666 723 844 1320 1426 1016 1303 951 463
1975 206 934 543 1577 1504 1412 1334 574 1120
1454 1166 1937 164 454 1496 1229 536 680 592
901 340 1126 103 927 1665 177 22 1000 437
4 126 1648 1900 1582 1973 884 627 965 740
339 1357 1112 1592 69 1234 1617 557 739 1120
254 431 1032 865 872 1413 1524 1367 1561 176
548 1293 558 273 854 670 1154 1384 824 688
1427 584 419 1264 1467 540 1471 1891 1644 1012
1401 735 630 830 333 96 789 970 1429 1854
452 45 1924 1751 1748 1048 1364 507 937 964
1578 1498 1384 1802 472 854 1486 1293 541 1441
415 1427 584 32 401 1604 540 614 1471 1222
867 1827 29 1501 1437 1482 1626 888 1009 428
1795 1847 82 1352 1787 744 1785 626 129 1090
484 1586 253 1792 1448 152 1362 1229 1963 1496
961 1939 1523 1668 1887 1843 665 1540 1981 632
191 704 1879 118 1012 1913 1251 1706 642 680
1722 1560 1948 1878 397 1429 1547 1926 333 796
653 288 274 256 1399 605 1373 260 294 1528
943 1712 86 444 1598 155 638 1823 870 1035
867 565 888 946 1009 820 733 420 29 1472
575 628 1958 388 1217 322 936 917 1693 960
197 1225 36 764 1398 1868 349 788 144 1417
872 254 413 1707 1413 1561 839 523 1032 708
1702 1698 1837 1243 684 1137 1826 1851 1082 298
280 1686 582 371 495 734 1205 500 673 1934
1720 142 576 1018 193 1556 1569 338 701 770
1160 1241 908 186 406 213 648 240 79 440
1152 330 1929 1278 190 1912 326 969 1495 601
177 679 1606 1126 410 927 1322 22 1558 901
994 906 466 38 310 450 1519 39 1942 125
251 643 981 910 1832 1521 661 76 689 1691
1160 1241 186 406 435 79 213 112 908 240
1074 1965 825 1650 1700 1708 1569 846 1491 193
1654 382 71 1070 1642 863 116 544 1485 1636
740 547 317 321 1049 104 1648 1246 1973 1030
1658 1712 943 86 1098 427 956 155 285 1394
183 588 1390 521 1122 1300 1701 1115 1469 945
1791 750 1985 890 773 1551 335 923 214 1283
498 611 933 488 669 700 1107 1306 293 876
1917 549 733 619 565 946 428 1472 169 1775
564 1434 1786 278 1779 304 478 662 1736 556
125 466 1006 38 438 591 994 1876 1435 906
1862 1019 836 1817 1774 858 1444 1169 1435 658
1748 417 939 45 1751 1924 120 716 1549 937
1190 1559 845 570 1623 207 1022 851 1843 665
1937 1229 680 642 592 409 73 118 1166 289
696 1721 292 364 659 1 922 111 1414 904
1090 1308 1756 62 1345 560 1688 1456 1787 1268
1448 117 1141 238 1980 581 351 709 1362 542
185 1652 1176 756 1593 528 253 0 1027 1951
302 1159 524 1216 1624 1210 365 1431 1315 761
812 637 1844 225 1678 931 1183 1249 384 529
1117 826 1743 792 65 202 1814 800 911 883
1284 594 1908 646 1935 1647 1001 1198 1130 1914
546 844 1016 1350 246 1436 222 1524 1367 1025
1451 1564 799 1439 970 96 607 1609 1803 1813
1971 1265 503 1705 1784 1236 286 75 14 1754
994 450 438 790 1876 1942 1006 38 669 125
1419 512 400 1967 1363 1752 268 1860 613 622
1494 505 276 832 1053 620 1889 864 1598 1082
1335 1440 1909 1085 1084 1715 270 482 834 1207
1783 1180 1382 1329 1298 1125 897 789 1288 1878
224 147 982 1842 1997 1102 1733 1397 375 1644
1486 1223 1802 874 989 418 1498 1374 1193 516
1821 174 1893 297 255 156 1708 710 142 846
384 94 1220 529 1151 1489 599 695 637 1607
10 1579 281 585 31 1260 262 309 925 1884
509 1395 316 795 77 1222 762 32 1194 540
17 1667 1881 685 1510 1354 1358 1057 997 1054
556 1107 304 1786 1306 449 1915 1505 1478 706
1095 1642 57 1815 819 1674 74 1411 1636 376
1218 390 158 860 992 1416 600 1851 1145 855
1075 978 938 1331 768 1055 286 1790 503 1754
1440 325 1335 1961 1085 1949 469 1207 1018 1720
1197 662 573 248 564 148 791 580 1819 655
422 1792 1362 1496 1141 1448 1586 253 542 152
173 671 1562 1330 1149 1516 1299 1637 1954 749
114 47 731 1108 902 1538 1655 1695 347 1404
1337 489 209 1616 1697 1020 831 948 230 1251
1942 876 933 1857 669 447 1107 171 611 1306
487 729 941 209 1616 1697 948 1251 230 1337
1671 1029 772 856 497 1732 1105 1753 27 1066
1100 1558 89 404 1333 786 815 1475 983 1628
940 385 37 1594 849 167 909 1830 691 891
617 133 1060 1372 1946 817 43 1010 1782 1777
1370 525 1279 1806 1735 1119 1737 1415 1886 971
371 795 433 77 280 500 1605 1686 577 837
138 715 1715 380 639 1440 1949 1684 1212 1335
1815 772 1047 376 490 1671 74 1066 926 27
447 293 1026 669 611 90 690 933 790 1083
1736 269 1051 344 278 1015 1261 402 564 791
1686 837 371 495 1842 1102 1301 433 795 1262
44 1676 1383 1818 1989 857 1024 1608 1531 1662
1543 1168 568 1425 1050 1394 1984 1658 1036 1098
1705 465 1754 768 286 978 1784 481 1971 1265
1297 393 1583 59 143 1031 678 899 871 16
1053 468 1598 620 797 1494 832 864 276 1823
335 923 1852 955 1791 818 730 446 773 1283
1924 1048 1184 949 417 1892 1889 937 45 452
1418 374 204 1673 237 1153 1008 1231 279 1982
795 77 1301 476 1395 1222 540 837 500 495
823 1215 184 97 1728 232 603 259 1139 862
1003 1726 570 665 1190 1559 1358 1623 896 1540
622 268 467 1419 400 613 24 522 1363 1752
1433 834 242 722 270 230 991 315 1324 258
1219 1738 308 1392 1484 1692 1762 1179 1993 1274
123 771 1763 1028 8 618 1641 1727 7 1585
1685 168 892 1883 874 1374 1124 1661 472 1223
1023 770 710 1212 1323 1253 338 1778 1717 715
283 341 1918 986 1199 1344 1576 1213 727 1611
271 1797 1811 523 354 1831 889 254 708 1226
112 1237 240 50 1457 583 929 908 406 1987
1300 1115 445 760 1572 588 1764 1390 1248 1701
1363 613 400 1615 1962 392 1976 932 622 306
1226 254 839 519 708 1811 1797 889 431 872
1159 1431 1210 459 1481 538 1447 365 1839 1096
1370 494 1269 1856 993 1886 1735 900 971 1385
1858 820 1781 1009 1626 1470 888 608 175 1437
624 97 1762 1341 732 184 1944 232 861 1728
0 1176 152 794 284 458 309 185 253 1970
637 384 1415 1151 474 225 886 460 1522 695
369 967 963 1271 360 1280 1731 1703 702 1174
692 1640 1765 1995 1899 150 1325 1272 644 1310
1840 944 1430 1930 1678 1834 1757 1164 1844 1464
374 811 1328 559 279 1353 1348 1462 352 1231
26 747 1442 1004 796 1656 615 1560 1926 885
210 72 688 1156 824 1719 1542 196 1384 1677
1604 614 712 401 164 291 409 1937 769 1473
1360 2 70 1443 810 67 1021 1803 892 1124
1447 334 1096 998 1481 524 1576 1170 1839 346
1022 207 1568 1422 1981 1955 1843 361 189 1559
1222 1395 1644 32 584 1301 509 419 415 401
1498 1441 1578 1719 1968 1486 1848 418 713 1384
106 117 1448 1506 1141 457 238 261 253 1468
1405 934 408 1776 370 1334 1577 1502 1975 88
1070 372 930 1319 993 928 1654 863 53 442
383 1132 1631 105 340 305 598 901 22 1291
463 1711 222 1025 1350 1524 1991 1016 844 1831
1136 1246 1030 443 740 317 1347 780 1140 104
187 414 273 558 670 1293 824 1118 1154 1896
1917 448 619 1062 169 342 1838 1775 1985 1472
227 954 629 678 1469 59 1931 579 1122 567
1861 633 667 1285 172 1485 741 116 71 703
1548 140 1530 1131 687 732 862 1091 979 157
784 146 1565 616 1045 1314 805 783 1951 1694
1507 1730 1209 625 1369 1277 1679 718 781 1796
631 1171 1994 746 324 1553 880 189 13 361
1304 1351 304 478 706 1306 700 1621 1779 449
1112 1234 1357 1120 1923 1412 412 100 1397 1891
1677 187 414 824 548 273 1725 688 1280 1703
1620 811 21 533 352 1231 374 245 1069 1328
1756 20 1268 947 456 314 699 1688 1787 1345
1492 351 1365 48 883 1646 822 581 356 1814
266 1921 405 804 1709 1630 1587 694 1629 813
337 586 198 971 695 595 27 1886 1151 1415
1736 1197 449 1434 278 662 483 1779 499 791
428 946 733 1472 888 867 29 1917 420 448
1769 1375 239 381 1059 1747 794 284 395 587
16 59 124 1122 1031 1469 183 881 550 779
1984 1098 1168 1420 1543 502 86 1425 1394 1035
145 952 1545 1044 774 1147 233 1036 705 968
1559 665 511 453 1523 1190 1003 1540 1843 1623
34 777 1902 1805 1391 1355 1771 894 301 403
995 1946 115 1966 1376 1461 43 1010 133 1320
1819 148 483 248 655 1248 1197 1312 662 791
56 206 1577 66 934 154 1488 631 408 13
429 1958 388 628 1959 936 672 345 701 322
1018 1720 434 1556 1961 338 1949 193 325 1212
280 673 1158 913 1605 1794 996 495 371 1097
1680 1403 1080 1423 609 763 1072 660 51 793
1773 629 227 1945 866 647 550 975 1931 1257
945 791 148 1387 1015 881 248 483 1557 1798
238 822 1365 351 261 457 1670 117 561 1835
433 1205 1934 236 734 752 1250 1686 280 1939
1309 1237 386 929 50 520 180 1113 1452 1457
415 419 1644 224 540 1222 1264 1891 1427 32
1579 284 1970 475 281 309 1375 1589 157 262
599 563 778 695 337 1808 1151 27 474 971
92 833 636 1963 395 289 1747 1769 566 1020
183 445 945 1300 881 124 521 1387 148 1248
1979 235 311 1809 1812 776 249 1919 65 91
110 181 221 697 1910 312 93 1829 1953 211
1006 1435 125 450 1019 1444 1876 38 466 994
1229 73 1792 454 289 680 1963 92 409 1586
160 786 1532 139 3 1628 983 1056 1512 404
462 1284 1914 1001 960 1947 1908 1198 1935 1977
198 337 1385 926 27 563 971 1047 1742 1886
1834 134 818 1840 1430 944 532 955 95 1930
83 1925 1157 1875 1520 373 1759 974 612 312
305 105 215 545 1291 383 1631 22 1890 1613
586 778 94 1220 1808 474 1651 1450 1151 695
855 1218 1416 1716 992 390 1040 1704 480 1089
1459 17 1054 1152 190 1073 436 969 1161 1667
387 1386 919 1761 1515 1186 1296 363 287 1643
823 234 84 840 1215 1905 510 862 232 259
681 634 299 1689 1318 726 1381 719 194 1086
1478 1373 288 1399 1857 256 853 426 1915 171
290 915 676 1707 1228 1331 1135 107 958 1508
96 1609 1185 1451 799 464 1439 830 1189 1509
12 1858 1626 233 1781 1437 1470 1581 329 1256
51 664 763 1539 660 578 1403 1080 1344 1213
1593 737 1951 1897 756 784 1155 9 1045 1260
447 498 700 263 1306 1083 1026 669 706 293
697 1188 83 1376 1925 1461 597 766 312 1520
1363 522 392 622 932 400 512 467 250 1976
401 1604 536 32 291 769 419 316 163 712
885 1656 747 1116 1573 275 534 1669 1696 796
805 1694 1314 1565 553 784 1045 226 1172 1801
493 133 1010 817 1946 1060 1372 93 572 766
8 1585 1028 1196 515 1066 1671 1753 856 1763
1838 1917 1775 169 1472 549 448 946 1836 565
1082 505 276 832 942 468 1702 1243 797 1053
1042 1092 127 28 1270 200 1499 1591 165 1371
512 613 268 932 522 400 467 1363 392 1419
1163 1109 880 1263 1729 1933 746 1653 1571 324
527 1762 861 1341 97 1692 1944 1332 1728 1207
554 718 1209 1679 1730 1389 1796 1277 1 1369
1128 1795 1233 1767 277 267 1090 82 421 98
1049 648 645 1900 740 1987 411 1867 1246 213
322 1993 429 575 1217 1424 917 388 308 1465
678 1266 550 227 579 647 1773 1541 954 1643
1429 416 830 333 735 789 1185 1401 96 397
555 324 56 1171 13 66 1245 880 746 1488
1262 1887 109 1214 961 1102 1205 423 1686 1964
551 741 1485 1861 116 336 172 896 1057 217
1689 604 1318 719 755 681 1086 299 353 726
878 1162 34 1777 1657 777 301 131 1771 1780
92 587 30 395 831 1020 1747 833 289 209
460 931 529 812 384 225 1678 1607 474 1183
1053 327 1598 1310 155 797 427 870 1712 1494
1684 380 315 1433 1715 496 1675 1595 715 332
997 182 765 1493 1034 1687 1853 1421 162 1354
1903 1181 1536 81 1077 1718 1818 1103 918 1989
704 680 1937 1473 454 118 1471 1012 424 73
76 439 1832 1877 251 661 981 798 1521 1996
243 1995 1282 158 1698 1640 1325 531 797 327
1867 213 1246 627 648 79 55 1049 435 740
1130 1198 462 1284 1590 1908 1002 594 1947 1647
1186 1643 1266 1773 287 629 1386 579 975 1761
627 908 1987 1457 213 435 240 645 1900 1049
296 980 1920 1227 1724 58 841 1739 689 303
758 848 1591 28 1042 61 781 1535 1849 621
1230 1361 362 936 1693 1947 960 1002 1959 1071
1179 1338 1087 1466 1974 751 1346 1274 1709 1484
426 1452 288 274 1113 1399 260 1972 605 256
1007 63 363 1515 1317 919 252 1359 1396 938
1312 1307 573 248 1819 976 1248 1764 1898 483
47 1039 1393 916 1043 1943 918 821 902 1103
849 1175 711 37 891 1211 492 898 385 691
858 973 1460 1663 360 1817 369 1169 1862 1271
1414 882 292 1721 739 455 1916 229 339 922
1080 283 1344 264 609 1213 1546 51 578 986
1521 226 1378 1076 643 1832 1134 439 1172 805
483 1434 1819 1197 564 1368 573 1505 449 102
1173 1295 738 275 1696 1453 1076 1603 1134 1116
609 51 1539 1144 1992 46 1213 987 1825 1836
1843 1523 1559 570 1540 511 423 1939 1726 1003
1303 407 844 176 865 1367 1780 246 723 99
236 1633 1934 551 1861 1285 752 703 734 1250
1495 377 5 1555 1740 326 707 1340 1321 231
933 293 790 1942 498 488 447 611 466 690
854 1154 548 414 1225 1293 1193 1802 1896 273
1299 485 173 749 1760 828 1562 969 1516 1330
701 345 388 1556 1958 1239 1700 575 1720 1959
577 280 996 1097 734 1158 371 1633 913 1605
1011 49 1342 1078 905 1612 743 1475 1628 1502
40 1871 788 842 1366 1943 1398 1039 736 1868
290 107 606 1254 914 1391 1508 1561 1135 1707
1511 1554 128 1746 1990 1789 332 1916 229 1127
954 1541 629 550 59 871 504 227 1266 1888
437 1322 1606 927 404 1126 1558 177 983 139
642 73 704 454 118 1937 592 1473 409 424
604 726 194 1381 299 1901 1318 1480 1086 634
1463 935 1191 1150 1841 851 1533 1932 1846 151
931 1183 1873 1607 346 1938 1302 1249 460 812
298 1137 1081 1826 1837 1755 432 1702 136 1588
477 1358 1667 896 1003 1057 172 1510 17 1354
1458 357 205 1954 323 1562 306 182 1149 162
140 157 1548 1059 1091 979 552 1589 1013 1052
210 1384 824 535 72 1677 1293 558 1719 414
910 1739 1920 980 1922 251 9 1534 1691 649
1460 90 293 1876 1663 790 1435 498 973 669
391 909 891 1865 1594 849 977 492 1379 1079
531 1899 1640 150 1765 1885 1272 141 868 1310
775 166 850 1258 1000 807 815 89 103 1558
804 751 266 974 827 1157 1759 562 1709 1346
1415 586 1151 337 563 971 474 778 599 529
904 455 364 1863 111 990 1 1106 1679 1796
612 1188 221 312 766 181 590 1376 93 83
63 1313 1075 1317 859 938 1359 252 1331 1135
1787 947 1847 1785 560 744 313 1756 966 1090
706 263 1304 1083 1306 1928 611 556 447 1660
672 1569 345 1556 1959 1700 1720 1958 575 1074
153 1174 1118 318 1280 1731 530 967 1206 1896
71 1485 1633 382 1636 667 996 1411 236 551
642 424 1473 1012 680 1471 118 191 1937 1706
968 1482 1574 1147 145 1581 1490 1827 1596 569
1304 700 263 1306 1621 556 1660 1928 611 1351
5 1555 816 1200 1211 668 377 1321 1740 1033
1226 1811 839 1810 523 1525 1497 519 431 254
1479 1980 1602 351 1362 457 1454 1141 1646 1166
1821 770 517 297 255 1023 473 1778 338 142
1211 816 1175 657 898 849 1200 1033 707 891
769 1575 291 1882 536 164 1327 1479 614 1454
1936 1600 136 358 1719 1441 1850 1292 541 1755
1753 856 1690 1477 1105 1741 1772 1641 1028 618
1684 496 1349 1212 1323 138 380 1253 639 1949
1549 814 348 1940 358 120 939 1748 942 452
402 1798 1632 1557 1531 1015 269 149 1432 779
111 1679 625 1127 1 229 1389 554 128 1730
121 1689 1318 755 353 634 1086 1364 724 806
15 1017 7 771 1058 1727 18 1988 911 957
223 68 244 257 1754 1810 1705 42 1790 11
1182 991 258 513 270 230 331 1619 834 242
407 115 246 1426 1320 951 1782 666 131 1303
1242 353 121 120 1156 52 1751 1542 1364 814
1853 1962 1976 1567 306 1421 323 1566 392 182
1901 194 681 299 1169 1774 836 604 1381 1480
1148 801 46 903 1907 1199 1144 759 1213 341
873 388 1332 1239 861 322 1692 308 345 1207
1697 489 941 1789 1251 948 1913 1746 1267 1554
1283 1584 335 1791 1852 1316 1816 955 1551 1249
347 486 1655 114 1189 1695 398 1108 47 1538
1530 232 1131 527 552 97 1864 1341 1548 862
565 448 888 428 820 1917 946 1472 1009 867
1934 280 673 582 433 371 1633 236 996 1205
416 1854 1401 630 1500 970 789 799 810 96
1871 1750 1449 40 80 788 1868 675 1206 1723
610 1897 1045 1951 9 1739 1260 1227 1534 756
1378 1134 1820 663 1295 1453 1872 1076 1603 275
1504 1357 292 659 922 339 1120 882 412 1112
443 1049 1973 317 1648 547 1246 627 411 321
217 633 336 1057 172 116 551 1354 1687 896
201 212 1129 1744 988 18 23 70 1343 389
85 1342 1232 49 1713 1512 674 1011 1618 907
1785 1829 1352 1953 1847 421 1910 129 699 1787
228 1278 1637 1516 330 1929 1495 1330 1740 436
324 1994 880 555 1553 1171 1933 623 1177 631
885 615 534 1656 26 796 1696 1116 1801 1004
1133 1906 783 1526 1294 1314 1004 1143 1442 1518
1929 671 969 1054 828 1760 1637 173 1299 1516
890 1067 446 342 1551 214 1828 1985 759 903
1338 694 1346 827 1709 652 1087 137 1466 1974
1250 1285 236 1939 1861 1934 582 667 1540 1726
1064 161 367 999 1235 1552 866 1572 1701 1257
1121 354 271 841 1625 1244 1797 303 1088 1138
719 964 1689 121 634 1364 45 1318 353 1048
185 925 1260 458 1593 309 610 1951 737 0
1659 25 838 1024 1527 1603 1608 178 857 1295
650 781 1591 848 61 1042 1734 1849 1277 28
903 1067 801 1148 1551 214 750 1828 727 1950
1764 1300 521 950 1115 1094 1563 1572 1898 104
1904 302 1635 1336 1159 220 1210 459 1624 237
1788 77 1649 1605 1794 1979 476 795 495 91
609 1799 1825 1403 1423 959 1539 578 1490 664
197 349 1366 430 1398 1225 1407 1417 1957 1822
997 1493 640 1034 1687 1354 1510 336 1057 1421
93 817 1376 1010 1188 697 612 181 1946 572
1123 247 1627 1874 219 1580 1177 1869 328 1664
1790 503 1055 1754 223 958 481 1705 978 1075
291 712 1575 163 1327 1882 614 800 164 536
517 710 1023 142 338 1821 1323 297 1212 1018
7 515 1763 957 123 1017 720 1727 15 1259
1047 490 1732 497 27 1671 1066 856 1029 926
1985 923 446 890 1791 1062 506 335 750 1551
1455 233 1545 1581 569 12 952 1147 145 705
815 693 1571 1333 1258 1163 1664 89 166 328
249 65 1979 589 91 1649 235 1812 1194 1919
34 571 1771 894 635 1902 301 878 99 1780
1808 1651 599 586 337 1220 695 1732 1238 27
1632 149 16 124 1927 1798 1031 1387 881 567
1136 1347 1140 547 1246 55 1030 1867 443 1037
758 1591 1507 61 1734 1277 1042 1978 1092 554
33 1869 300 1063 1380 1894 1123 1627 1356 1770
1906 1314 748 1133 1143 146 1468 1565 553 1027
553 146 1155 1951 1045 1314 616 610 9 1143
1409 1714 1104 1517 1432 1956 149 1927 178 1204
983 1532 593 1628 1100 160 491 404 139 1475
1618 1550 1371 1232 49 1863 1106 990 85 743
675 40 1868 1398 1871 736 1366 430 349 1943
1401 333 1382 1329 630 1500 735 416 470 1429
933 466 994 669 1876 690 1942 293 498 1435
580 148 1015 1197 483 1557 1387 573 499 1736
911 202 461 1758 1117 1743 1749 1988 1288 826
868 195 1680 1765 264 1080 1546 1899 1014 986
284 0 1769 1970 528 566 1375 833 152 309
509 77 837 495 476 1301 500 1222 762 371
1560 1926 1722 534 747 885 26 1442 1638 615
327 505 1053 1282 1598 1698 1243 638 644 1995
11 76 1142 68 1877 981 42 75 1996 643
970 464 1451 810 607 96 735 1803 1564 1124
1327 249 826 65 1882 1814 461 769 235 163
1907 759 727 1302 1610 1199 903 214 887 1148
1489 94 1220 1481 1607 216 998 1447 1873 1450
1466 137 108 1195 1338 1845 843 1274 1346 1465
266 974 694 1587 562 1537 1400 1388 405 1157
616 1172 1565 1694 226 1521 553 1801 1534 661
196 353 1474 1086 52 1381 1318 921 1156 1725
103 850 879 1000 1665 901 693 1445 1258 166
1768 8 1585 1763 1289 1259 1196 1960 1812 618
1287 1308 319 1986 101 62 359 1345 1647 1456
1803 1854 970 537 1124 1360 799 70 735 892
559 533 1744 352 1328 1231 1620 389 279 1353
460 1183 1844 1678 637 931 1930 1249 225 1316
6 222 1240 405 1921 1436 199 1800 562 1038
358 1850 716 1549 120 1542 348 1242 1156 724
775 1333 1571 89 1263 693 166 1100 491 1163
1200 1211 711 707 1555 1033 898 5 1175 1321
1010 766 93 617 493 1946 1376 1188 133 181
596 1834 1852 955 1430 506 1816 134 923 1840
1311 57 376 953 1768 479 74 1622 913 1815
526 1009 888 428 733 1781 1626 565 1858 867
1943 47 347 1039 398 656 1366 1407 349 114
48 581 1365 1428 1835 561 1670 1165 1492 272
510 603 1905 862 232 84 1215 1052 1548 184
688 535 1677 1293 558 1725 196 210 548 414
1491 846 441 1650 1074 1071 1965 1708 1230 1700
883 461 1743 800 1814 1117 792 65 1882 356
137 852 1759 1346 751 694 1157 277 1875 1338
1760 1299 749 162 671 173 997 1493 1054 1881
1138 1244 1804 1884 1859 1599 1121 1866 262 1625
188 96 416 630 1185 397 333 607 1429 1609
1337 395 1747 209 636 1616 1192 487 239 1020
276 864 1889 468 620 1892 937 505 939 942
587 1963 289 1586 636 1769 92 152 794 1747
513 270 315 242 258 1715 1335 1433 722 991
1848 1661 1685 1968 1570 355 1178 1292 1252 399
1169 858 1774 451 1862 194 1817 726 299 360
1301 795 500 1842 1102 1686 1222 509 495 1644
1659 1662 857 757 1024 1476 1043 1483 1393 902
1497 872 523 708 254 431 1226 1707 915 1810
1215 259 1629 1800 1240 234 603 1630 1974 1139
303 271 1724 754 58 1121 889 649 296 1227
1039 918 1943 675 81 40 916 1871 656 1103
1061 113 108 1195 1845 98 803 1099 1466 1914
1016 463 1350 1367 666 246 407 865 546 1524
207 35 453 151 1580 1955 1022 851 1533 1190
825 1965 1708 174 441 1893 1491 1074 473 1650
95 24 1752 1840 1464 944 134 1419 1164 532
650 1535 758 1849 61 1591 1734 781 208 1110
657 891 1175 37 492 691 711 1594 898 385
1258 1487 693 879 166 807 103 328 1000 775
1533 935 1150 682 1190 845 1161 453 1623 35
1875 827 1233 277 1346 137 1759 1767 98 1157
1505 1368 1915 1101 256 605 102 1478 288 1786
670 1193 414 1154 1802 418 1293 472 548 1384
992 600 1704 1416 1716 1040 1336 220 1683 1218
1753 714 1105 490 1671 1029 618 1741 1732 772
1662 1024 838 1043 1989 501 1676 757 1608 1103
658 360 1817 836 1169 1460 1862 369 194 1663
924 1093 1317 1135 698 252 1313 1508 63 1941
390 1145 480 295 19 1826 1416 920 1089 1218
1332 624 1207 728 1692 1762 1944 1909 1341 873
232 823 1548 1052 140 552 1905 603 1013 732
1674 1319 382 1167 442 1095 1642 544 1654 372
832 1889 1305 1823 1494 468 1892 241 505 949
1367 176 413 1032 1303 666 1524 99 1413 844
1945 1235 161 1931 1257 579 1701 367 227 1773
428 420 946 29 1827 565 1009 912 888 1437
793 1765 1272 195 1546 1014 130 1080 692 1899
1236 1793 1784 899 143 1824 393 1745 1971 1766
150 155 327 141 1310 1035 875 1995 638 427
1888 143 1745 1833 1541 1666 678 393 1396 504
431 1707 839 254 413 1561 915 1032 107 1497
1239 345 728 325 1332 1207 388 861 672 1720
1223 516 989 1813 472 168 1374 1564 1124 1486
141 1072 1035 1885 1114 150 870 984 1899 155
1373 1857 171 488 933 1107 1942 1519 1528 1478
1529 1356 1041 300 1410 1275 1846 1063 1286 1406
635 131 1777 1780 34 1162 1372 1771 1657 951
1770 850 807 1487 1445 1665 1111 103 1894 1258
13 1109 1933 746 623 324 555 1163 1553 631
1387 124 945 1798 580 183 779 567 588 16
339 1414 659 1267 135 1916 739 69 1592 412
1814 826 1743 561 356 1646 1602 1492 461 351
1880 126 1648 1513 1307 4 1973 1005 976 411
747 615 1573 1638 1116 796 1538 534 1669 1656
225 1757 1119 1678 1522 1164 529 1273 532 637
1302 1907 1199 1170 1576 341 1610 346 801 1938
428 1009 820 565 1626 733 867 420 526 1437
58 271 296 1811 841 1797 1226 519 1724 523
1067 750 1985 446 1551 342 773 1791 1062 759
1175 849 691 1594 391 657 1379 492 898 909
1124 516 1021 1883 1443 168 1661 537 1402 1685
314 966 947 192 1514 20 560 1268 313 699
1391 1254 914 1902 107 777 571 1771 99 676
1547 272 1948 1518 1428 1926 1835 1294 1670 1526
172 1726 1057 685 1003 633 741 511 1667 1510
201 1298 23 1125 988 1500 470 1382 1343 742
1379 1033 1041 1175 1211 1410 711 1200 1286 891
1583 1766 1614 143 869 393 1236 504 1297 1793
1269 1326 993 53 930 1856 525 372 1370 1566
410 1126 1665 340 103 807 1132 1000 545 1445
1476 1404 486 1108 114 47 1538 1393 656 1483
759 1148 1828 1144 727 801 1907 1067 214 750
111 696 1679 1863 364 1796 990 1550 455 718
1011 1502 674 1078 1405 49 370 1106 1618 1729
310 438 39 1519 994 41 38 1528 125 466
1713 159 1339 1499 85 1232 165 64 743 1270
648 1987 240 435 213 1457 112 406 1160 50
1865 691 1594 940 391 1890 1291 492 1613 891
1534 1694 1521 689 9 439 251 1739 226 1045
792 202 1117 1758 1017 1988 15 461 720 1749
1501 29 1825 1836 987 1596 867 946 1472 1539
57 1097 1158 577 1311 1411 996 1622 673 1794
1391 1941 894 1902 1508 676 290 107 1135 1254
1228 606 1707 958 1497 290 872 839 107 1055
1103 918 1393 1039 842 656 1043 81 1989 1662
1217 960 1424 1001 1099 628 429 1914 936 1845
842 1103 916 81 1943 40 656 1181 1039 1043
387 1761 1515 602 654 363 1296 1386 63 252
1145 1588 295 355 298 1252 19 860 1826 399
1703 1480 1725 1474 1901 1271 1381 196 967 806
292 1504 1975 739 1334 88 455 1357 364 659
506 773 1791 1852 335 446 730 1985 818 890
859 1941 1093 1855 378 343 1508 1135 914 252
185 756 309 1260 1970 0 475 1593 10 1579
198 1047 595 1742 1167 1385 27 1815 497 1674
1000 1126 1606 1558 166 103 410 89 437 679
1566 1911 1408 930 53 1567 544 1070 1034 1853
1237 180 50 1113 1309 1457 583 965 1582 1972
372 53 1070 1566 928 544 900 993 1408 1326
1183 637 683 1607 812 460 1489 346 1873 384
250 392 613 205 622 522 306 1962 1363 323
1942 669 790 488 876 447 1519 498 994 171
206 543 408 1577 1405 1975 574 1334 1776 1653
682 1150 1463 1073 851 1191 1932 190 1912 1533
1693 651 1959 1361 960 1958 575 429 1230 917
276 939 1892 1889 1748 832 452 942 417 468
1359 1075 481 698 978 1331 1313 1007 63 654
1748 942 937 452 716 1892 276 832 1940 620
492 1830 1594 909 385 1613 132 350 167 1291
1697 489 1324 729 230 1616 242 1789 1595 991
939 1940 620 1082 276 1702 716 832 937 1748
427 1712 444 956 1823 285 1658 86 1598 1394
1464 1840 532 1430 134 1757 847 1164 95 1752
580 588 881 148 248 1387 1300 1248 183 124
1472 565 867 428 29 619 1836 912 1775 448
314 966 699 560 1787 893 313 1756 20 1785
1251 209 191 1913 489 729 487 1020 118 30
1184 241 1305 1889 507 864 396 1892 937 832
976 1898 104 321 1094 760 1764 317 1312 1973
43 1782 1372 131 723 115 1777 878 1780 1320
569 145 1036 1545 774 1044 1455 1050 1438 1425
376 1066 1585 74 819 1768 1311 1196 57 808
678 550 59 1541 227 1469 1031 629 504 567
1816 1834 1852 1316 1930 335 730 506 818 1430
396 285 943 1658 1712 444 1823 1305 1394 427
1259 7 771 1017 15 1919 1763 202 311 720
1228 1055 1790 1497 915 768 223 1331 1810 606
1065 984 1423 1490 1544 763 1799 1403 1574 1255
917 1001 1693 936 594 1947 1284 651 1914 1217
1668 423 1981 1964 632 1983 1214 1887 109 1843
90 1208 973 963 1731 1026 369 1174 293 1460
1174 369 1731 530 962 973 967 1271 702 90
1048 755 1364 45 417 121 1924 719 1751 1689
1900 180 1582 4 1987 50 411 1457 929 1972
893 947 313 314 699 560 20 211 1785 192
1271 1280 530 1118 1703 187 963 702 1174 921
705 1482 1574 1490 1255 1147 145 1596 1065 569
1152 1929 749 1054 1760 671 330 436 601 1637
799 1803 810 464 735 1854 96 416 1564 1360
1886 563 695 198 1415 595 337 1385 1806 494
1247 1201 14 122 1203 1204 1142 203 1046 1996
1460 369 658 90 962 1663 963 690 293 1731
1157 804 1925 1388 1759 694 83 597 1400 266
1945 287 1257 1773 579 647 1186 866 1386 1266
950 321 1898 1312 1880 1307 655 884 1973 1764
391 1079 1410 1379 1529 1187 1275 1865 691 891
1075 1784 481 286 503 1359 938 768 1824 1055
1091 381 1059 157 687 1192 331 552 140 239
649 1897 689 296 1739 1227 1724 1920 9 1699
1691 76 439 251 798 1922 42 643 170 689
147 1397 100 1733 265 471 154 375 1923 224
139 160 786 1322 593 404 1532 491 3 1100
1114 959 1544 1072 1065 1423 1885 1403 875 1420
394 1704 130 220 1904 1503 1210 1839 1014 1611
1611 264 1546 1918 195 283 518 1503 130 1344
1836 1539 1992 912 29 664 1472 1501 1775 1825
201 23 1276 742 897 212 18 1129 1343 1298
1682 1193 1223 874 1813 472 1417 1802 1822 197
1106 364 88 1618 370 1863 904 696 787 1550
230 1616 722 242 1182 513 258 331 941 834
1218 855 1040 480 1325 600 158 1416 243 1014
53 900 372 1319 1856 1269 525 544 930 1326
466 438 1519 906 790 1942 450 125 933 38
1966 572 1376 1461 1320 1946 115 43 1681 1400
673 1097 1633 280 577 1411 913 734 1636 703
765 640 1493 1354 1510 1687 162 828 1881 477
1481 1873 538 346 1447 1489 802 1607 1170 334
367 1572 1115 1064 1235 753 1552 1202 1701 1390
166 1126 927 103 1558 807 693 1606 901 89
1099 594 960 1914 917 1284 462 1935 1217 1693
362 1947 1198 1284 646 651 1693 594 462 1361
1726 511 172 685 896 1358 570 1540 665 1285
26 1442 1906 534 1801 748 1294 1565 1656 1314
1880 1307 1513 126 102 884 1101 1312 1368 1819
591 1435 1444 450 1876 466 1019 125 1663 38
654 1666 1396 1515 1833 1359 63 938 1824 1761
1231 1418 307 508 21 1639 1624 237 204 245
1626 888 1437 1781 428 820 867 526 420 1858
817 766 93 617 1376 1946 1188 572 133 493
674 905 1502 49 1342 1618 1078 1612 743 370
1471 704 1473 1706 1427 1467 424 1617 642 415
140 1052 1589 281 157 1599 862 687 1548 262
394 1272 195 1765 868 1040 130 1325 793 985
269 1557 791 717 580 1736 402 499 1798 1387
844 463 1436 246 6 1038 1350 222 407 546
15 720 202 911 957 771 7 1117 1919 792
576 434 1949 1720 338 1212 138 1961 1323 142
1444 1862 451 591 1817 1006 1435 1663 836 1876
30 92 209 636 487 73 948 395 118 831
1402 1443 1883 892 320 2 537 1661 1124 1803
539 1568 207 1422 1843 1981 453 845 1559 1955
1717 517 770 1778 1978 1253 1323 1110 710 1349
1662 857 1659 1527 838 757 501 1608 1989 25
199 222 546 1711 1088 87 1350 1290 463 1866
1208 1083 498 90 962 1731 611 293 1870 263
1506 146 1143 1155 1468 106 1652 458 783 1951
8 1477 1753 618 515 123 1641 714 1196 1671
490 1732 1238 1105 1808 856 27 772 1741 1753
1140 547 104 1037 317 1094 1347 1563 443 1136
59 16 1297 567 1927 504 954 779 124 1469
99 176 1561 413 865 1254 107 872 1303 431
1286 1211 898 1379 1200 1041 1175 1321 816 711
765 1408 640 1853 1687 1911 1421 928 1567 1566
86 875 1114 155 870 1098 141 1420 427 568
952 1050 1044 1425 569 145 1545 1438 1168 502
60 1552 1563 1202 1140 1347 1030 1572 1094 1064
1587 6 1681 405 1436 1537 1921 1426 1016 1400
842 1943 656 916 821 47 347 918 1393 675
992 1218 1272 600 1325 855 1704 1014 243 394
1286 1410 877 898 1379 1033 1529 1321 1406 1200
1092 1591 621 758 28 781 127 650 1277 1270
1103 1662 1393 857 1989 656 916 838 1476 918
1425 1036 1438 145 1255 569 952 1574 1050 1984
1534 9 553 784 737 1694 1951 1739 616 610
1203 1872 122 1247 1820 178 25 972 1201 1603
1167 772 497 926 1815 74 595 27 1385 1674
507 964 1924 417 45 1364 452 1751 755 1184
627 740 1867 1900 1648 443 1246 645 411 1987
1168 1425 1036 502 1044 1438 1543 952 568 1984
1261 344 1736 269 499 1779 1536 278 1718 1383
1905 1013 1599 862 1548 140 1589 823 1859 687
505 1598 638 1494 468 797 327 1282 1243 620
601 17 749 969 1760 1152 1929 1881 1459 828
1075 958 1331 768 481 1790 1228 915 978 606
1532 1713 64 160 3 1512 593 159 786 907
336 1510 896 1354 741 685 633 477 172 1687
1221 389 1727 720 18 7 1069 1276 352 15
381 687 979 157 566 1375 1091 239 1192 140
1657 1372 493 1777 133 617 1162 1782 878 1946
113 843 1099 1935 1597 1845 108 1914 1977 1128
1985 342 549 890 773 169 750 1067 446 1917
1380 1841 782 300 1356 1191 1846 877 33 1533
1552 753 999 60 1202 367 1572 1037 161 1563
1574 1544 959 1255 1438 984 1490 1984 1420 968
1671 953 376 1196 1585 618 74 497 772 490
890 750 759 1828 342 1551 1950 169 1148 903
1187 1224 1445 1132 383 1111 1079 1665 1770 879
1620 1221 389 1727 1641 245 352 1058 1952 559
544 930 442 1654 372 928 1408 1911 116 1566
1230 1491 1650 825 1361 362 651 1074 441 1700
875 1885 1423 984 1403 1680 1114 578 1544 1899
1161 190 1150 935 1459 1912 601 1152 1463 851
1650 441 1700 1959 1491 1965 1230 1569 825 701
1055 481 978 938 1331 698 1359 768 1313 503
1378 1453 1134 1172 1696 661 663 226 738 275
1818 641 1536 1676 1718 1103 1261 1181 1989 1051
674 1612 1729 1475 1601 905 1011 1502 1263 1342
391 1865 1224 977 1187 1068 1890 1275 1631 691
660 1680 793 578 264 1546 1403 868 609 283
1252 1755 1588 684 298 136 1292 1570 1826 920
620 1702 276 1243 942 1137 468 432 1940 505
263 1928 1870 700 1026 119 1208 611 706 1660
1909 1944 469 270 1335 1207 1864 1341 834 258
482 469 1909 1207 1961 1440 325 1239 1335 861
353 806 1318 1381 52 1689 719 1474 121 724
1974 652 1179 1139 1338 751 1274 1709 1629 1219
1711 1866 1625 354 1244 1290 1025 1991 1831 754
19 1982 1683 1416 1716 390 600 366 1895 1673
1795 456 1847 62 1787 1456 626 1756 267 421
979 687 1059 331 1619 552 1131 1530 1192 1548
1042 127 621 1270 1591 781 1730 28 1277 200
1317 859 924 218 252 378 363 1855 1508 1313
1563 104 950 317 1030 760 1898 321 1572 1202
479 1642 1674 1411 863 1167 57 74 382 1815
334 538 1839 1611 1503 1918 1576 524 1210 1447
913 673 996 1636 1411 1158 57 1633 577 479
86 1420 568 444 1035 1114 155 1543 1984 1658
1001 1914 1845 1061 1935 1217 917 1424 843 594
491 1475 1628 404 786 89 1333 815 1612 593
294 288 1513 256 853 1005 1972 102 126 1368
1686 1262 1842 837 109 1997 471 632 500 1214
1043 918 916 1989 1077 81 656 641 1181 1393
1409 1204 785 1956 178 1201 1517 1203 1714 1608
1753 1029 856 1741 1690 714 1238 490 1477 1146
990 370 1334 88 1618 364 787 696 905 1405
478 876 1857 488 1478 1306 1915 447 1373 933
1538 114 1655 486 902 1404 1669 1476 731 1483
880 623 1163 1729 13 1653 1776 1263 1601 1933
1778 1978 208 1849 61 1023 1535 255 1734 297
33 1187 1770 1068 879 1445 1275 300 1869 782
557 1120 412 1234 1357 1923 1592 739 1617 1504
274 1972 1452 929 1309 180 653 288 1582 386
1420 984 1035 875 141 1544 1098 1885 1072 1984
521 999 1390 1572 760 1300 445 1701 1235 367
1696 275 1669 615 885 1173 747 1404 663 1538
911 461 202 792 826 235 1017 65 1919 1758
1280 702 967 187 1896 273 153 318 1174 548
1522 1273 886 1164 1737 1279 1757 494 1806 225
1357 1504 1112 1923 1412 557 739 412 1975 408
1138 754 303 841 1625 829 1724 1244 271 1797
1390 1469 183 567 1931 445 550 124 1701 588
219 767 1894 1627 1869 1874 782 1487 247 328
892 1803 168 810 1564 516 537 799 1021 874
1749 23 1180 897 1988 1298 470 1288 1758 1276
1000 410 1606 927 901 103 437 177 1558 807
128 1511 1389 718 229 1446 332 1 677 1369
267 626 98 277 1456 1597 113 1233 108 1795
212 742 1353 1343 70 1744 201 988 67 1360
646 1590 1908 1198 359 1287 462 1647 1284 594
1864 1619 1530 552 732 258 1091 331 1341 979
1445 383 545 1068 1631 1224 1665 901 340 305
748 1526 1294 1468 783 1906 1670 1518 1143 261
1378 738 1872 1076 661 663 1832 1820 1996 1453
290 1508 1313 859 914 606 676 1331 698 924
780 547 1246 1347 55 1030 1867 1140 443 645
684 1702 1837 298 1755 432 1940 1082 136 1081
1121 829 303 31 1884 10 262 1724 1699 1244
259 1728 1392 1087 1974 1215 1219 1179 1629 840
1030 1347 1037 780 60 1202 104 547 1563 1136
457 1448 1362 1980 484 542 1496 238 709 117
75 203 1996 798 1877 11 1247 972 122 244
1506 1155 1027 146 1468 783 1314 748 784 1652
1148 46 1992 903 1213 664 727 1828 1950 51
920 860 1826 390 298 1851 1837 19 295 480
282 1645 1450 1741 1315 1216 1238 1639 1651 1105
1581 1482 233 705 569 774 968 145 1827 1437
1144 903 727 1950 1992 759 46 1828 1067 801
173 1562 485 1954 1458 1330 1299 671 686 162
935 682 1073 1463 851 190 1161 1623 601 1912
384 1415 695 529 474 586 1806 94 599 563
969 436 601 330 1912 1929 1054 190 1459 1073
368 204 374 1462 279 508 1673 1982 366 1672
670 36 854 1896 273 1225 1193 414 153 548
146 1593 1652 1143 1027 1951 784 1506 610 458
210 535 1542 52 196 724 72 1242 353 806
1759 974 597 1875 1925 694 827 852 804 266
577 1605 1794 1622 913 673 1097 1788 1311 280
1431 524 1210 459 761 1839 302 1216 1447 1904
186 440 435 1241 406 213 79 908 645 648
1623 1073 1459 1190 1150 1358 851 601 935 1667
1657 635 301 34 878 1777 1355 1060 777 1372
1263 623 1109 1933 1601 1571 880 1333 1729 775
1464 1273 1119 1757 1737 886 944 532 847 1752
1428 1783 48 272 1492 1180 822 1288 356 1329
1454 1496 164 409 1362 1229 709 454 1479 1937
1047 1674 926 1815 863 1742 1095 1385 1319 74
1050 1543 1425 502 568 1984 1438 1420 1098 1036
836 726 194 858 1774 1901 658 360 1862 1480
1576 887 1199 1302 334 346 1918 1873 341 538
555 324 631 56 1994 746 1245 1488 361 1422
1801 805 1076 226 1565 1453 1696 661 1656 616
663 1404 1295 1116 1483 1669 275 1603 1696 1659
963 1731 702 318 1208 962 1118 1377 967 530
657 891 711 849 898 1211 1379 1033 691 816
185 0 458 1652 528 152 253 1593 794 756
189 1874 247 1994 1553 1580 767 1422 1955 746
399 355 1672 1570 835 1402 1661 1281 295 1588
1392 652 1974 1087 1219 1274 1139 514 1484 1338
470 1288 1125 1783 356 1165 1749 48 1758 1298
1903 641 81 1718 1723 918 1077 1750 1103 1536
722 1337 331 1192 991 1616 230 239 258 1091
812 931 1938 683 1249 1316 460 1584 637 1844
949 241 507 1892 1924 1889 1305 864 396 937
188 607 830 1189 96 1609 630 1695 397 416
647 287 1386 1266 1643 1761 1773 975 602 629
1111 1275 1068 1079 1529 1224 977 33 300 1445
697 766 612 1376 1010 93 1461 181 83 221
1695 1185 398 731 1609 188 1509 607 486 1655
1559 453 1623 1161 570 511 851 207 665 1358
1841 682 1063 1932 1533 935 1846 1463 1380 851
239 381 331 1182 1747 979 831 1337 1091 395
989 1417 854 1682 1802 197 1225 1154 670 472
163 91 316 291 1649 1395 1327 776 476 1979
1845 1424 803 1465 843 1466 1484 1993 1274 1099
1585 8 1671 1066 376 618 808 953 1768 1028
564 1434 483 662 791 573 278 1736 1819 148
1947 646 1002 1284 1130 594 462 1908 362 960
341 1302 1907 887 1170 801 518 727 1576 1610
816 1555 1321 1211 1033 707 898 377 1286 711
972 1614 14 1204 1247 1203 1104 203 1046 1766
1563 60 1552 1037 1572 1140 999 1064 1094 760
1046 1204 972 122 178 1201 1820 1247 25 1104
1104 1956 1203 1201 1409 972 14 1766 1614 178
582 1887 1934 1250 1262 1686 433 632 734 500
1377 318 1868 153 144 1870 80 702 36 736
1944 861 1085 1909 1332 873 325 1084 482 1239
962 1026 1083 1870 1731 1174 1377 119 263 90
554 1277 1507 1369 625 1734 1717 1978 1389 1253
1159 524 1904 761 1839 459 220 985 1096 1635
816 1033 711 1200 1175 898 707 1379 657 1286
1323 1949 715 138 517 1018 496 338 770 1253
46 1344 283 1144 660 51 664 727 341 518
109 1262 632 1887 961 1964 1710 1997 1983 1668
259 840 510 1139 1629 603 1728 823 1800 184
1315 365 1431 459 282 302 1159 1146 1450 216
1424 917 1465 429 1845 628 1099 1993 1001 322
480 992 600 390 1040 158 243 1851 1325 1416
1392 514 1738 1179 1274 1728 1139 1692 1484 1087
1489 216 94 599 474 802 1651 778 1450 1481
1727 1069 123 1058 1620 1641 1952 1477 389 7
540 1301 1644 509 584 837 476 795 32 1395
1813 874 989 472 1802 1486 168 1374 1193 1417
1079 1865 1631 1068 1132 1187 383 1445 1275 1890
1417 430 36 764 1154 197 1193 670 1398 144
1811 708 523 1525 889 839 1810 170 54 257
649 1897 1699 1724 980 303 31 1260 737 1739
958 915 1497 606 1790 1707 1810 1055 839 1331
592 454 1792 1166 289 1586 1496 409 1362 422
651 1071 1650 1491 1361 362 1074 1959 936 1700
1008 21 374 559 245 508 811 279 204 533
743 1618 85 787 49 1550 1371 907 1499 1713
1767 277 98 82 852 626 1875 1128 267 1795
557 1467 1112 1617 412 1264 1891 1592 1357 1706
1701 367 1931 866 999 1390 753 161 1115 1257
869 14 1766 1614 1971 465 899 1265 1784 1793
583 929 520 50 1457 1309 240 386 180 1113
1029 1732 1741 1651 1808 1105 1146 856 778 1450
873 345 325 728 672 1961 388 1720 1085 1556
1921 1630 813 1800 199 840 6 1629 234 405
406 440 435 1160 186 112 240 908 79 213
724 120 1751 1549 1542 814 121 1364 52 1156
1698 1082 432 1282 797 1837 1702 620 1053 1851
829 1866 1088 754 1625 1859 1804 1290 1121 1884
361 1488 1964 1710 631 66 1171 265 56 375
1867 1136 547 645 740 1049 443 55 627 780
972 122 1046 1201 1872 203 1996 1142 1203 1877
248 1764 148 573 1898 655 1300 1312 945 588
1316 1816 1584 1183 1844 812 1938 1930 730 460
752 1939 1934 1285 1540 1205 582 1887 236 423
948 1913 729 191 1879 489 1697 424 487 209
355 1292 1081 1588 1570 1755 298 920 835 1968
1717 1349 517 715 1023 1323 1369 1778 1446 1212
1561 894 107 676 1391 99 1032 1771 176 914
1574 1065 1438 1544 1044 968 1984 145 1425 959
329 12 1455 1470 608 175 233 1858 774 1781
1945 975 161 866 579 1773 1235 287 753 1931
1487 850 693 328 1894 1664 775 807 879 1770
1812 311 957 808 1919 1289 1763 1960 589 771
1699 756 925 475 31 10 1227 737 309 1897
1383 1051 269 1676 1818 1531 1077 499 1536 402
632 1214 1102 109 1887 1997 1205 1686 500 1842
1163 1729 1601 623 1571 1333 815 1078 1109 1475
1467 415 1234 584 1706 1891 1471 1617 1012 1427
465 1971 203 75 244 14 1705 1236 1614 1754
629 1773 647 1541 1643 1186 227 1888 678 579
1554 135 1916 882 1746 1414 729 1789 69 677
1807 1345 1688 20 1756 560 314 179 1514 456
900 1735 525 1326 993 53 1860 1370 1615 1856
1499 127 1371 1092 621 1550 200 907 1232 1042
967 360 530 921 1703 963 1480 369 658 1280
868 1014 1765 1040 1325 531 692 1640 195 130
1119 1279 1164 1737 1464 1757 1522 1967 886 1752
1338 1484 1179 1219 652 1087 1738 1466 803 1465
1187 1529 300 1410 877 977 1111 1079 1224 33
23 18 988 1988 1749 1058 1125 15 720 897
1209 1507 1734 781 554 1730 1042 625 758 1978
330 1495 745 1929 228 436 1637 326 1740 1152
1273 1737 1967 1370 494 1119 1735 1522 1806 1164
1118 967 187 273 1703 702 530 558 153 548
1672 399 1969 320 368 1402 1178 1462 1661 1443
644 797 1698 243 1995 1310 1243 1640 327 638
1316 730 1584 335 214 1938 1791 1551 446 955
462 1947 594 1198 646 1002 1001 960 1693 1908
752 1861 1250 667 1934 551 172 1540 1939 236
1033 1041 1406 1321 1379 877 1846 377 898 1200
809 1647 1908 359 319 1590 1977 1986 101 1130
1749 1180 356 1758 1125 1783 1165 1492 48 1743
1960 808 1768 1259 1585 1812 1763 311 1809 1311
87 1866 234 199 1804 84 1088 1244 1025 1859
1890 305 1631 215 1613 909 598 1865 132 545
1252 1968 1755 1570 1441 1081 1600 713 136 835
414 1384 824 1578 548 688 418 670 854 1719
1442 1133 1906 1518 1926 748 26 1004 895 1526
1603 663 1173 738 25 1820 1483 1659 275 1669
252 387 218 363 919 378 1317 1093 63 654
1583 504 393 1927 1031 1714 899 16 59 1766
1382 897 470 1125 1783 988 1180 23 1749 1500
1562 671 828 162 173 1760 1493 1954 485 749
1764 521 760 588 1115 445 1248 945 1390 248
509 837 1842 1222 1644 795 540 500 476 77
887 1199 1610 801 1170 1907 346 1938 683 341
99 666 865 176 1780 131 1032 407 723 1771
706 556 1621 1351 700 1723 1928 1660 263 1306
949 864 241 396 1889 1823 1494 956 1184 468
706 556 700 478 611 1107 304 447 1304 263
1005 1880 1312 884 976 655 1513 102 1819 126
456 809 319 1345 101 62 1688 1456 1986 179
583 386 1113 929 180 1452 274 1237 50 653
1995 327 150 1640 870 638 1282 141 155 692
819 57 1622 953 1768 913 1960 1289 1158 74
655 1880 1898 1307 976 1819 1005 573 1248 1764
698 1331 1135 1317 859 1508 938 1075 1093 63
783 616 1565 553 784 1143 748 146 1906 1004
1639 1216 307 302 1645 1624 1146 282 459 365
1283 1249 1584 1816 730 955 1938 1183 335 1930
1093 252 363 859 63 698 1313 654 218 1296
719 1086 1689 634 353 681 806 1381 604 1901
372 1742 863 544 993 1385 1856 1167 1674 930
115 1681 1966 995 1426 43 723 407 951 572
377 1340 1200 1555 1406 1286 1033 668 1041 1932
679 983 139 1606 404 437 1558 160 786 593
1212 1349 138 715 517 1253 1023 770 1717 1018
1990 1433 941 1595 230 1697 1789 242 513 991
992 531 1040 1272 243 158 1640 644 1014 1218
1976 900 1860 1269 1615 53 1566 1567 1735 1363
1882 800 291 769 163 249 712 65 1194 91
1348 67 1969 533 1353 811 279 1744 1462 374
1878 470 1547 1783 1382 789 1428 333 1429 1180
1516 485 1637 173 1149 671 745 749 1562 1929
1055 1313 1075 481 938 606 698 1135 1790 958
861 728 308 1762 873 1692 1207 624 322 514
815 775 1601 1263 491 1475 1163 1100 1571 89
88 1405 370 1975 1106 543 922 934 408 364
1440 469 482 1715 834 315 1084 1085 496 138
220 1904 1716 761 1683 1895 1635 855 1704 237
487 831 1616 1182 395 230 209 239 1192 991
1466 652 1274 751 803 1346 1087 137 1179 827
159 165 64 907 200 1713 1499 1056 85 1512
1932 1321 377 231 1406 326 1912 668 1463 1555
1864 1944 624 527 1909 732 97 1530 861 1084
743 674 1612 1011 1532 1628 49 1512 1475 1078
201 1129 70 1360 1500 1854 988 742 897 1401
51 1213 660 46 283 264 518 609 986 727
1688 179 1268 1756 1308 456 101 1807 809 560
1466 137 827 751 1338 652 852 803 1709 694
780 1140 1136 1037 1030 547 60 1246 1563 1202
1353 1969 320 67 1328 2 1462 533 1443 279
1446 1253 1323 715 1717 1369 1684 380 138 1023
1991 1367 844 546 1524 463 1413 1025 1016 1711
1621 1304 1779 556 1718 304 344 1723 706 1536
129 1953 373 421 82 1910 744 312 1785 1520
1348 67 1129 1744 1328 2 212 533 811 352
1510 1687 997 1057 336 765 477 741 217 640
301 1805 571 403 34 1902 777 1162 1855 635
300 1529 877 1063 33 1846 1841 1380 782 1275
1120 412 739 557 1112 1504 1412 339 922 1975
685 1623 1667 1003 1161 17 511 1459 477 1190
938 978 1075 1824 1007 63 698 1396 1666 654
70 537 2 1343 810 1803 1854 1129 67 970
1693 651 1230 936 1650 1959 1700 1958 1071 362
1496 1141 484 1448 709 1166 457 422 1229 1792
522 613 400 1860 1976 1615 467 392 1962 1326
121 1751 45 964 719 1242 417 755 724 120
581 561 1492 238 822 351 1646 1980 48 1835
349 764 675 1407 1398 788 821 1943 430 1957
1350 865 1413 844 1524 666 176 1991 413 463
1819 102 853 1505 662 1005 1101 1434 1786 1307
1446 1717 1209 554 1507 1389 1349 1253 625 1978
494 1279 525 1735 1886 1269 1806 1967 1856 900
1499 1550 127 1270 787 1232 1863 85 1796 621
1060 1777 1782 133 493 43 951 1946 878 1657
876 1528 1478 1857 1399 171 605 426 1519 256
1685 1486 516 1883 1848 168 472 1223 874 1498
566 284 1970 1059 585 1769 794 381 1579 157
766 995 572 1461 1188 612 1946 1010 697 817
1206 80 318 1870 119 1208 1174 144 1449 153
1134 738 1076 661 226 1832 1453 663 1172 1872
898 1033 1410 977 1041 1175 891 1286 1529 391
1841 1063 1627 151 782 1869 1356 33 1533 300
1480 1474 1901 681 1086 806 194 1318 921 726
1298 470 789 1783 1401 1329 333 1878 897 1500
1261 1818 1676 501 1531 402 44 269 499 1051
688 1578 418 1293 1719 1441 72 414 535 1498
198 1742 595 1319 926 1886 1856 1167 971 563
602 1186 287 1643 647 1761 919 1515 387 1266
881 1557 124 580 1798 945 779 791 588 148
1400 1925 1461 974 1537 804 83 1966 1681 1587
1446 1127 332 128 1369 625 718 1209 1511 1
1122 445 1701 1115 1931 1235 183 521 1300 1469
914 894 1902 571 1254 676 1805 1941 1508 107
1179 1219 1728 514 1139 259 184 1974 1762 1087
1476 1043 1662 656 916 902 114 1039 1989 838
1658 285 1543 502 568 444 943 956 1168 1098
316 476 32 540 509 1194 401 1222 163 1301
1007 1666 1833 1888 1745 1824 1515 1761 1359 871
982 1891 147 224 100 1923 471 557 154 1264
788 1868 430 764 1366 1871 675 144 1225 36
1528 171 1373 605 653 426 1857 260 310 288
1388 1537 1587 1925 1681 804 974 266 1038 1461
416 789 333 735 1500 1382 630 1854 1298 1343
1661 1021 1883 320 1178 1443 1281 892 1672 1685
578 1423 763 1072 1680 984 1080 1885 959 609
1538 1669 902 1173 1483 1108 1476 1116 486 1655
543 1334 934 370 1502 1776 905 1106 1653 88
1846 1286 1340 377 1932 1321 231 1463 1041 877
349 1366 1957 1509 764 398 1822 821 1439 347
1911 928 1566 1687 1034 217 1853 930 1070 1567
1104 785 1956 1432 1204 1517 178 1714 1608 44
1041 977 1379 1275 1529 877 898 691 391 1286
1636 57 1097 1095 1642 913 479 996 382 703
206 1923 1120 100 154 557 1975 1357 408 1504
1991 1524 1367 413 254 431 1350 1831 865 519
882 1721 659 339 1916 1267 135 1554 455 229
1806 695 1151 529 971 1522 494 474 1119 563
600 1683 1089 855 390 480 1716 860 992 1218
1225 1193 1682 197 1822 764 989 430 1223 1957
204 508 237 1008 1673 1895 1982 1635 1624 1231
467 1752 512 1737 400 1967 24 847 268 1464
1984 1114 1098 568 1544 1035 1168 1065 1438 984
182 357 1853 640 1034 725 1493 323 1567 306
1994 1568 539 189 1022 1177 1955 361 1171 207
1072 1403 959 763 578 1799 984 1544 1680 1065
1465 1217 1993 917 1195 1845 628 1484 1099 322
1050 1044 1168 1036 1438 502 1984 568 1255 1543
1681 246 1320 1966 723 1537 1038 1436 407 115
415 1471 1473 1012 419 1604 401 1467 1264 704
272 1547 1165 822 48 895 1329 1835 1783 1180
630 333 1722 397 425 1878 789 830 1329 1547
1834 532 944 596 1840 1930 134 1816 818 1844
1159 524 1216 365 1447 1481 459 302 1210 538
1517 1409 785 44 1632 1531 717 402 149 1608
513 315 1324 639 242 1595 1990 1715 834 230
1786 1197 449 564 662 278 1368 304 1505 483
1006 1876 1444 591 690 1663 1817 1019 450 790
6 1016 1038 405 813 222 463 246 1426 1921
1581 1626 1009 1827 1781 420 608 12 867 1147
1255 1065 1574 1044 1984 1425 145 1168 1420 1050
1451 1822 1609 464 1509 1957 607 1407 1813 1564
1335 469 482 1715 1949 496 1085 1961 138 325
541 1498 1719 1968 1936 1292 713 1578 1384 418
1294 1004 1926 534 1518 26 1948 1906 1560 748
1021 320 537 1969 2 67 892 1402 1348 1281
1006 1435 1663 1019 1862 1876 1817 591 1460 451
1132 1770 1068 1665 879 807 1111 1224 901 383
1369 1389 1349 1127 332 1675 1684 1253 1717 1511
538 1481 1431 334 998 524 1873 802 1159 1096
457 1141 542 1362 117 484 106 422 253 238
1928 736 80 1750 119 1723 1660 1870 1377 1903
1651 216 1146 282 1808 365 1216 1220 599 1238
464 1439 607 799 1564 1822 1609 1813 1509 1957
653 1113 260 386 379 1309 274 426 1399 41
1696 275 1076 1656 663 1378 738 1172 1116 615
1479 1166 1496 164 409 709 1575 712 1362 1602
774 12 1256 1545 233 1581 608 952 569 329
62 267 1986 1597 1128 1090 456 1308 809 626
240 50 1987 648 929 908 520 1237 965 180
686 1954 1149 1562 205 323 357 162 173 250
601 17 1161 1667 1073 1152 1358 1054 1881 477
1663 973 690 90 1817 658 369 858 1876 1444
1388 1966 995 1376 572 612 1188 1925 83 1400
1153 279 1969 368 1348 1672 320 374 533 1328
682 935 231 1932 190 1150 1912 1191 1073 1846
944 1164 1752 1273 1757 847 95 1840 532 1737
1424 1845 1993 1217 1195 1484 1738 322 1274 803
803 1338 1346 652 137 1195 1274 1484 843 751
1264 1234 1617 1706 1012 415 1427 1471 1891 1592
106 1133 1143 1027 1506 783 1526 117 748 146
1122 550 954 183 567 227 1931 59 1031 124
175 1858 329 1781 1256 608 12 526 1626 1009
1012 1473 1427 642 1706 704 1604 419 1937 415
946 1775 29 565 1836 619 987 1917 912 867
704 1471 1012 1427 642 1937 1604 680 536 424
1677 1381 806 196 921 1725 1480 52 1703 1086
1612 1100 1628 1078 1601 1333 1263 674 1342 491
1393 1483 902 1108 838 1662 114 1659 1404 1043
1952 1641 1690 1028 714 1753 123 1221 1772 1105
605 1373 1915 1857 256 1107 853 1505 876 426
1454 709 1602 1646 1980 1575 1882 164 712 1496
1381 194 1901 921 1703 1474 360 1271 681 726
998 1447 365 1431 802 524 538 216 1489 1220
968 1147 705 1827 1596 420 1501 1581 1490 1437
1476 1659 1404 1173 1669 1295 838 902 1108 1603
1993 1738 514 1274 1465 1195 308 1424 1179 1219
71 116 703 633 1654 551 382 442 1861 217
472 1374 1498 1802 541 1223 418 1578 1848 1685
328 1258 850 1894 879 1869 1770 1123 767 807
1710 1245 56 265 66 1733 375 1171 574 631
1220 802 94 1607 474 998 1481 384 216 931
1596 959 1799 1574 968 1825 705 1065 1482 763
825 1071 1230 1650 1074 441 846 1965 1361 1700
48 561 1365 356 1165 822 1288 1743 883 1646
765 997 162 640 1299 182 1421 828 1034 357
468 1823 1053 1598 1712 864 505 1305 1889 638
668 1278 326 1740 228 330 436 5 377 745
1362 1166 1454 484 1141 409 1792 709 1229 1479
839 958 1228 1810 915 708 223 257 1790 1226
541 418 1486 1968 1441 472 1578 1848 1374 1384
1371 1270 907 165 621 127 159 200 85 1232
1854 1401 201 1343 897 735 789 1382 1298 70
1596 29 912 1825 420 1482 1799 987 1827 1539
905 1011 1776 1405 370 1078 543 1729 674 1601
1839 1611 394 130 986 1918 1096 195 985 334
739 1120 922 1975 1357 292 408 1412 88 206
853 1915 1368 102 1786 1478 662 256 1434 449
106 1027 1143 542 1468 1652 1155 253 117 146
554 1978 1209 1277 781 1734 1369 1717 1730 61
1135 914 676 290 859 1313 924 1941 1391 1855
398 1957 1407 1439 1609 1189 349 607 1451 1822
1057 1881 1354 477 1667 765 997 336 685 896
677 1127 332 128 1746 1675 229 1990 1916 1446
1713 85 1532 1056 743 593 159 1628 1342 3
1005 884 126 294 102 1101 1307 4 1880 1582
192 1807 314 20 1268 893 1688 560 947 179
654 1007 1761 919 1833 1396 1643 363 1386 602
1637 1330 485 745 671 1929 173 749 1278 969
1608 1432 44 785 1409 1531 178 1104 1527 717
1526 895 1294 1948 1442 1835 272 1133 1926 1670
994 1528 906 1942 171 876 438 310 933 1373
83 373 312 597 129 1953 221 1875 1352 1759
1534 910 661 1694 805 226 251 439 643 1045
1119 1806 886 1273 225 1757 1279 1415 1164 529
1540 1668 665 1843 423 570 1939 1559 1981 961
1991 1413 1350 1831 1367 546 413 865 1711 463
54 1226 1810 170 708 1811 257 42 58 1922
1133 1518 261 1670 748 1835 1468 1294 895 1442
1608 178 1024 757 25 44 1659 1203 1517 501
1373 1519 171 1399 310 876 260 906 41 426
1275 1356 877 1410 300 977 1187 1041 33 1379
732 1864 552 1548 1131 1341 232 1091 1619 97
402 717 1383 44 1517 1261 269 1432 1676 501
1056 786 593 1512 1628 1342 160 1713 743 3
151 851 35 1191 682 1841 845 1380 1063 935
910 1045 9 1521 1739 1694 689 251 805 737
208 1849 848 61 1110 255 758 156 650 1734
1718 641 1077 344 1818 1051 1903 1261 1621 1181
1400 1681 1587 1388 804 1038 1426 405 1966 1436
1404 1108 1655 486 1669 902 1573 1695 885 1116
664 987 51 1825 609 1799 763 1992 912 1501
1939 1523 1250 665 423 1285 570 1726 1003 752
678 1888 871 954 1266 629 1745 393 227 504
72 1156 1850 210 1242 814 52 535 1936 724
502 1168 1394 568 1658 1098 1050 444 1425 285
1065 984 1255 959 1984 1423 1114 1420 1072 1438
569 774 952 1455 233 1036 145 1147 1044 12
264 195 986 130 1611 868 793 283 1080 660
895 1428 272 1329 1878 1948 425 1722 1926 1429
552 140 687 1530 862 1052 732 232 1013 1091
716 120 1751 1242 814 1748 348 1850 452 1542
1371 787 1863 1232 1618 1270 127 904 990 1796
214 1791 750 890 759 446 1067 1283 730 1584
1064 1202 1037 60 1572 1563 999 753 367 1140
1933 189 1874 746 1177 1994 555 247 1664 880
1267 1746 677 1789 135 1916 1414 1990 729 1511
1200 5 707 668 1321 377 1740 816 1340 1495
193 576 1569 434 672 1720 701 345 338 1700
402 1632 717 1015 1798 1387 791 580 779 269
89 1000 491 1606 927 404 166 1126 693 1100
1190 1843 570 665 453 511 207 1022 1523 1623
1722 796 425 1926 1948 534 397 1442 1638 1573
1254 1032 1707 107 872 431 176 676 413 99
1954 1299 485 1149 173 686 671 162 1458 828
1572 1202 1094 1037 1552 1030 760 104 1140 60
464 1813 168 1124 1803 1451 799 874 970 1439
1801 1906 616 1314 553 805 783 1172 1004 26
1567 928 1408 930 1853 53 725 1326 1034 900
1566 1853 725 928 53 1962 1034 1421 1976 1326
1981 1022 1422 1983 539 361 1668 1843 961 1964
1965 701 1556 434 193 1074 142 441 1700 1720
1848 355 1252 835 1588 1292 1178 1968 1081 920
815 775 1263 1163 328 1664 1933 623 1333 693
1563 1552 999 1202 1115 521 367 760 1037 1064
885 1655 1638 615 1538 1669 1695 1116 1108 747
1255 1065 968 145 1438 705 1490 1044 959 1544
712 1602 769 164 1882 1479 1454 709 291 1327
1170 341 887 1918 334 1199 538 1096 518 1611
574 934 408 206 13 543 1776 66 1653 56
418 1384 541 1719 1293 1498 1486 1802 1441 688
585 475 262 281 1589 10 1970 1375 309 925
219 1955 35 767 1177 151 1627 845 1874 189
1147 1437 12 233 774 1827 705 608 1482 1626
965 4 1972 126 411 180 1900 294 1513 1113
1297 899 504 1714 393 1766 1927 1956 143 1614
730 1283 1316 1249 1938 1816 214 1183 1551 1610
1196 808 953 618 8 1763 1768 1066 1289 376
1963 1792 422 152 289 833 1229 484 592 528
1038 1400 266 1537 405 1921 804 1681 562 6
920 1081 1252 355 295 1570 298 1826 1145 1178
281 1013 1579 262 157 1599 1052 585 687 140
1130 359 1287 319 1647 646 1908 462 101 809
1042 758 781 28 650 1092 61 848 621 1277
69 1617 412 1879 1706 339 1112 882 1913 1234
185 610 1155 1652 1951 458 756 925 1176 784
909 492 940 891 691 391 385 1890 1613 1865
1990 1324 1433 242 1675 315 941 639 1789 1746
1490 1501 1825 1827 1482 912 705 1799 968 420
113 1977 1986 1935 1456 1061 1128 1647 267 98
1053 505 638 1494 427 797 1823 327 1712 468
262 1052 1884 1859 829 1013 1589 281 1905 1804
136 1936 713 358 1850 1755 348 1292 1441 1940
1612 1263 1078 1333 1729 1475 1163 1109 1502 623
1479 1575 1646 709 351 1882 1814 883 1980 561
1295 25 757 1820 663 1173 1659 738 1046 1483
536 614 1937 1473 401 419 1427 1471 164 642
1158 1788 77 762 577 1794 371 495 673 280
1126 437 679 927 1558 1000 1322 404 177 410
1489 94 931 384 1873 683 802 637 474 998
178 1527 1517 44 757 1024 501 857 1409 1432
607 1439 96 1185 1509 1189 464 1451 830 188
1938 1302 1907 887 801 214 1199 1584 346 1283
986 1503 1918 130 1546 1096 283 195 1576 518
1475 1601 1342 1078 674 1628 1011 1333 1100 1729
132 215 1291 1890 350 940 305 1594 909 1830
1236 1766 1201 14 899 1971 1204 1265 1956 869
1976 1860 400 1363 522 1962 1326 1735 1269 1567
991 1337 489 230 487 941 831 209 1182 1697
1467 1706 1592 1879 1234 69 412 1012 1264 1112
787 1232 49 990 1011 1550 1106 743 370 905
258 1864 270 1131 722 331 1091 1530 1084 1182
1069 559 352 1221 245 21 1952 389 811 1641
1351 1304 706 1660 1723 1718 1903 556 304 1536
1960 1311 1158 1768 1794 819 1809 913 1289 1788
1161 1190 1358 453 1150 570 511 851 1559 1073
302 1635 459 1639 1315 307 237 1008 761 1418
1088 354 1866 754 1711 1831 1244 1797 1121 829
1009 1781 1437 608 888 1858 420 526 1581 12
151 767 1380 1869 219 1123 1580 782 35 1533
1475 786 1100 1532 593 1342 1612 1512 674 1078
1630 840 1215 1974 1139 259 1240 1800 1087 562
1629 1974 1709 1240 1921 562 840 266 259 1087
305 383 1224 545 1291 1132 1890 1865 1079 1068
1798 779 1557 717 149 402 1432 1387 1927 785
667 996 703 236 1636 734 1097 673 1934 71
1952 1772 21 1645 245 1690 307 1639 1008 1477
1904 1624 1895 761 237 1336 302 1418 459 1210
1642 1411 1097 703 1633 382 71 996 479 1095
1516 1929 745 1330 1278 749 671 969 330 485
1695 1573 885 1655 397 796 1538 1722 188 1560
1315 307 1645 1624 1008 282 1772 1634 1146 302
531 1995 692 1310 243 644 1325 1282 150 1272
1477 1727 1221 1069 1952 123 515 714 1028 245
1636 1095 382 1674 479 442 1411 863 71 703
1833 647 1761 1266 1186 1386 1515 1888 629 871
224 1301 1222 540 584 1842 1891 471 147 415
1146 1634 1639 1315 1772 307 1741 1690 282 1952
351 1980 1602 1479 561 1365 1814 709 883 238
1287 1977 1908 1935 1597 462 1986 1590 319 809
411 1973 884 4 1900 740 1049 321 443 126
1788 1979 91 762 1194 776 77 476 589 316
1074 1700 1071 441 1230 1361 1491 825 1959 651
1450 778 216 1808 1238 1220 599 282 1146 1732
1155 1593 458 1176 1027 1506 185 253 1143 1951
13 1776 1109 324 1729 623 1577 880 934 1405
442 382 1485 1070 116 71 544 1911 863 703
1573 1695 1538 1108 731 1638 486 1669 114 885
615 747 1696 534 1453 1801 275 26 1004 1116
1060 1162 1777 635 878 1372 301 493 133 1782
1394 285 444 956 1543 943 1098 1712 86 568
1483 838 1024 757 25 1295 1476 1603 1662 1527
1928 119 1723 263 1621 1449 1750 706 1304 1903
1685 1402 835 1883 892 1178 516 1281 1021 1848
1989 1024 857 1043 1393 838 1476 1659 916 501
1460 1444 1876 973 1817 690 658 1435 1862 90
247 1933 328 1874 1553 1571 1258 775 767 1123
901 103 1445 879 1132 807 340 410 1068 383
1007 1824 1396 1793 1745 1833 871 1888 143 1359
477 1881 17 1459 685 1358 1510 1057 896 1161
961 1523 1981 1983 423 1568 1843 1887 1214 1964
1404 1116 275 1173 1483 1538 1108 615 1573 1655
261 1835 1526 581 1133 822 117 1518 895 1468
490 1066 1196 1753 856 497 618 376 772 8
1281 399 366 1462 368 1178 320 1153 295 1402
1683 508 237 1982 1418 1895 204 1153 1089 366
1167 1642 863 1095 1815 479 1742 926 442 1319
332 1684 380 1595 639 1511 1446 1990 315 1349
501 1818 1383 1261 1077 1989 857 1531 44 1103
196 1725 558 1474 210 824 688 52 535 1703
1844 886 1930 812 225 532 460 1757 637 1164
111 718 904 1730 1796 625 554 1 1863 696
578 793 1080 1899 1403 1072 1765 1885 264 868
1537 1426 1320 1038 1400 1966 1587 995 1388 115
989 1822 197 1417 1957 1193 1813 764 1223 1439
1673 1716 1416 1895 1089 1336 1982 237 855 600
639 715 380 1675 332 496 1349 1446 1389 138
1661 516 1374 835 1848 1883 1968 892 1498 1402
433 500 1102 837 1205 1262 495 582 632 371
217 1354 336 765 1408 1034 640 1911 997 741
1345 1268 179 1807 20 560 456 1308 1756 101
719 634 1318 1086 604 755 353 121 681 1364
1952 1772 1477 714 1105 1634 1741 1753 1645 1641
981 251 1922 1920 42 54 76 170 689 439
1738 308 1762 514 1332 624 861 1219 322 728
1361 936 651 960 1947 1284 1001 1958 429 362
910 616 1534 9 805 1521 1045 226 553 784
1189 1638 1655 731 486 188 1538 1185 1573 1108
1453 1116 275 1656 663 1076 747 615 1172 1173
941 729 1789 489 1324 487 230 1251 1990 1616
432 1243 644 1282 797 1851 158 1837 243 1702
10 1260 31 1227 1897 1724 303 475 1138 925
1959 1650 1074 1958 441 701 1361 672 1569 1556
1235 367 1390 1931 445 866 1115 999 1122 521
432 1137 1082 1940 942 684 620 1243 1837 1698
921 1480 1280 967 1271 1725 1474 530 187 558
985 220 855 1904 1716 1040 600 1336 394 992
244 1754 503 75 465 223 768 721 68 1265
1617 1012 1467 1471 1592 1264 1879 424 704 1234
872 915 1561 606 431 1228 107 839 676 290
1965 1893 1821 193 441 473 846 142 174 1569
1630 1974 266 751 562 652 694 1087 1921 1346
1964 1488 375 1983 1245 1733 1214 1997 109 265
1088 546 1831 1625 1866 1991 1025 1524 354 1350
943 427 444 1823 1494 956 1598 638 1658 155
907 1512 1056 85 743 64 159 1532 1339 1232
149 1927 785 1583 1956 1297 16 1104 1409 779
496 1440 1335 639 315 469 1433 834 380 513
1895 600 1683 1336 1704 855 1089 1416 1904 1635
1023 1253 1369 1978 1349 1507 1778 1209 1323 517
1536 1181 641 1903 1351 1723 1077 1621 1051 344
1578 1384 1441 541 1936 713 72 535 688 1293
434 576 325 345 1556 1961 1018 1239 701 672
1414 1 229 455 659 1916 128 111 882 696
1560 425 796 397 1429 1926 1948 1638 1547 1878
1660 1903 1449 1304 1928 1718 1621 1181 1750 1351
303 841 296 1227 649 980 1121 1699 1138 1897
1677 196 921 187 558 1474 824 1703 806 548
1003 896 511 172 1540 1285 665 1939 1861 685
1221 123 1069 1641 1058 7 771 720 515 389
184 1139 1392 510 1219 97 259 1215 1762 514
1263 1078 1109 1601 623 1653 1776 1163 1502 905
554 1679 1796 625 1277 1092 1507 127 718 1209
1174 963 962 369 702 530 1208 90 1026 973
1029 772 1238 27 1808 490 778 856 337 1651
1997 375 982 265 1710 147 1488 471 100 109
1978 1507 1277 781 1778 61 758 1849 1209 1110
1269 1967 1860 1370 1279 1737 494 525 1615 400
564 499 1051 278 269 1779 1015 344 1197 449
1279 1119 1273 1967 1164 1419 1735 494 1464 1522
514 1692 308 1484 1219 1993 322 1274 1465 1762
1534 689 9 980 737 1897 1920 649 910 1045
228 5 668 1495 1555 1278 326 707 745 330
1772 1105 1238 1690 714 1146 1645 856 282 1029
1385 1319 926 1856 198 1167 372 1674 863 1886
461 883 826 1814 792 356 1492 1758 1288 1117
1353 212 811 742 1328 352 1129 67 389 533
1888 871 1824 143 1666 1396 1793 869 393 1833
1789 1554 677 1267 1916 1511 1990 729 1595 1697
395 239 831 381 1192 636 1769 566 587 1337
939 452 937 1549 417 716 1751 942 276 120
1288 1125 1988 1758 1276 792 1180 23 1298 911
80 736 1449 1903 1871 1660 1723 119 81 1181
120 1364 1242 1549 417 452 45 1748 121 724
1464 1419 847 24 95 467 268 1164 1273 944
714 1105 856 1028 1477 1671 1690 618 490 1029
1705 503 768 1790 244 721 223 286 481 465
136 1081 1252 1600 1292 298 1137 684 713 1588
560 456 1268 1787 1345 1090 947 62 1688 699
886 1164 225 1273 1464 1522 944 1678 1119 532
911 1988 792 1749 356 1288 1125 1180 1743 1117
1157 1875 827 974 597 852 694 1767 83 1520
828 1881 671 749 1054 1299 969 1493 17 997
1515 1643 919 1833 1186 1386 1396 1888 602 1266
624 1692 527 1332 514 861 308 1392 97 184
515 808 771 8 1585 1289 1259 957 618 311
1300 1248 760 1898 950 248 655 976 521 1312
1899 868 531 793 1272 1014 692 195 1680 1325
899 1236 1614 1956 1583 14 869 1204 393 1297
1233 82 277 626 129 1875 852 1759 373 421
1960 808 1289 819 953 1585 1311 1622 1196 376
566 284 794 381 1747 1375 833 587 239 1970
1445 1111 1894 879 1487 33 782 807 1869 1068
1780 777 34 571 99 878 894 1254 131 635
1634 1690 1741 1645 1952 245 714 1639 1477 1105
579 1945 1266 647 227 629 975 1186 287 866
299 836 726 1169 451 1862 194 681 858 604
1472 1838 1950 169 619 1836 987 1992 1917 1828
1653 1502 543 1109 1405 13 1577 1729 934 905
1782 1372 1657 878 635 131 1060 133 951 1162
1110 1978 1734 1023 1849 1717 710 517 1253 61
344 1351 278 449 1051 1736 304 564 556 499
1771 131 878 1303 99 951 666 176 34 777
1858 1626 1009 608 1470 1437 526 12 820 1581
951 1777 43 133 1372 115 131 723 1946 572
470 1165 1180 1382 1329 1298 1288 1878 1428 1125
286 1824 978 1793 869 503 465 1971 1236 1359
744 699 1787 313 421 1847 1829 1352 211 1910
1434 1915 449 304 478 1505 278 1368 853 662
1847 1756 699 1795 1785 1090 421 947 560 456
1649 762 1794 1605 1979 1809 1158 77 1622 776
1746 1990 1697 1554 1324 677 729 941 1595 1267
768 958 1754 223 1228 1055 481 721 1810 1331
446 1551 335 730 923 773 890 1283 1852 506
484 1586 1963 422 592 1229 152 1496 289 1362
1824 869 1666 143 1784 1745 1971 286 899 871
1788 1158 1809 1605 762 577 1622 913 1979 1311
1090 421 626 267 1847 1787 62 1456 82 1233
1679 1730 1863 625 904 127 1550 696 111 554
354 519 1831 271 1625 889 523 754 1811 1121
1632 717 1557 779 149 881 1387 16 124 1015
1825 763 1490 1423 959 1539 1501 1596 968 609
234 87 1240 199 840 84 813 1629 1215 603
1172 1565 26 1004 1906 1656 805 747 616 534
1486 472 418 1223 854 1578 1193 670 989 1498
810 1124 970 1564 1360 537 799 168 892 464
1859 84 1866 829 1290 1905 1244 87 1599 234
403 1902 1355 1855 571 1941 1391 343 914 34
1415 1522 494 1151 1370 1279 971 1119 1886 529
1268 179 1514 1688 20 1345 314 560 1756 192
778 1029 1651 1238 1732 599 586 27 1450 337
589 1794 1812 1960 1979 1788 1289 1622 311 762
1525 708 257 1497 721 223 1228 1226 1790 839
1226 708 519 58 1525 889 523 271 54 1797
1259 1960 311 589 1809 1919 1289 776 235 808
1223 1564 874 989 168 1822 1682 1451 1439 464
883 1743 1882 826 1646 1602 461 800 561 1327
497 74 479 1047 1674 1167 376 1095 926 819
955 1249 1316 730 1852 1930 1844 1584 1834 1430
1862 858 1460 1444 1663 658 451 1019 1435 836
1077 1676 1383 1989 501 1261 1536 641 1103 1051
573 1368 662 655 1312 1307 1005 102 483 1197
25 1872 122 738 1046 1603 1295 1203 1134 663
473 710 142 1893 338 1708 193 297 770 255
1682 1957 1439 1417 197 1813 764 1407 1451 989
1494 864 1712 943 1598 1305 427 956 396 505
1784 1793 1666 1745 1396 869 1359 978 1007 286
1596 1799 763 912 1501 1539 1490 987 609 664
1145 684 298 1837 860 1851 432 1588 920 1081
420 1437 1482 1596 867 1581 705 1501 1147 1009
1838 1950 903 1067 1148 342 750 759 1144 169
211 744 1910 110 1953 1785 313 1352 221 699
350 167 940 132 78 385 492 1613 1594 37
1991 1797 1711 354 1524 1625 1088 519 1413 546
643 1996 439 1877 1378 661 1134 798 76 226
1888 1643 1396 871 1666 1515 1007 1761 1745 1541
1430 955 596 818 1930 532 1840 1816 1852 944
1670 261 272 822 1526 1518 895 581 1428 1365
987 1775 912 1472 1838 946 1992 619 29 1950
432 1851 1137 1826 298 684 1243 1145 1698 1702
1775 1828 1950 169 619 1836 342 1992 1067 1472
1503 1096 1210 1159 334 524 985 220 1918 538
944 134 532 596 847 1430 1834 95 1464 1164
1380 1191 1063 1846 682 1356 1533 151 1463 1932
1301 837 1102 471 1644 500 1997 224 1262 1222
665 1559 1981 1523 423 1668 1022 570 539 961
1678 1930 460 812 1249 225 1816 532 1430 1757
1195 1465 1099 1424 1061 803 843 1217 108 1914
1841 1406 1356 1191 1932 877 1063 1286 682 1463
1787 1090 421 1795 699 744 1785 626 1756 456
1968 835 1570 1685 1374 541 1498 1486 1661 1292
1535 61 1110 848 208 1778 1734 758 255 1978
814 358 1936 1542 1600 348 72 1549 713 716
1837 158 243 1698 1145 1826 1218 480 432 390
955 506 730 335 1816 818 923 1791 1834 1316
725 1566 1421 1567 1034 640 1408 182 928 1962
1500 810 735 1343 70 1360 970 1401 201 537
1941 343 1805 924 403 378 1902 1093 1508 1391
1886 525 993 1742 372 900 1319 1385 198 1370
876 171 1373 488 605 1478 1107 1915 1399 1942
1470 1781 526 608 1626 329 175 1009 12 1256
1804 1599 829 1244 1884 1905 1290 84 1052 1866
1615 1326 1363 1967 1976 1735 400 1269 467 900
1285 551 752 667 236 633 172 1934 1726 1485
451 1817 1019 1444 836 858 658 1663 1169 1774
696 904 1796 1550 787 990 1371 1679 1106 364
1341 1131 1619 1530 732 1944 1084 1909 270 258
909 391 1079 1224 691 1890 1631 977 1291 1594
1088 1290 1625 1804 87 1244 1711 829 1025 84
1246 645 55 1049 213 627 1136 443 740 547
788 1398 144 1206 36 1871 430 736 153 80
782 33 1627 1894 1123 1380 767 1487 1111 1770
1083 119 1377 1928 1449 1208 1206 80 263 1026
736 675 788 40 1750 80 1398 1868 842 1449
122 1046 1820 1134 1247 1996 738 1877 1603 1203
346 998 683 1607 1170 1447 802 1489 931 538
247 1177 767 219 1553 1664 1123 189 1580 1955
1759 852 373 597 1157 1767 82 1233 129 1520
1435 1006 1663 690 1444 466 790 293 450 1460
1996 643 76 1142 1832 798 11 203 1247 1872
1329 333 425 1547 1429 1382 789 1783 272 1948
69 1913 1617 424 1592 1251 1706 191 135 1012
1005 884 1973 1312 1307 976 126 321 1898 1513
1510 477 1667 1760 17 1054 1459 997 828 1354
1327 712 1814 1575 769 800 1602 1479 291 826
1021 892 1402 516 168 1661 1374 1685 1124 1443
262 1599 281 829 1138 31 1859 10 475 1244
141 1072 875 1899 984 1403 692 1114 150 1680
198 1856 971 525 1385 563 1370 1806 494 1742
632 1214 423 1262 1205 961 1668 1250 1939 1523
1745 1833 871 1541 1396 1643 1666 1266 1761 143
1892 832 937 864 276 468 1305 949 1494 1184
305 1291 909 1631 1865 1613 391 1079 1594 383
1397 147 224 1644 1264 100 584 1234 557 415
937 1889 832 939 1184 864 1924 507 276 452
1708 142 1821 473 174 297 1965 193 846 710
1123 1487 1770 1869 782 1258 879 33 328 1111
1635 1716 1683 1418 237 1673 1336 1982 1089 1904
153 144 36 1118 318 1154 273 670 702 1225
980 737 1227 1699 9 1739 610 1260 1724 649
950 1312 976 1764 1248 1094 1880 655 321 760
1765 692 1680 531 150 1885 793 868 1072 875
965 1987 4 411 1648 1049 627 1582 648 126
194 1480 726 1381 921 681 1169 806 1474 1318
1805 1941 571 1391 403 914 894 777 1855 1355
1181 641 1723 1750 81 1718 1660 1621 1536 1449
1635 220 761 1336 1210 1704 985 1716 1895 1159
1052 84 823 1804 1859 603 862 1599 234 1013
783 1004 748 1565 1294 26 1133 1801 1314 1442
801 887 1199 1610 341 1302 727 903 1576 214
1287 1977 1647 462 1130 594 1935 1590 646 1914
1084 1944 469 1085 1207 1341 861 1864 270 624
1953 1829 1352 110 312 744 221 211 590 1785
1408 928 217 1034 336 1687 1070 1654 116 1566
190 326 231 1152 1073 436 1463 935 1932 330
1251 1879 191 948 729 424 135 69 1592 489
1099 1935 594 1001 1977 1061 113 462 917 1908
1786 853 1478 1505 605 1857 478 1107 1368 256
1267 229 1554 1746 1414 1721 677 882 659 1511
448 619 549 169 1472 1775 733 565 946 1838
334 518 1611 986 1576 1503 1096 1170 341 283
235 311 65 1259 1812 957 589 202 776 1117
1922 649 54 689 1691 296 58 1739 980 251
6 405 1240 562 1587 813 1630 1038 266 1436
1920 54 1691 170 689 296 981 58 251 649
1412 154 1120 100 557 1397 1112 982 206 1357
507 417 1048 45 452 1892 1184 937 1748 964
1388 597 974 1400 83 1157 612 1461 804 1759
796 1948 1442 1294 1560 1722 895 26 1518 534
1714 1297 149 779 16 1031 1583 1956 1632 785
1660 1083 263 119 1449 1304 1723 1870 700 706
1637 969 749 436 1278 330 1152 1054 745 1516
1844 1678 532 1816 1834 812 955 1430 1249 1316
1235 1701 1390 550 1122 866 1469 227 579 367
1340 1463 1406 231 1191 1846 935 1912 682 326
1553 1664 880 1163 623 746 247 1571 1109 1874
236 1250 667 734 582 752 1285 1205 1633 1861
1977 1914 1597 1061 1647 462 1099 1001 1908 113
713 72 1600 1850 1441 1719 358 1542 136 535
454 642 1604 409 1473 680 164 536 1471 704
1610 1584 1183 1316 1283 1249 1302 683 214 346
1540 1250 752 423 665 1285 1523 1887 1726 1934
348 942 716 1702 358 136 1137 1082 939 814
1855 924 1902 914 403 343 1805 1508 1391 859
933 171 488 1519 669 876 994 466 790 438
821 1039 842 40 918 675 656 788 1366 47
1909 1341 1084 1207 527 861 624 1864 1085 1762
1257 975 866 1773 579 161 227 287 647 1186
43 572 133 493 1376 995 1010 1372 617 115
1198 1284 1002 651 960 594 362 1693 462 646
425 895 1926 1518 1560 272 1547 1442 1722 1294
1212 1440 1961 1018 138 496 576 482 715 338
1992 1828 1775 1838 1148 169 1067 1144 1836 903
146 610 1593 1155 784 737 1045 756 553 458
1477 1634 1690 245 1772 1641 1620 21 1221 1069
221 1352 1910 129 312 744 1520 373 1829 82
1562 162 1458 1149 686 173 1299 182 357 323
35 1580 207 189 219 539 1177 1422 845 1874
1204 1409 1766 1104 1714 785 1583 1927 1614 1297
349 197 1822 1509 1682 1407 764 1439 1451 1417
1959 575 1700 429 672 388 936 1361 701 1693
1700 1958 936 1074 701 1361 575 1650 1230 651
1289 1768 1812 1622 1809 808 1259 1311 311 589
325 576 482 1949 1085 1720 1440 1239 1018 1556
725 1976 306 1615 522 1567 392 1363 1421 1326
1586 833 289 587 1792 152 92 592 1229 422
1710 1983 375 361 961 1245 1214 109 1981 1668
1708 1569 441 1893 846 1074 193 142 825 434
995 115 1461 1320 572 1681 1426 1537 1388 1400
1279 1737 1860 467 1735 1419 400 1273 1370 1363
1848 1292 835 1498 1441 541 1570 1685 1252 1374
1348 320 1328 1462 1443 67 1281 279 2 368
0 309 284 585 794 1375 1579 925 185 528
465 1265 1236 286 1784 1614 1793 869 14 503
294 288 274 1582 1113 1101 180 653 426 256
1880 321 1648 317 740 884 411 976 126 443
1087 1179 1630 1709 652 1139 1629 259 1392 840
408 206 1504 1334 922 934 1412 543 88 1120
1615 1326 1962 1363 725 1860 522 1567 392 400
1935 1908 1647 1986 1597 113 1287 1914 462 1061
1778 1110 1507 1734 1717 1023 61 781 1849 1209
91 1649 589 776 1788 1809 249 762 1794 1194
351 238 1646 709 1141 457 1479 1365 581 1602
1568 1843 1668 961 539 1983 361 1022 423 1964
1089 204 1673 368 366 1153 1683 1895 19 1418
1964 1668 1568 1710 361 961 1981 1214 1245 375
1420 568 1544 1438 1255 1425 1168 1065 1098 1114
773 1062 446 890 342 750 1791 1067 923 1551
1456 1977 809 62 1597 267 1287 1647 113 1308
1900 908 648 1457 965 627 50 240 1049 213
1749 1758 23 911 1125 1276 18 792 720 15
1662 857 1043 1818 1103 501 1676 916 1077 1024
1595 1324 1789 677 1746 332 1433 1511 1675 1554
1524 1350 1413 1831 1711 354 546 1367 1088 1025
1950 1148 1144 987 46 664 1836 1775 1828 1539
1424 1484 628 1465 308 322 1738 1217 514 1195
746 189 1422 555 1177 1171 1553 324 631 247
1310 327 1640 644 150 531 1282 870 692 797
1877 1142 1832 122 1247 1872 798 643 972 203
1733 109 375 1214 1262 471 1102 1842 1710 147
